1 102
1 19
1 111
1 163
1 36
1 59
2 174
2 70
2 80
2 161
2 12
2 204
3 115
3 185
3 96
3 169
3 211
3 72
4 67
4 66
4 155
4 179
4 78
4 45
5 135
5 173
5 82
5 153
5 69
5 88
6 169
6 158
6 172
6 138
6 35
6 145
7 83
7 158
7 165
7 10
7 24
7 203
8 196
8 214
8 93
8 208
8 85
8 54
9 118
9 3
9 9
9 81
9 83
9 52
10 108
10 39
10 56
10 41
10 139
10 126
11 87
11 180
11 49
11 89
11 107
11 137
12 170
12 123
12 201
12 7
12 186
12 115
13 197
13 113
13 110
13 22
13 120
13 51
14 98
14 204
14 203
14 77
14 184
14 214
15 82
15 51
15 13
15 42
15 210
15 58
16 136
16 18
16 201
16 83
16 60
16 27
17 209
17 145
17 45
17 162
17 4
17 108
18 112
18 89
18 164
18 79
18 187
18 193
19 193
19 46
19 44
19 195
19 69
19 191
20 183
20 120
20 169
20 42
20 189
20 57
21 41
21 170
21 66
21 76
21 187
21 122
22 187
22 55
22 18
22 83
22 53
22 210
23 133
23 53
23 140
23 75
23 66
23 14
24 111
24 7
24 184
24 109
24 146
24 73
25 121
25 87
25 35
25 123
25 149
25 93
26 22
26 150
26 26
26 90
26 39
26 86
27 125
27 193
27 206
27 100
27 83
27 78
28 183
28 187
28 102
28 94
28 159
28 55
29 12
29 14
29 145
29 60
29 21
29 200
30 68
30 161
30 180
30 142
30 158
30 126
31 144
31 17
31 197
31 177
31 159
31 168
32 117
32 125
32 53
32 56
32 49
32 92
33 103
33 11
33 210
33 165
33 204
33 170
34 111
34 183
34 26
34 43
34 213
34 98
35 151
35 113
35 131
35 4
35 51
35 50
36 144
36 146
36 25
36 205
36 139
36 57
37 38
37 65
37 171
37 51
37 16
37 72
38 19
38 213
38 54
38 197
38 201
38 95
39 180
39 72
39 182
39 34
39 79
39 28
40 94
40 152
40 3
40 55
40 42
40 76
41 69
41 51
41 210
41 23
41 84
41 118
42 136
42 169
42 63
42 209
42 110
42 127
43 141
43 17
43 99
43 145
43 23
43 6
44 141
44 40
44 172
44 89
44 143
44 48
45 7
45 99
45 201
45 158
45 189
45 57
46 206
46 112
46 39
46 107
46 84
46 197
47 122
47 44
47 33
47 143
47 96
47 7
48 77
48 26
48 102
48 124
48 141
48 7
49 179
49 123
49 191
49 23
49 26
49 174
50 209
50 122
50 18
50 211
50 173
50 10
51 143
51 77
51 197
51 86
51 71
51 88
52 29
52 16
52 114
52 210
52 195
52 138
53 44
53 173
53 187
53 33
53 140
53 166
54 60
54 42
54 56
54 30
54 160
54 173
55 163
55 68
55 37
55 70
55 185
55 29
56 53
56 123
56 82
56 61
56 183
56 86
57 133
57 111
57 20
57 66
57 189
57 191
58 140
58 71
58 198
58 194
58 93
58 55
59 87
59 4
59 100
59 65
59 32
59 60
60 39
60 73
60 4
60 58
60 107
60 151
61 213
61 159
61 210
61 214
61 19
61 162
62 84
62 29
62 113
62 65
62 115
62 96
63 201
63 206
63 180
63 125
63 119
63 139
64 22
64 133
64 4
64 72
64 51
64 17
65 167
65 212
65 132
65 38
65 144
65 178
66 96
66 87
66 3
66 113
66 205
66 15
67 176
67 200
67 115
67 34
67 186
67 74
68 48
68 136
68 115
68 66
68 189
68 139
69 149
69 60
69 156
69 139
69 146
69 1
70 89
70 6
70 80
70 13
70 138
70 200
71 118
71 86
71 49
71 169
71 209
71 178
72 30
72 142
72 7
72 196
72 75
72 51
73 192
73 211
73 214
73 170
73 1
73 161
74 32
74 15
74 138
74 34
74 174
74 171
75 148
75 194
75 171
75 90
75 135
75 126
76 30
76 3
76 50
76 53
76 103
76 195
77 182
77 184
77 5
77 174
77 198
77 72
78 112
78 148
78 167
78 76
78 114
78 187
79 102
79 82
79 66
79 64
79 119
79 136
80 208
80 70
80 49
80 181
80 121
80 153
81 168
81 57
81 132
81 27
81 210
81 54
82 138
82 31
82 124
82 187
82 7
82 43
83 214
83 24
83 9
83 25
83 141
83 12
84 173
84 8
84 178
84 214
84 115
84 28
85 48
85 22
85 26
85 28
85 17
85 121
86 213
86 4
86 207
86 33
86 15
86 146
87 158
87 160
87 101
87 103
87 47
87 122
88 34
88 92
88 185
88 28
88 177
88 112
89 190
89 60
89 114
89 98
89 59
89 69
90 199
90 138
90 24
90 25
90 144
90 169
91 74
91 27
91 59
91 101
91 22
91 144
92 198
92 168
92 144
92 197
92 177
92 16
93 213
93 28
93 22
93 2
93 186
93 59
94 173
94 176
94 143
94 182
94 64
94 13
95 170
95 203
95 75
95 71
95 26
95 214
96 10
96 60
96 68
96 32
96 186
96 179
97 187
97 59
97 33
97 116
97 125
97 193
98 145
98 38
98 178
98 61
98 162
98 114
99 186
99 140
99 142
99 23
99 46
99 48
100 27
100 0
100 104
100 106
100 3
100 169
101 213
101 136
101 83
101 163
101 151
101 13
102 94
102 9
102 29
102 211
102 66
102 91
103 161
103 48
103 100
103 42
103 40
103 104
104 108
104 46
104 134
104 36
104 28
104 121
105 198
105 28
105 7
105 48
105 81
105 104
106 126
106 157
106 44
106 203
106 19
106 46
107 213
107 63
107 112
107 190
107 129
107 131
108 114
108 139
108 115
108 23
108 52
108 28
109 78
109 122
109 151
109 21
109 22
109 134
110 127
110 96
110 171
110 35
110 44
110 108
111 15
111 53
111 6
111 178
111 88
111 54
112 103
112 40
112 23
112 41
112 105
112 125
113 78
113 111
113 114
113 107
113 202
113 213
114 98
114 75
114 76
114 118
114 196
114 167
115 144
115 78
115 98
115 146
115 5
115 147
116 123
116 6
116 195
116 61
116 134
116 191
117 104
117 27
117 214
117 185
117 149
117 87
118 103
118 28
118 94
118 141
118 95
118 200
119 158
119 60
119 134
119 8
119 93
119 171
120 160
120 156
120 34
120 119
120 210
120 103
121 112
121 18
121 135
121 54
121 115
121 163
122 14
122 158
122 16
122 102
122 142
122 159
123 206
123 133
123 23
123 31
123 183
123 7
124 40
124 92
124 85
124 26
124 63
124 142
125 22
125 1
125 103
125 26
125 146
125 56
126 176
126 80
126 213
126 42
126 30
126 45
127 61
127 72
127 161
127 163
127 208
127 159
128 36
128 181
128 134
128 97
128 68
128 22
129 202
129 70
129 17
129 64
129 19
129 109
130 0
130 46
130 25
130 60
130 167
130 183
131 136
131 59
131 183
131 79
131 52
131 86
132 103
132 56
132 196
132 100
132 57
132 123
133 126
133 101
133 213
133 5
133 111
133 52
134 202
134 204
134 211
134 146
134 155
134 197
135 181
135 179
135 64
135 124
135 168
135 20
136 74
136 16
136 184
136 191
136 163
136 91
137 11
137 158
137 92
137 149
137 178
137 54
138 114
138 73
138 57
138 155
138 71
138 88
139 40
139 3
139 64
139 54
139 146
139 12
140 129
140 138
140 191
140 181
140 38
140 95
141 107
141 158
141 15
141 171
141 145
141 173
142 147
142 132
142 2
142 79
142 134
142 12
143 210
143 49
143 154
143 105
143 202
143 119
144 119
144 156
144 122
144 49
144 51
144 158
145 21
145 75
145 70
145 53
145 121
145 198
146 22
146 204
146 64
146 123
146 191
146 102
147 213
147 202
147 40
147 122
147 177
147 124
148 49
148 66
148 109
148 77
148 167
148 43
149 97
149 59
149 44
149 143
149 146
149 4
150 144
150 23
150 63
150 103
150 167
150 149
151 88
151 18
151 152
151 130
151 91
151 107
152 117
152 175
152 183
152 187
152 142
152 23
153 100
153 50
153 195
153 51
153 43
153 197
154 154
154 135
154 181
154 61
154 3
154 25
155 48
155 41
155 28
155 174
155 145
155 116
156 91
156 1
156 179
156 54
156 188
156 207
157 55
157 91
157 53
157 83
157 161
157 100
158 73
158 159
158 121
158 211
158 199
158 173
159 12
159 39
159 80
159 99
159 23
159 14
160 7
160 173
160 104
160 203
160 195
160 67
161 32
161 121
161 97
161 138
161 184
161 114
162 140
162 129
162 131
162 45
162 107
162 105
163 179
163 114
163 75
163 177
163 104
163 20
164 63
164 4
164 191
164 100
164 24
164 203
165 126
165 109
165 45
165 142
165 147
165 127
166 158
166 74
166 82
166 3
166 9
166 169
167 149
167 14
167 32
167 5
167 37
167 66
168 190
168 30
168 178
168 3
168 205
168 95
169 33
169 192
169 74
169 1
169 81
169 3
170 210
170 197
170 65
170 88
170 198
170 208
171 48
171 209
171 176
171 149
171 84
171 129
172 161
172 123
172 168
172 31
172 34
172 194
173 188
173 111
173 164
173 33
173 184
173 57
174 143
174 40
174 168
174 127
174 24
174 80
175 138
175 50
175 121
175 64
175 13
175 111
176 18
176 195
176 173
176 30
176 122
176 135
177 115
177 175
177 15
177 59
177 62
177 25
178 125
178 19
178 38
178 21
178 40
178 3
179 113
179 19
179 35
179 45
179 174
179 111
180 100
180 114
180 136
180 137
180 158
180 139
181 20
181 179
181 167
181 92
181 36
181 22
182 159
182 194
182 78
182 34
182 69
182 155
183 52
183 126
183 91
183 132
183 185
183 129
184 183
184 168
184 18
184 31
184 138
184 64
185 102
185 143
185 73
185 164
185 189
185 95
186 78
186 11
186 12
186 84
186 146
186 73
187 92
187 115
187 181
187 141
187 191
187 137
188 154
188 16
188 71
188 65
188 100
188 31
189 141
189 69
189 6
189 151
189 31
189 173
190 188
190 214
190 0
190 166
190 3
190 146
191 85
191 72
191 156
191 59
191 81
191 149
192 12
192 22
192 174
192 89
192 14
192 1
193 189
193 111
193 98
193 59
193 138
193 207
194 187
194 191
194 15
194 137
194 75
194 32
195 31
195 100
195 130
195 17
195 171
195 182
196 78
196 105
196 193
196 118
196 113
196 187
197 32
197 107
197 43
197 41
197 185
197 86
198 135
198 7
198 187
198 200
198 108
198 201
199 22
199 213
199 63
199 10
199 3
199 158
200 59
200 72
200 19
200 158
200 131
200 27
201 53
201 81
201 160
201 43
201 1
201 54
202 76
202 55
202 49
202 171
202 109
202 162
203 107
203 4
203 28
203 187
203 83
203 184
204 28
204 98
204 33
204 200
204 20
204 31
205 167
205 77
205 193
205 200
205 59
205 137
206 185
206 192
206 156
206 174
206 205
206 207
207 129
207 60
207 182
207 126
207 127
207 32
208 123
208 102
208 118
208 25
208 130
208 60
209 163
209 33
209 26
209 69
209 81
209 28
210 182
210 6
210 98
210 149
210 31
210 184
211 198
211 81
211 36
211 101
211 189
211 74
212 46
212 188
212 129
212 27
212 31
212 70
213 15
213 167
213 91
213 194
213 87
213 208
214 86
214 72
214 193
214 125
214 111
214 163
215 27
215 131
215 54
215 28
215 107
215 198
216 116
216 5
216 128
216 31
216 130
216 190
217 89
217 86
217 118
217 53
217 114
217 71
218 55
218 101
218 182
218 89
218 14
218 184
219 200
219 53
219 64
219 13
219 82
219 46
220 31
220 4
220 29
220 150
220 200
220 69
221 187
221 56
221 199
221 213
221 107
221 129
222 81
222 75
222 25
222 45
222 168
222 83
223 130
223 19
223 203
223 21
223 98
223 188
224 120
224 181
224 196
224 138
224 23
224 36
225 132
225 164
225 195
225 43
225 197
225 214
226 86
226 14
226 79
226 152
226 3
226 75
227 168
227 87
227 127
227 179
227 160
227 9
228 83
228 43
228 186
228 116
228 85
228 86
229 107
229 146
229 189
229 9
229 67
229 135
230 179
230 166
230 0
230 123
230 111
230 181
231 160
231 142
231 202
231 198
231 7
231 173
232 144
232 109
232 71
232 98
232 149
232 21
233 24
233 184
233 124
233 186
233 65
233 191
234 85
234 26
234 161
234 48
234 77
234 28
235 184
235 129
235 131
235 16
235 50
235 45
236 111
236 91
236 54
236 18
236 199
236 43
237 100
237 102
237 133
237 75
237 126
237 96
238 73
238 78
238 99
238 142
238 162
238 102
239 111
239 149
239 158
239 130
239 29
239 155
240 181
240 96
240 15
240 147
240 62
240 208
241 194
241 202
241 89
241 5
241 151
241 213
242 89
242 142
242 132
242 195
242 186
242 63
243 119
243 91
243 184
243 121
243 115
243 79
244 150
244 4
244 73
244 7
244 138
244 15
245 53
245 181
245 91
245 17
245 57
245 67
246 113
246 55
246 8
246 202
246 161
246 35
247 10
247 18
247 12
247 146
247 159
247 139
248 17
248 93
248 15
248 198
248 49
248 31
249 21
249 45
249 161
249 163
249 10
249 3
250 166
250 129
250 182
250 168
250 25
250 184
251 114
251 76
251 3
251 115
251 214
251 188
252 3
252 6
252 140
252 70
252 193
252 136
253 12
253 61
253 165
253 127
253 14
253 32
254 98
254 105
254 192
254 34
254 161
254 112
255 81
255 175
255 189
255 100
255 45
255 184
256 112
256 53
256 11
256 31
256 68
256 98
257 147
257 6
257 206
257 141
257 65
257 26
258 102
258 101
258 78
258 91
258 112
258 198
259 16
259 108
259 125
259 51
259 151
259 120
260 184
260 48
260 168
260 98
260 6
260 63
261 174
261 169
261 65
261 140
261 25
261 79
262 195
262 203
262 115
262 171
262 17
262 169
263 203
263 14
263 52
263 20
263 108
263 149
264 59
264 75
264 143
264 61
264 154
264 210
265 213
265 51
265 22
265 71
265 31
265 21
266 74
266 164
266 193
266 29
266 85
266 31
267 96
267 53
267 149
267 129
267 68
267 99
268 181
268 38
268 185
268 70
268 89
268 100
269 141
269 211
269 147
269 0
269 136
269 18
270 128
270 13
270 66
270 134
270 97
270 38
271 158
271 97
271 173
271 156
271 198
271 91
272 103
272 19
272 14
272 153
272 63
272 142
273 101
273 169
273 136
273 137
273 73
273 59
274 214
274 198
274 87
274 79
274 13
274 10
275 69
275 34
275 72
275 139
275 25
275 10
276 188
276 145
276 149
276 196
276 109
276 3
277 89
277 101
277 14
277 60
277 213
277 81
278 213
278 6
278 185
278 34
278 25
278 143
279 112
279 149
279 116
279 166
279 79
279 85
280 156
280 122
280 7
280 27
280 18
280 53
281 35
281 169
281 112
281 119
281 31
281 71
282 144
282 98
282 129
282 26
282 78
282 174
283 187
283 63
283 9
283 196
283 203
283 74
284 149
284 70
284 109
284 17
284 125
284 112
285 42
285 145
285 24
285 31
285 9
285 177
286 32
286 139
286 211
286 154
286 16
286 50
287 136
287 70
287 32
287 128
287 50
287 163
288 105
288 194
288 60
288 214
288 76
288 65
289 53
289 79
289 115
289 175
289 147
289 159
290 57
290 183
290 116
290 76
290 80
290 194
291 98
291 107
291 10
291 99
291 142
291 32
292 55
292 82
292 210
292 189
292 85
292 83
293 186
293 151
293 153
293 19
293 201
293 163
294 27
294 128
294 183
294 109
294 65
294 185
295 141
295 102
295 38
295 32
295 50
295 131
296 56
296 170
296 158
296 183
296 160
296 16
297 167
297 201
297 43
297 125
297 109
297 188
298 198
298 24
298 107
298 105
298 34
298 213
299 91
299 60
299 164
299 193
299 141
299 186
300 78
300 126
300 115
300 179
300 169
300 123
301 100
301 200
301 154
301 46
301 36
301 7
302 68
302 82
302 138
302 60
302 175
302 190
303 79
303 130
303 28
303 42
303 131
303 26
304 60
304 84
304 92
304 48
304 139
304 86
305 108
305 204
305 65
305 67
305 89
305 87
306 93
306 117
306 107
306 199
306 27
306 112
307 100
307 161
307 141
307 92
307 25
307 82
308 43
308 98
308 96
308 191
308 204
308 92
309 198
309 65
309 122
309 52
309 56
309 31
310 171
310 204
310 104
310 60
310 27
310 74
311 66
311 152
311 214
311 141
311 81
311 158
312 114
312 207
312 6
312 16
312 209
312 45
313 25
313 24
313 78
313 187
313 196
313 188
314 154
314 103
314 137
314 128
314 78
314 208
315 149
315 100
315 192
315 19
315 115
315 86
316 48
316 167
316 193
316 182
316 52
316 138
317 143
317 92
317 54
317 82
317 56
317 80
318 72
318 163
318 125
318 77
318 89
318 17
319 34
319 85
319 73
319 55
319 53
319 139
320 71
320 59
320 154
320 198
320 92
320 63
321 99
321 130
321 91
321 96
321 98
321 138
322 78
322 102
322 181
322 91
322 200
322 107
323 36
323 112
323 129
323 195
323 120
323 121
324 81
324 174
324 207
324 126
324 83
324 107
325 85
325 188
325 14
325 59
325 18
325 72
326 201
326 158
326 6
326 145
326 81
326 199
327 178
327 59
327 8
327 114
327 150
327 94
328 49
328 213
328 79
328 185
328 134
328 191
329 153
329 76
329 147
329 14
329 193
329 213
330 210
330 33
330 51
330 112
330 94
330 114
331 103
331 97
331 55
331 206
331 214
331 0
332 135
332 71
332 181
332 6
332 40
332 182
333 154
333 181
333 206
333 131
333 169
333 160
334 102
334 46
334 7
334 63
334 209
334 36
335 193
335 169
335 161
335 89
335 137
335 107
336 91
336 164
336 160
336 96
336 154
336 178
337 149
337 48
337 208
337 96
337 198
337 28
338 132
338 103
338 73
338 141
338 27
338 213
339 119
339 71
339 64
339 207
339 8
339 60
340 141
340 36
340 195
340 176
340 144
340 32
341 92
341 184
341 114
341 149
341 6
341 19
342 119
342 27
342 78
342 50
342 176
342 95
343 48
343 31
343 29
343 103
343 46
343 84
344 89
344 132
344 123
344 21
344 101
344 149
345 87
345 204
345 34
345 147
345 37
345 145
346 34
346 188
346 133
346 104
346 6
346 170
347 147
347 16
347 102
347 200
347 14
347 208
348 174
348 139
348 79
348 154
348 213
348 100
349 164
349 80
349 48
349 182
349 186
349 147
350 18
350 131
350 46
350 22
350 13
350 169
351 207
351 107
351 150
351 187
351 31
351 25
352 63
352 200
352 168
352 24
352 49
352 104
353 93
353 156
353 21
353 202
353 142
353 139
354 18
354 166
354 193
354 91
354 151
354 204
355 177
355 119
355 36
355 173
355 141
355 159
356 18
356 113
356 87
356 162
356 194
356 59
357 11
357 31
357 104
357 137
357 24
357 190
358 26
358 208
358 94
358 211
358 166
358 101
359 59
359 61
359 179
359 113
359 28
359 202
360 198
360 51
360 40
360 209
360 169
360 71
361 207
361 77
361 151
361 48
361 196
361 112
362 94
362 107
362 188
362 146
362 28
362 142
363 43
363 46
363 178
363 104
363 164
363 54
364 95
364 139
364 24
364 193
364 16
364 72
365 35
365 71
365 101
365 166
365 31
365 213
366 1
366 154
366 135
366 202
366 163
366 141
367 135
367 69
367 202
367 104
367 49
367 22
368 95
368 73
368 161
368 53
368 173
368 9
369 20
369 211
369 23
369 159
369 189
369 171
370 204
370 190
370 173
370 48
370 124
370 10
371 91
371 12
371 100
371 147
371 194
371 31
372 127
372 160
372 31
372 91
372 32
372 115
373 31
373 52
373 120
373 194
373 214
373 36
374 49
374 145
374 59
374 60
374 137
374 38
375 132
375 97
375 183
375 55
375 104
375 181
376 181
376 34
376 32
376 23
376 119
376 123
377 165
377 0
377 213
377 61
377 49
377 51
378 87
378 96
378 10
378 59
378 143
378 77
379 77
379 38
379 100
379 85
379 35
379 150
380 14
380 16
380 35
380 128
380 91
380 66
381 91
381 207
381 173
381 117
381 79
381 208
382 53
382 78
382 72
382 23
382 63
382 19
383 179
383 188
383 156
383 91
383 19
383 99
384 165
384 46
384 211
384 126
384 72
384 159
385 65
385 112
385 50
385 132
385 6
385 92
386 185
386 193
386 83
386 205
386 124
386 141
387 211
387 20
387 178
387 140
387 12
387 162
388 101
388 154
388 107
388 108
388 56
388 95
389 124
389 209
389 202
389 169
389 100
389 46
390 115
390 117
390 75
390 78
390 214
390 55
391 18
391 198
391 36
391 144
391 59
391 195
392 120
392 211
392 85
392 203
392 169
392 144
393 84
393 77
393 19
393 16
393 125
393 86
394 35
394 12
394 122
394 46
394 144
394 154
395 163
395 109
395 169
395 199
395 194
395 195
396 152
396 53
396 36
396 124
396 57
396 192
397 16
397 48
397 166
397 73
397 71
397 170
398 187
398 39
398 14
398 3
398 202
398 24
399 56
399 22
399 122
399 61
399 124
399 206
400 147
400 3
400 5
400 40
400 195
400 48
401 181
401 109
401 70
401 79
401 191
401 114
402 112
402 48
402 19
402 22
402 32
402 138
403 9
403 4
403 95
403 105
403 135
403 31
404 112
404 72
404 74
404 77
404 46
404 51
405 209
405 59
405 18
405 21
405 179
405 73
406 186
406 166
406 92
406 152
406 25
406 94
407 187
407 29
407 80
407 130
407 74
407 24
408 48
408 63
408 12
408 173
408 209
408 138
409 156
409 132
409 50
409 176
409 174
409 108
410 189
410 91
410 163
410 23
410 11
410 3
411 132
411 139
411 35
411 186
411 140
411 19
412 163
412 165
412 184
412 187
412 64
412 67
413 183
413 0
413 139
413 85
413 12
413 200
414 14
414 190
414 39
414 81
414 181
414 83
415 75
415 7
415 142
415 191
415 77
415 79
416 207
416 163
416 75
416 85
416 196
416 173
417 12
417 203
417 187
417 75
417 154
417 158
418 0
418 40
418 41
418 80
418 67
418 12
419 142
419 8
419 167
419 92
419 115
419 127
420 85
420 107
420 187
420 33
420 57
420 80
421 178
421 107
421 147
421 188
421 65
421 4
422 208
422 181
422 77
422 84
422 144
422 122
423 184
423 205
423 128
423 116
423 91
423 207
424 135
424 188
424 179
424 46
424 77
424 59
425 78
425 122
425 165
425 8
425 138
425 38
426 91
426 92
426 102
426 147
426 144
426 177
427 31
427 13
427 118
427 171
427 100
427 11
428 161
428 177
428 179
428 199
428 188
428 99
429 175
429 165
429 22
429 173
429 150
429 65
430 32
430 131
430 152
430 21
430 63
430 10
431 196
431 73
431 198
431 149
431 115
431 206
432 109
432 116
432 125
432 32
432 6
432 187
433 24
433 72
433 175
433 38
433 49
433 91
434 68
434 137
434 12
434 181
434 75
434 22
435 38
435 66
435 144
435 33
435 16
435 112
436 63
436 7
436 53
436 85
436 91
436 161
437 155
437 135
437 26
437 31
437 175
437 59
438 112
438 98
438 169
438 72
438 103
438 167
439 98
439 193
439 46
439 35
439 112
439 136
440 49
440 202
440 35
440 158
440 205
440 184
441 18
441 135
441 112
441 59
441 91
441 52
442 117
442 127
442 7
442 52
442 203
442 4
443 123
443 6
443 130
443 0
443 144
443 20
444 211
444 19
444 189
444 191
444 46
444 104
445 3
445 107
445 48
445 66
445 42
445 91
446 11
446 29
446 41
446 64
446 69
446 152
447 63
447 208
447 50
447 149
447 121
447 3
448 139
448 112
448 213
448 160
448 19
448 187
449 80
449 178
449 61
449 179
449 168
449 149
450 59
450 27
450 182
450 17
450 163
450 201
451 128
451 144
451 23
451 173
451 210
451 188
452 50
452 103
452 85
452 35
452 61
452 83
453 107
453 67
453 69
453 99
453 5
453 21
454 210
454 129
454 33
454 35
454 71
454 17
455 156
455 46
455 73
455 79
455 95
455 149
456 46
456 52
456 11
456 204
456 3
456 82
457 179
457 11
457 73
457 20
457 125
457 96
458 204
458 203
458 10
458 178
458 17
458 135
459 53
459 77
459 152
459 175
459 73
459 75
460 23
460 93
460 31
460 95
460 36
460 63
461 135
461 112
461 39
461 208
461 152
461 19
462 196
462 32
462 96
462 46
462 109
462 160
463 166
463 118
463 91
463 117
463 53
463 7
464 21
464 160
464 167
464 84
464 176
464 77
465 0
465 210
465 135
465 213
465 35
465 38
466 191
466 165
466 73
466 63
466 198
466 181
467 46
467 21
467 25
467 10
467 144
467 161
468 79
468 28
468 214
468 10
468 31
468 135
469 123
469 176
469 20
469 91
469 140
469 207
470 125
470 59
470 141
470 128
470 160
470 80
471 64
471 151
471 171
471 182
471 105
471 48
472 122
472 205
472 149
472 19
472 118
472 97
473 79
473 191
473 101
473 138
473 31
473 84
474 16
474 165
474 43
474 166
474 49
474 100
475 82
475 35
475 70
475 178
475 95
475 77
476 48
476 188
476 158
476 79
476 72
476 115
477 85
477 119
477 71
477 82
477 91
477 46
478 92
478 170
478 195
478 163
478 42
478 79
479 200
479 52
479 79
479 107
479 41
479 43
480 198
480 149
480 150
480 175
480 43
480 83
481 145
481 191
481 105
481 72
481 86
481 6
482 12
482 48
482 72
482 95
482 119
482 165
483 207
483 99
483 171
483 65
483 126
483 77
484 25
484 14
484 3
484 46
484 86
484 213
485 149
485 175
485 179
485 209
485 70
485 82
486 117
486 7
486 130
486 87
486 168
486 35
487 213
487 94
487 28
487 149
487 42
487 71
488 124
488 178
488 214
488 120
488 140
488 150
489 63
489 14
489 31
489 3
489 115
489 77
490 186
490 71
490 199
490 143
490 46
490 175
491 162
491 7
491 142
491 122
491 203
491 75
492 79
492 178
492 57
492 205
492 168
492 99
493 69
493 23
493 53
493 202
493 136
493 178
494 3
494 130
494 195
494 173
494 112
494 91
495 184
495 64
495 69
495 35
495 126
495 143
496 200
496 114
496 28
496 80
496 108
496 181
497 141
497 210
497 67
497 99
497 51
497 125
498 144
498 209
498 91
498 53
498 125
498 119
499 20
499 46
499 107
499 105
499 52
499 187
500 11
500 29
500 32
500 14
500 139
500 121
501 46
501 126
501 114
501 23
501 135
501 99
502 16
502 181
502 4
502 31
502 12
502 6
503 156
503 133
503 94
503 158
503 109
503 193
504 112
504 3
504 183
504 5
504 135
504 185
505 38
505 204
505 166
505 64
505 113
505 48
506 149
506 36
506 160
506 42
506 202
506 75
507 190
507 14
507 91
507 33
507 184
507 131
508 12
508 35
508 39
508 101
508 142
508 79
509 3
509 156
509 56
509 200
509 149
509 43
510 120
510 194
510 80
510 107
510 214
510 206
511 75
511 22
511 151
511 213
511 12
511 177
512 65
512 27
512 193
512 87
512 77
512 171
513 186
513 80
513 32
513 204
513 35
513 10
514 59
514 107
514 127
514 179
514 55
514 65
515 60
515 156
515 100
515 38
515 7
515 123
516 184
516 119
516 121
516 213
516 48
516 31
517 50
517 198
517 51
517 4
517 91
517 181
518 48
518 124
518 168
518 213
518 4
518 127
519 105
519 158
519 156
519 97
519 177
519 167
520 187
520 31
520 10
520 79
520 64
520 17
521 126
521 156
521 206
521 60
521 46
521 127
522 38
522 209
522 50
522 207
522 203
522 46
523 143
523 169
523 71
523 102
523 131
523 171
524 128
524 120
524 91
524 32
524 139
524 195
525 125
525 65
525 185
525 129
525 100
525 19
526 213
526 173
526 206
526 136
526 123
526 94
527 86
527 12
527 149
527 179
527 85
527 93
528 105
528 50
528 131
528 123
528 145
528 211
529 55
529 53
529 25
529 115
529 57
529 92
530 64
530 160
530 107
530 14
530 16
530 150
531 109
531 170
531 185
531 194
531 208
531 118
532 77
532 56
532 149
532 117
532 153
532 19
533 113
533 150
533 130
533 8
533 81
533 107
534 91
534 144
534 43
534 81
534 187
534 112
535 36
535 193
535 19
535 124
535 205
535 143
536 12
536 61
536 112
536 153
536 201
536 168
537 46
537 143
537 79
537 43
537 210
537 48
538 70
538 143
538 36
538 158
538 63
538 171
539 10
539 150
539 182
539 86
539 213
539 102
540 213
540 12
540 3
540 149
540 66
540 160
541 137
541 200
541 171
541 206
541 177
541 43
542 100
542 93
542 31
542 95
542 158
542 163
543 211
543 94
543 142
543 138
543 126
543 64
544 12
544 101
544 21
544 156
544 139
544 32
545 3
545 199
545 77
545 91
545 27
545 31
546 207
546 176
546 117
546 192
546 190
546 49
547 93
547 152
547 46
547 109
547 39
547 204
548 141
548 94
548 158
548 149
548 31
548 91
549 57
549 7
549 92
549 16
549 79
549 82
550 3
550 175
550 25
550 207
550 107
550 53
551 61
551 108
551 40
551 95
551 201
551 91
552 188
552 77
552 16
552 165
552 43
552 166
553 68
553 200
553 175
553 211
553 170
553 19
554 65
554 50
554 97
554 19
554 131
554 200
555 31
555 64
555 103
555 189
555 125
555 205
556 91
556 33
556 128
556 184
556 150
556 35
557 20
557 140
557 17
557 131
557 149
557 22
558 181
558 77
558 153
558 100
558 137
558 210
559 123
559 102
559 81
559 14
559 67
559 69
560 5
560 61
560 77
560 109
560 43
560 10
561 202
561 130
561 17
561 176
561 77
561 178
562 5
562 145
562 59
562 196
562 61
562 139
563 69
563 175
563 91
563 95
563 16
563 129
564 77
564 46
564 138
564 181
564 10
564 208
565 151
565 10
565 160
565 97
565 38
565 173
566 67
566 165
566 193
566 98
566 199
566 166
567 12
567 176
567 179
567 10
567 187
567 48
568 0
568 77
568 123
568 194
568 73
568 14
569 205
569 173
569 132
569 83
569 8
569 158
570 120
570 118
570 198
570 200
570 107
570 81
571 80
571 123
571 27
571 158
571 19
571 213
572 97
572 13
572 48
572 194
572 118
572 32
573 188
573 162
573 55
573 75
573 109
573 42
574 68
574 65
574 199
574 77
574 201
574 203
575 213
575 93
575 86
575 1
575 156
575 32
576 149
576 198
576 60
576 161
576 114
576 128
577 213
577 118
577 4
577 199
577 163
577 48
578 32
578 91
578 211
578 208
578 124
578 56
579 87
579 149
579 108
579 36
579 67
579 133
580 152
580 19
580 209
580 143
580 150
580 85
581 206
581 59
581 156
581 100
581 57
581 14
582 8
582 9
582 143
582 12
582 107
582 162
583 113
583 85
583 198
583 3
583 48
583 91
584 27
584 63
584 12
584 116
584 171
584 60
585 206
585 112
585 54
585 25
585 192
585 153
586 129
586 206
586 41
586 87
586 80
586 19
587 103
587 91
587 163
587 138
587 127
587 207
588 144
588 6
588 193
588 168
588 149
588 210
589 143
589 204
589 171
589 59
589 107
589 136
590 85
590 156
590 97
590 7
590 107
590 113
591 104
591 181
591 82
591 168
591 79
591 205
592 75
592 194
592 206
592 48
592 70
592 63
593 191
593 75
593 126
593 115
593 175
593 77
594 173
594 208
594 127
594 49
594 145
594 112
595 98
595 79
595 91
595 177
595 3
595 210
596 0
596 73
596 64
596 38
596 175
596 19
597 105
597 179
597 59
597 33
597 29
597 91
598 99
598 31
598 80
598 167
598 149
598 185
599 19
599 213
599 151
599 139
599 124
599 158
600 188
600 79
600 54
600 97
600 150
600 23
601 23
601 137
601 118
601 204
601 87
601 156
602 213
602 70
602 123
602 53
602 39
602 161
603 31
603 53
603 126
603 93
603 105
603 23
604 132
604 6
604 98
604 145
604 48
604 24
605 41
605 67
605 123
605 117
605 79
605 48
606 139
606 63
606 72
606 177
606 188
606 97
607 133
607 167
607 170
607 205
607 198
607 38
608 149
608 48
608 66
608 112
608 72
608 191
609 133
609 114
609 120
609 135
609 117
609 137
610 186
610 64
610 52
610 14
610 154
610 59
611 175
611 87
611 179
611 67
611 167
611 21
612 214
612 138
612 168
612 77
612 194
612 181
613 83
613 48
613 1
613 181
613 196
613 82
614 153
614 91
614 138
614 135
614 103
614 23
615 77
615 38
615 140
615 120
615 1
615 132
616 9
616 169
616 199
616 1
616 158
616 118
617 137
617 21
617 32
617 125
617 35
617 144
618 210
618 128
618 149
618 19
618 59
618 91
619 199
619 167
619 156
619 79
619 165
619 48
620 79
620 63
620 80
620 151
620 102
620 149
621 99
621 122
621 71
621 9
621 115
621 112
622 149
622 151
622 81
622 176
622 13
622 67
623 202
623 154
623 91
623 63
623 173
623 21
624 48
624 213
624 173
624 59
624 3
624 42
625 54
625 85
625 83
625 82
625 170
625 51
626 53
626 96
626 179
626 19
626 203
626 205
627 79
627 35
627 48
627 193
627 94
627 87
628 206
628 151
628 194
628 115
628 28
628 100
629 130
629 107
629 48
629 16
629 35
629 119
630 132
630 59
630 175
630 35
630 115
630 108
631 121
631 7
631 20
631 100
631 167
631 160
632 107
632 108
632 40
632 119
632 4
632 125
633 6
633 192
633 33
633 167
633 161
633 9
634 115
634 149
634 61
634 19
634 137
634 97
635 132
635 143
635 149
635 200
635 206
635 176
636 79
636 152
636 98
636 81
636 109
636 210
637 38
637 91
637 71
637 53
637 200
637 186
638 84
638 20
638 150
638 213
638 86
638 200
639 97
639 193
639 39
639 65
639 77
639 122
640 144
640 49
640 7
640 51
640 68
640 156
641 213
641 75
641 214
641 119
641 8
641 77
642 0
642 181
642 173
642 118
642 49
642 14
643 207
643 107
643 33
643 69
643 198
643 94
644 105
644 92
644 188
644 107
644 213
644 26
645 124
645 79
645 203
645 54
645 185
645 206
646 41
646 126
646 115
646 194
646 64
646 199
647 176
647 3
647 138
647 160
647 140
647 136
648 73
648 0
648 95
648 107
648 60
648 9
649 35
649 156
649 69
649 27
649 143
649 202
650 189
650 92
650 176
650 118
650 108
650 12
651 57
651 149
651 36
651 117
651 150
651 71
652 158
652 159
652 124
652 149
652 53
652 151
653 85
653 152
653 213
653 175
653 178
653 209
654 91
654 144
654 71
654 195
654 73
654 28
655 164
655 101
655 156
655 211
655 103
655 159
656 94
656 48
656 188
656 22
656 185
656 167
657 83
657 171
657 79
657 24
657 198
657 107
658 75
658 22
658 7
658 16
658 176
658 189
659 68
659 16
659 117
659 190
659 48
659 107
660 137
660 109
660 171
660 91
660 179
660 79
661 42
661 153
661 156
661 48
661 145
661 59
662 73
662 181
662 182
662 179
662 8
662 128
663 24
663 109
663 3
663 185
663 1
663 93
664 54
664 179
664 182
664 75
664 66
664 63
665 123
665 19
665 52
665 196
665 6
665 91
666 209
666 39
666 204
666 124
666 182
666 59
667 105
667 125
667 27
667 184
667 52
667 162
668 187
668 31
668 210
668 125
668 105
668 12
669 129
669 12
669 132
669 14
669 195
669 84
670 199
670 132
670 118
670 35
670 161
670 79
671 102
671 124
671 19
671 121
671 149
671 38
672 101
672 149
672 136
672 64
672 120
672 66
673 149
673 92
673 151
673 129
673 70
673 0
674 54
674 56
674 144
674 168
674 5
674 75
675 121
675 91
675 192
675 139
675 205
675 178
676 55
676 165
676 203
676 154
676 75
676 6
677 93
677 156
677 7
677 12
677 186
677 128
678 53
678 211
678 12
678 168
678 55
678 171
679 156
679 5
679 191
679 203
679 192
679 118
680 54
680 213
680 16
680 26
680 187
680 141
681 16
681 204
681 38
681 193
681 19
681 40
682 162
682 193
682 152
682 176
682 86
682 121
683 117
683 107
683 92
683 204
683 164
683 12
684 175
684 170
684 149
684 3
684 16
684 91
685 7
685 201
685 96
685 70
685 139
685 27
686 138
686 20
686 12
686 195
686 16
686 9
687 23
687 154
687 32
687 193
687 122
687 7
688 203
688 170
688 167
688 41
688 102
688 22
689 176
689 149
689 132
689 81
689 77
689 20
690 149
690 205
690 1
690 9
690 176
690 38
691 108
691 48
691 112
691 55
691 152
691 121
692 99
692 65
692 153
692 191
692 86
692 165
693 8
693 80
693 63
693 33
693 214
693 52
694 94
694 107
694 161
694 91
694 84
694 112
695 85
695 184
695 71
695 193
695 207
695 149
696 112
696 109
696 35
696 48
696 32
696 209
697 28
697 97
697 137
697 56
697 158
697 205
698 82
698 130
698 68
698 77
698 149
698 124
699 91
699 183
699 167
699 48
699 41
699 43
700 101
700 20
700 158
700 170
700 205
700 91
701 41
701 7
701 57
701 124
701 181
701 169
702 7
702 122
702 91
702 125
702 171
702 9
703 48
703 118
703 94
703 120
703 149
703 163
704 166
704 69
704 122
704 125
704 67
704 144
705 75
705 125
705 63
705 127
705 144
705 192
706 186
706 4
706 149
706 144
706 198
706 203
707 102
707 81
707 95
707 84
707 101
707 105
708 57
708 190
708 201
708 48
708 50
708 162
709 164
709 112
709 56
709 127
709 181
709 211
710 168
710 107
710 117
710 109
710 184
710 94
711 57
711 97
711 112
711 115
711 16
711 149
712 67
712 158
712 125
712 82
712 127
712 116
713 139
713 171
713 136
713 102
713 63
713 42
714 169
714 145
714 113
714 213
714 80
714 149
715 24
715 16
715 27
715 115
715 91
715 38
716 165
716 8
716 85
716 19
716 179
716 70
717 144
717 31
717 158
717 159
717 124
717 149
718 173
718 130
718 92
718 140
718 213
718 3
719 107
719 156
719 149
719 165
719 3
719 213
720 84
720 109
720 144
720 168
720 35
720 105
721 203
721 91
721 107
721 39
721 173
721 67
722 87
722 124
722 198
722 200
722 158
722 128
723 109
723 48
723 79
723 67
723 194
723 33
724 29
724 69
724 175
724 191
724 50
724 72
725 67
725 38
725 118
725 80
725 126
725 112
726 105
726 101
726 32
726 201
726 3
726 102
727 48
727 154
727 207
727 38
727 32
727 36
728 31
728 112
728 50
728 170
728 29
728 124
729 120
729 75
729 139
729 91
729 198
729 159
730 122
730 16
730 12
730 213
730 82
730 149
731 166
731 198
731 19
731 119
731 87
731 69
732 206
732 171
732 168
732 7
732 156
732 3
733 112
733 163
733 22
733 73
733 169
733 42
734 105
734 75
734 208
734 77
734 171
734 79
735 82
735 43
735 33
735 93
735 95
735 52
736 83
736 165
736 135
736 150
736 48
736 137
737 22
737 38
737 91
737 202
737 211
737 207
738 190
738 107
738 144
738 16
738 105
738 3
739 83
739 19
739 167
739 132
739 25
739 23
740 195
740 163
740 203
740 112
740 173
740 51
741 122
741 94
741 105
741 84
741 204
741 71
742 167
742 53
742 176
742 79
742 112
742 61
743 12
743 35
743 150
743 133
743 208
743 98
744 59
744 154
744 66
744 24
744 160
744 83
745 63
745 27
745 214
745 50
745 205
745 124
746 195
746 192
746 48
746 63
746 91
746 133
747 33
747 127
747 21
747 173
747 105
747 3
748 206
748 183
748 48
748 188
748 175
748 156
749 12
749 77
749 59
749 124
749 126
749 107
750 83
750 115
750 102
750 19
750 49
750 81
751 102
751 184
751 64
751 182
751 160
751 23
752 86
752 26
752 187
752 154
752 198
752 160
753 204
753 93
753 208
753 16
753 4
753 53
754 108
754 24
754 150
754 107
754 140
754 4
755 61
755 158
755 16
755 171
755 42
755 166
756 158
756 22
756 75
756 115
756 3
756 161
757 138
757 205
757 103
757 158
757 193
757 72
758 195
758 206
758 207
758 113
758 98
758 198
759 48
759 163
759 128
759 100
759 68
759 183
760 31
760 19
760 208
760 202
760 85
760 204
761 19
761 192
761 205
761 137
761 194
761 164
762 165
762 200
762 48
762 173
762 72
762 28
763 57
763 130
763 17
763 92
763 64
763 203
764 95
764 12
764 80
764 61
764 139
764 16
765 107
765 50
765 39
765 83
765 19
765 124
766 103
766 124
766 83
766 68
766 138
766 61
767 107
767 154
767 200
767 213
767 8
767 40
768 162
768 198
768 57
768 79
768 26
768 191
769 12
769 118
769 115
769 16
769 73
769 81
770 115
770 107
770 161
770 8
770 202
770 189
771 199
771 91
771 119
771 48
771 201
771 4
772 199
772 101
772 150
772 50
772 192
772 3
773 35
773 13
773 7
773 109
773 119
773 1
774 137
774 173
774 83
774 175
774 79
774 85
775 173
775 162
775 60
775 176
775 135
775 133
776 124
776 51
776 189
776 39
776 66
776 3
777 91
777 182
777 80
777 150
777 31
777 112
778 83
778 191
778 70
778 13
778 126
778 185
779 81
779 38
779 9
779 16
779 205
779 156
780 19
780 53
780 71
780 153
780 95
780 150
781 4
781 151
781 132
781 108
781 20
781 24
782 108
782 41
782 211
782 75
782 67
782 202
783 158
783 75
783 48
783 115
783 103
783 142
784 167
784 66
784 115
784 100
784 9
784 72
785 186
785 139
785 144
785 126
785 33
785 81
786 3
786 118
786 170
786 109
786 5
786 173
787 63
787 129
787 60
787 79
787 105
787 132
788 176
788 99
788 113
788 41
788 140
788 43
789 136
789 65
789 101
789 84
789 213
789 150
790 101
790 181
790 124
790 64
790 66
790 117
791 53
791 105
791 22
791 19
791 54
791 161
792 196
792 72
792 43
792 163
792 205
792 36
793 13
793 126
793 165
793 173
793 16
793 124
794 184
794 24
794 105
794 59
794 200
794 175
795 56
795 184
795 181
795 94
795 65
795 150
796 102
796 162
796 166
796 153
796 63
796 124
797 8
797 56
797 136
797 118
797 72
797 19
798 124
798 33
798 7
798 61
798 198
798 166
799 207
799 158
799 119
799 87
799 198
799 91
800 40
800 17
800 79
800 175
800 193
800 173
801 133
801 154
801 207
801 202
801 64
801 70
802 65
802 132
802 103
802 214
802 136
802 53
803 48
803 187
803 151
803 210
803 178
803 145
804 83
804 22
804 119
804 68
804 178
804 138
805 184
805 96
805 156
805 16
805 192
805 159
806 12
806 173
806 158
806 154
806 203
806 167
807 54
807 83
807 207
807 198
807 48
807 60
808 120
808 162
808 57
808 150
808 192
808 129
809 105
809 129
809 183
809 116
809 77
809 124
810 142
810 198
810 105
810 115
810 158
810 119
811 36
811 126
811 179
811 127
811 28
811 182
812 17
812 66
812 41
812 31
812 71
812 188
813 16
813 154
813 9
813 67
813 98
813 156
814 120
814 128
814 23
814 105
814 195
814 151
815 213
815 85
815 51
815 124
815 194
815 73
816 144
816 55
816 92
816 200
816 27
816 53
817 59
817 115
817 186
817 191
817 136
817 91
818 49
818 198
818 13
818 196
818 36
818 41
819 65
819 59
819 202
819 54
819 177
819 101
820 156
820 52
820 158
820 116
820 133
820 112
821 145
821 175
821 150
821 202
821 156
821 158
822 113
822 91
822 132
822 63
822 105
822 35
823 203
823 201
823 159
823 31
823 124
823 98
824 9
824 195
824 117
824 128
824 97
824 113
825 97
825 17
825 167
825 208
825 31
825 83
826 200
826 66
826 55
826 38
826 23
826 99
827 181
827 91
827 113
827 70
827 12
827 201
828 156
828 19
828 136
828 35
828 21
828 188
829 175
829 192
829 207
829 150
829 186
829 113
830 75
830 59
830 7
830 153
830 210
830 5
831 113
831 132
831 12
831 68
831 196
831 136
832 7
832 173
832 83
832 115
832 105
832 3
833 59
833 91
833 159
833 75
833 126
833 213
834 103
834 113
834 1
834 132
834 129
834 38
835 16
835 39
835 183
835 63
835 168
835 173
836 113
836 186
836 107
836 150
836 144
836 61
837 186
837 29
837 175
837 25
837 59
837 162
838 195
838 80
838 159
838 12
838 166
838 16
839 61
839 208
839 115
839 98
839 9
839 193
840 194
840 189
840 19
840 23
840 25
840 1
841 126
841 153
841 156
841 48
841 144
841 136
842 16
842 175
842 126
842 154
842 40
842 113
843 107
843 108
843 33
843 12
843 127
843 196
844 150
844 168
844 38
844 91
844 175
844 136
845 195
845 55
845 152
845 109
845 49
845 63
846 3
846 63
846 50
846 213
846 124
846 35
847 137
847 124
847 77
847 23
847 133
847 75
848 191
848 162
848 181
848 120
848 98
848 177
849 29
849 42
849 127
849 57
849 48
849 139
850 61
850 84
850 1
850 68
850 214
850 16
851 199
851 142
851 4
851 150
851 91
851 156
852 33
852 208
852 167
852 156
852 136
852 113
853 53
853 159
853 80
853 31
853 213
853 202
854 83
854 50
854 29
854 4
854 75
854 188
855 107
855 150
855 193
855 120
855 152
855 102
856 156
856 96
856 8
856 83
856 173
856 28
857 38
857 48
857 53
857 73
857 20
857 181
858 86
858 22
858 32
858 17
858 91
858 120
859 140
859 130
859 52
859 91
859 77
859 60
860 63
860 107
860 39
860 173
860 150
860 7
861 86
861 152
861 70
861 120
861 3
861 7
862 97
862 139
862 59
862 103
862 29
862 12
863 187
863 69
863 163
863 115
863 13
863 77
864 176
864 16
864 156
864 126
864 188
864 105
865 57
865 65
865 21
865 105
865 91
865 95
866 202
866 168
866 67
866 165
866 91
866 107
867 1
867 130
867 124
867 69
867 189
867 17
868 79
868 84
868 35
868 175
868 156
868 210
869 129
869 65
869 150
869 23
869 198
869 132
870 208
870 38
870 53
870 79
870 32
870 142
871 193
871 142
871 213
871 150
871 117
871 176
872 162
872 192
872 132
872 38
872 113
872 124
873 160
873 65
873 113
873 26
873 57
873 169
874 105
874 35
874 107
874 124
874 65
874 181
875 159
875 160
875 140
875 205
875 105
875 182
876 185
876 211
876 202
876 171
876 83
876 105
877 177
877 19
877 102
877 136
877 63
877 159
878 91
878 5
878 1
878 181
878 119
878 23
879 13
879 181
879 124
879 132
879 7
879 35
880 113
880 63
880 124
880 54
880 169
880 24
881 39
881 160
881 166
881 33
881 191
881 101
882 16
882 1
882 66
882 83
882 200
882 113
883 103
883 39
883 198
883 175
883 91
883 108
884 154
884 124
884 116
884 203
884 69
884 65
885 35
885 24
885 160
885 13
885 186
885 150
886 39
886 183
886 69
886 84
886 132
886 198
887 171
887 16
887 162
887 198
887 35
887 141
888 5
888 198
888 190
888 142
888 139
888 25
889 80
889 170
889 184
889 207
889 159
889 27
890 173
890 145
890 22
890 214
890 126
890 171
891 105
891 19
891 108
891 48
891 39
891 52
892 48
892 22
892 113
892 36
892 53
892 193
893 168
893 107
893 108
893 191
893 48
893 159
894 48
894 28
894 195
894 65
894 102
894 55
895 175
895 159
895 50
895 152
895 192
895 83
896 42
896 72
896 126
896 67
896 179
896 124
897 201
897 19
897 159
897 28
897 165
897 144
898 141
898 67
898 65
898 192
898 25
898 188
899 187
899 63
899 31
899 140
899 166
899 83
900 162
900 151
900 211
900 93
900 175
900 126
901 27
901 139
901 77
901 38
901 83
901 211
902 86
902 33
902 209
902 204
902 16
902 119
903 4
903 35
903 48
903 91
903 194
903 107
904 165
904 163
904 13
904 38
904 16
904 103
905 115
905 63
905 65
905 43
905 163
905 173
906 1
906 85
906 91
906 159
906 35
906 77
907 210
907 92
907 173
907 55
907 108
907 86
908 203
908 54
908 16
908 126
908 96
908 56
909 24
909 190
909 191
909 31
909 80
909 3
910 98
910 83
910 187
910 124
910 159
910 182
911 65
911 13
911 190
911 17
911 138
911 61
912 84
912 80
912 152
912 72
912 48
912 51
913 31
913 36
913 127
913 191
913 201
913 92
914 77
914 175
914 83
914 19
914 17
914 60
915 181
915 24
915 19
915 179
915 182
915 144
916 85
916 60
916 160
916 204
916 142
916 207
917 173
917 107
917 98
917 171
917 205
917 8
918 68
918 136
918 117
918 103
918 92
918 132
919 12
919 56
919 113
919 57
919 25
919 159
920 167
920 171
920 31
920 1
920 173
920 27
921 16
921 77
921 93
921 163
921 9
921 126
922 38
922 50
922 92
922 159
922 29
922 108
923 159
923 115
923 65
923 107
923 202
923 77
924 165
924 38
924 182
924 192
924 60
924 109
925 166
925 56
925 173
925 94
925 198
925 43
926 65
926 183
926 49
926 176
926 92
926 189
927 105
927 214
927 202
927 12
927 107
927 113
928 96
928 33
928 132
928 124
928 20
928 81
929 73
929 120
929 77
929 183
929 129
929 124
930 132
930 150
930 175
930 12
930 24
930 152
931 69
931 63
931 12
931 77
931 100
931 38
932 175
932 73
932 140
932 162
932 176
932 203
933 19
933 163
933 16
933 188
933 69
933 98
934 207
934 33
934 85
934 79
934 53
934 184
935 105
935 144
935 99
935 129
935 176
935 140
936 133
936 72
936 126
936 107
936 181
936 35
937 25
937 159
937 93
937 8
937 175
937 179
938 54
938 188
938 92
938 194
938 101
938 41
939 210
939 211
939 102
939 101
939 35
939 207
940 101
940 191
940 200
940 115
940 154
940 113
941 151
941 54
941 103
941 4
941 170
941 153
942 205
942 81
942 4
942 79
942 83
942 26
943 70
943 136
943 170
943 35
943 207
943 211
944 156
944 98
944 190
944 83
944 39
944 181
945 201
945 203
945 93
945 207
945 119
945 95
946 113
946 179
946 210
946 49
946 173
946 105
947 43
947 72
947 85
947 136
947 67
947 156
948 57
948 167
948 103
948 169
948 181
948 184
949 176
949 113
949 16
949 190
949 108
949 43
950 54
950 132
950 8
950 83
950 71
950 13
951 49
951 167
951 52
951 129
951 115
951 8
952 53
952 166
952 186
952 3
952 152
952 0
953 38
953 207
953 113
953 40
953 183
953 190
954 166
954 68
954 150
954 101
954 59
954 33
955 61
955 71
955 13
955 96
955 210
955 150
956 92
956 79
956 8
956 127
956 96
956 150
957 51
957 152
957 168
957 192
957 175
957 29
958 159
958 21
958 49
958 109
958 101
958 8
959 150
959 52
959 68
959 210
959 16
959 141
960 55
960 31
960 186
960 26
960 209
960 73
961 77
961 103
961 198
961 49
961 107
961 51
962 4
962 213
962 29
962 124
962 107
962 16
963 8
963 124
963 119
963 105
963 109
963 77
964 124
964 198
964 3
964 184
964 13
964 151
965 35
965 8
965 19
965 94
965 213
965 214
966 38
966 49
966 113
966 190
966 51
966 183
967 144
967 102
967 117
967 187
967 173
967 38
968 24
968 129
968 120
968 165
968 132
968 150
969 162
969 171
969 184
969 159
969 127
969 17
970 40
970 115
970 150
970 35
970 27
970 113
971 188
971 200
971 67
971 49
971 26
971 22
972 99
972 38
972 16
972 49
972 159
972 156
973 136
973 166
973 39
973 165
973 181
973 96
974 137
974 51
974 145
974 16
974 92
974 102
975 195
975 103
975 41
975 152
975 96
975 29
976 55
976 152
976 209
976 77
976 27
976 188
977 203
977 190
977 145
977 105
977 63
977 163
978 79
978 26
978 107
978 209
978 101
978 96
979 163
979 97
979 16
979 119
979 99
979 198
980 29
980 184
980 24
980 96
980 202
980 101
981 13
981 119
981 16
981 136
981 77
981 61
982 3
982 69
982 20
982 145
982 49
982 70
983 156
983 140
983 211
983 49
983 20
983 73
984 115
984 36
984 92
984 160
984 97
984 175
985 109
985 181
985 150
985 202
985 16
985 152
986 52
986 203
986 63
986 77
986 80
986 159
987 161
987 35
987 31
987 137
987 208
987 92
988 41
988 161
988 136
988 43
988 137
988 86
989 141
989 8
989 126
989 49
989 214
989 87
990 1
990 16
990 199
990 26
990 201
990 81
991 161
991 168
991 36
991 92
991 117
991 65
992 9
992 192
992 93
992 195
992 113
992 22
993 154
993 100
993 119
993 9
993 83
993 31
994 165
994 113
994 159
994 68
994 16
994 79
995 13
995 43
995 190
995 162
995 0
995 83
996 132
996 145
996 136
996 94
996 150
996 117
997 119
997 190
997 209
997 211
997 213
997 198
998 150
998 67
998 8
998 153
998 9
998 63
999 77
999 51
999 20
999 188
999 211
999 3
1000 167
1000 185
1000 67
1000 53
1000 56
1000 145
1001 94
1001 36
1001 84
1001 86
1001 156
1001 26
1002 66
1002 107
1002 67
1002 137
1002 203
1002 70
1003 66
1003 67
1003 198
1003 136
1003 182
1003 137
1004 136
1004 167
1004 194
1004 126
1004 198
1004 97
1005 19
1005 209
1005 39
1005 182
1005 117
1005 132
1006 98
1006 49
1006 51
1006 171
1006 191
1006 213
1007 113
1007 27
1007 32
1007 13
1007 159
1007 126
1008 204
1008 25
1008 107
1008 168
1008 196
1008 100
1009 191
1009 150
1009 161
1009 119
1009 213
1009 201
1010 24
1010 137
1010 3
1010 32
1010 108
1010 95
1011 138
1011 50
1011 51
1011 57
1011 160
1011 145
1012 77
1012 26
1012 160
1012 28
1012 59
1012 8
1013 107
1013 181
1013 145
1013 136
1013 165
1013 132
1014 49
1014 200
1014 9
1014 163
1014 77
1014 25
1015 160
1015 20
1015 120
1015 49
1015 186
1015 138
1016 124
1016 190
1016 43
1016 167
1016 9
1016 60
1017 92
1017 211
1017 13
1017 49
1017 51
1017 53
1018 113
1018 26
1018 136
1018 19
1018 213
1018 8
1019 102
1019 152
1019 105
1019 113
1019 150
1019 173
1020 198
1020 35
1020 8
1020 19
1020 105
1020 33
1021 42
1021 65
1021 49
1021 105
1021 13
1021 51
1022 77
1022 129
1022 105
1022 24
1022 21
1022 33
1023 115
1023 8
1023 150
1023 0
1023 169
1023 117
1024 39
1024 85
1024 191
1024 41
1024 49
1024 208
1025 201
1025 77
1025 16
1025 190
1025 159
1025 66
1026 150
1026 4
1026 116
1026 165
1026 189
1026 160
1027 105
1027 49
1027 169
1027 145
1027 97
1027 132
1028 210
1028 77
1028 150
1028 160
1028 126
1028 79
1029 196
1029 145
1029 132
1029 198
1029 35
1029 159
1030 79
1030 207
1030 208
1030 136
1030 192
1030 214
1031 55
1031 57
1031 27
1031 13
1031 29
1031 165
1032 21
1032 165
1032 33
1032 213
1032 77
1032 119
1033 93
1033 8
1033 150
1033 79
1033 60
1033 160
1034 60
1034 65
1034 17
1034 49
1034 102
1034 145
1035 169
1035 100
1035 63
1035 49
1035 142
1035 119
1036 178
1036 63
1036 116
1036 95
1036 17
1036 77
1037 95
1037 198
1037 93
1037 70
1037 19
1037 79
1038 177
1038 150
1038 204
1038 133
1038 192
1038 168
1039 66
1039 67
1039 119
1039 61
1039 49
1039 13
1040 207
1040 103
1040 199
1040 41
1040 127
1040 201
1041 13
1041 136
1041 65
1041 107
1041 101
1041 160
1042 94
1042 99
1042 49
1042 84
1042 136
1042 33
1043 190
1043 124
1043 53
1043 60
1043 194
1043 49
1044 173
1044 49
1044 60
1044 28
1044 113
1044 204
1045 13
1045 138
1045 108
1045 165
1045 93
1045 124
1046 54
1046 49
1046 189
1046 70
1046 103
1046 73
1047 51
1047 124
1047 1
1047 162
1047 203
1047 31
1048 214
1048 0
1048 136
1048 156
1048 161
1048 190
1049 51
1049 8
1049 98
1049 105
1049 184
1049 96
1050 13
1050 200
1050 182
1050 188
1050 50
1050 204
1051 35
1051 9
1051 49
1051 51
1051 60
1051 93
1052 26
1052 145
1052 165
1052 166
1052 19
1052 150
1053 156
1053 145
1053 87
1053 52
1053 83
1053 24
1054 124
1054 31
1054 116
1054 87
1054 150
1054 67
1055 136
1055 113
1055 178
1055 192
1055 39
1055 50
1056 151
1056 73
1056 127
1056 65
1056 165
1056 214
1057 83
1057 33
1057 107
1057 77
1057 168
1057 177
1058 183
1058 201
1058 71
1058 150
1058 209
1058 27
1059 188
1059 133
1059 145
1059 119
1059 150
1059 57
1060 84
1060 77
1060 113
1060 130
1060 179
1060 190
1061 193
1061 79
1061 160
1061 113
1061 42
1061 13
1062 116
1062 49
1062 107
1062 133
1062 41
1062 87
1063 150
1063 101
1063 13
1063 152
1063 85
1063 19
1064 93
1064 87
1064 154
1064 60
1064 21
1064 169
1065 191
1065 119
1065 38
1065 136
1065 129
1065 19
1066 39
1066 201
1066 108
1066 16
1066 199
1066 65
1067 1
1067 107
1067 52
1067 24
1067 173
1067 185
1068 28
1068 208
1068 31
1068 98
1068 67
1068 200
1069 49
1069 116
1069 16
1069 173
1069 150
1069 19
1070 156
1070 159
1070 113
1070 117
1070 132
1070 17
1071 170
1071 175
1071 129
1071 211
1071 84
1071 24
1072 124
1072 79
1072 80
1072 49
1072 21
1072 9
1073 208
1073 60
1073 4
1073 153
1073 63
1073 85
1074 31
1074 40
1074 184
1074 8
1074 165
1074 200
1075 61
1075 138
1075 83
1075 182
1075 63
1075 71
1076 40
1076 107
1076 145
1076 165
1076 159
1076 150
1077 83
1077 132
1077 198
1077 103
1077 153
1077 79
1078 113
1078 17
1078 130
1078 136
1078 150
1078 60
1079 150
1079 49
1079 108
1079 193
1079 214
1079 163
1080 13
1080 201
1080 186
1080 154
1080 49
1080 145
1081 52
1081 214
1081 177
1081 137
1081 41
1081 105
1082 142
1082 93
1082 100
1082 159
1082 102
1082 95
1083 113
1083 129
1083 199
1083 27
1083 145
1083 116
1084 60
1084 165
1084 98
1084 13
1084 145
1084 150
1085 19
1085 156
1085 201
1085 161
1085 159
1085 21
1086 8
1086 109
1086 201
1086 124
1086 162
1086 173
1087 182
1087 184
1087 173
1087 73
1087 71
1087 55
1088 170
1088 173
1088 21
1088 68
1088 71
1088 95
1089 154
1089 142
1089 8
1089 40
1089 175
1089 79
1090 98
1090 136
1090 93
1090 167
1090 126
1090 191
1091 49
1091 79
1091 156
1091 63
1091 65
1091 152
1092 113
1092 93
1092 68
1092 96
1092 124
1092 159
1093 53
1093 126
1093 49
1093 41
1093 67
1093 51
1094 162
1094 152
1094 17
1094 38
1094 124
1094 179
1095 159
1095 169
1095 93
1095 95
1095 96
1095 182
1096 202
1096 36
1096 95
1096 152
1096 105
1096 166
1097 50
1097 178
1097 202
1097 182
1097 189
1097 145
1098 200
1098 13
1098 68
1098 183
1098 38
1098 175
1099 182
1099 29
1099 175
1099 198
1099 67
1099 141
1100 175
1100 108
1100 56
1100 207
1100 160
1100 107
1101 186
1101 4
1101 207
1101 127
1101 100
1101 179
1102 28
1102 152
1102 124
1102 210
1102 100
1102 192
1103 71
1103 31
1103 63
1103 168
1103 35
1103 179
1104 50
1104 13
1104 105
1104 117
1104 113
1104 79
1105 87
1105 41
1105 1
1105 24
1105 94
1105 22
1106 185
1106 3
1106 132
1106 136
1106 137
1106 9
1107 38
1107 196
1107 163
1107 183
1107 13
1107 93
1108 60
1108 3
1108 68
1108 132
1108 145
1108 31
1109 55
1109 5
1109 137
1109 57
1109 19
1109 162
1110 97
1110 49
1110 65
1110 25
1110 136
1110 8
1111 171
1111 8
1111 116
1111 93
1111 0
1111 80
1112 126
1112 160
1112 13
1112 120
1112 93
1112 101
1113 33
1113 31
1113 182
1113 81
1113 83
1113 3
1114 33
1114 63
1114 191
1114 179
1114 168
1114 214
1115 113
1115 63
1115 57
1115 79
1115 163
1115 60
1116 93
1116 140
1116 102
1116 83
1116 19
1116 204
1117 13
1117 186
1117 17
1117 49
1117 165
1117 8
1118 9
1118 3
1118 49
1118 97
1118 116
1118 71
1119 182
1119 175
1119 71
1119 33
1119 105
1119 126
1120 145
1120 40
1120 35
1120 57
1120 65
1120 13
1121 60
1121 63
1121 126
1121 93
1121 79
1121 202
1122 20
1122 57
1122 152
1122 176
1122 208
1122 160
1123 191
1123 8
1123 198
1123 117
1123 176
1123 152
1124 166
1124 79
1124 130
1124 81
1124 119
1124 105
1125 107
1125 199
1125 165
1125 29
1125 35
1125 178
1126 84
1126 200
1126 27
1126 214
1126 22
1126 49
1127 133
1127 179
1127 127
1127 168
1127 79
1127 102
1128 126
1128 61
1128 176
1128 79
1128 109
1128 24
1129 38
1129 56
1129 113
1129 40
1129 93
1129 79
1130 129
1130 60
1130 25
1130 145
1130 160
1130 170
1131 182
1131 79
1131 8
1131 19
1131 95
1131 60
1132 124
1132 127
1132 165
1132 132
1132 176
1132 116
1133 79
1133 86
1133 100
1133 167
1133 55
1133 193
1134 103
1134 176
1134 204
1134 171
1134 35
1134 154
1135 176
1135 211
1135 63
1135 167
1135 87
1135 65
1136 176
1136 93
1136 38
1136 156
1136 40
1136 209
1137 169
1137 176
1137 152
1137 26
1137 107
1137 189
1138 83
1138 199
1138 108
1138 27
1138 85
1138 203
1139 156
1139 153
1139 99
1139 79
1139 80
1139 31
1140 93
1140 117
1140 38
1140 176
1140 5
1140 72
1141 39
1141 160
1141 67
1141 79
1141 182
1141 50
1142 83
1142 171
1142 61
1142 33
1142 192
1142 167
1143 188
1143 51
1143 166
1143 126
1143 182
1143 195
1144 176
1144 17
1144 109
1144 93
1144 25
1144 209
1145 153
1145 145
1145 177
1145 119
1145 161
1145 96
1146 52
1146 198
1146 36
1146 109
1146 8
1146 0
1147 160
1147 73
1147 5
1147 193
1147 93
1147 27
1148 107
1148 35
1148 153
1148 13
1148 51
1148 130
1149 3
1149 31
1149 105
1149 176
1149 5
1149 17
1150 113
1150 162
1150 19
1150 176
1150 26
1150 72
1151 72
1151 141
1151 98
1151 26
1151 79
1151 93
1152 63
1152 84
1152 13
1152 26
1152 81
1152 86
1153 210
1153 156
1153 5
1153 160
1153 211
1153 39
1154 176
1154 51
1154 95
1154 53
1154 38
1154 170
1155 153
1155 116
1155 119
1155 57
1155 51
1155 107
1156 126
1156 186
1156 93
1156 165
1156 196
1156 38
1157 153
1157 165
1157 170
1157 198
1157 142
1157 188
1158 8
1158 51
1158 103
1158 33
1158 171
1158 153
1159 63
1159 137
1159 42
1159 31
1159 39
1159 116
1160 84
1160 51
1160 166
1160 71
1160 73
1160 79
1161 171
1161 124
1161 188
1161 100
1161 51
1161 61
1162 176
1162 160
1162 136
1162 73
1162 51
1162 13
1163 193
1163 199
1163 165
1163 160
1163 189
1163 51
1164 63
1164 51
1164 153
1164 19
1164 156
1164 39
1165 63
1165 51
1165 68
1165 61
1165 83
1165 207
1166 183
1166 79
1166 85
1166 93
1166 3
1166 102
1167 205
1167 1
1167 127
1167 79
1167 31
1167 80
1168 79
1168 176
1168 102
1168 185
1168 1
1168 67
1169 133
1169 19
1169 94
1169 178
1169 51
1169 117
1170 120
1170 73
1170 103
1170 200
1170 126
1170 21
1171 202
1171 51
1171 189
1171 154
1171 38
1171 156
1172 8
1172 176
1172 67
1172 178
1172 153
1172 126
1173 207
1173 145
1173 51
1173 187
1173 136
1173 132
1174 140
1174 153
1174 21
1174 51
1174 53
1174 17
1175 38
1175 185
1175 153
1175 83
1175 136
1175 35
1176 160
1176 198
1176 17
1176 51
1176 129
1176 132
1177 72
1177 73
1177 105
1177 209
1177 198
1177 176
1178 56
1178 160
1178 130
1178 102
1178 9
1178 17
1179 165
1179 176
1179 191
1179 133
1179 193
1179 211
1180 171
1180 105
1180 117
1180 83
1180 24
1180 81
1181 3
1181 25
1181 202
1181 214
1181 63
1181 65
1182 9
1182 113
1182 35
1182 153
1182 5
1182 98
1183 126
1183 5
1183 33
1183 31
1183 198
1183 182
1184 153
1184 195
1184 22
1184 93
1184 182
1184 8
1185 79
1185 80
1185 5
1185 21
1185 93
1185 210
1186 85
1186 193
1186 124
1186 153
1186 55
1186 80
1187 38
1187 130
1187 51
1187 53
1187 0
1187 136
1188 124
1188 126
1188 17
1188 26
1188 138
1188 127
1189 105
1189 96
1189 65
1189 214
1189 13
1189 120
1190 79
1190 108
1190 124
1190 86
1190 26
1190 132
1191 8
1191 22
1191 199
1191 116
1191 51
1191 35
1192 211
1192 93
1192 124
1192 126
1192 63
1192 105
1193 95
1193 214
1193 140
1193 21
1193 19
1193 72
1194 182
1194 93
1194 60
1194 191
1194 13
1194 192
1195 198
1195 154
1195 156
1195 126
1195 142
1195 105
1196 137
1196 17
1196 38
1196 24
1196 160
1196 107
1197 141
1197 145
1197 22
1197 97
1197 102
1197 39
1198 126
1198 153
1198 189
1198 54
1198 163
1198 211
1199 202
1199 124
1199 167
1199 38
1199 51
1199 35
1200 108
1200 116
1200 9
1200 119
1200 60
1200 8
1201 167
1201 100
1201 26
1201 61
1201 93
1201 42
1202 93
1202 178
1202 203
1202 79
1202 116
1202 31
1203 61
1203 183
1203 79
1203 145
1203 56
1203 116
1204 176
1204 198
1204 25
1204 9
1204 72
1204 195
1205 31
1205 119
1205 179
1205 3
1205 40
1205 83
1206 63
1206 210
1206 79
1206 93
1206 193
1206 95
1207 51
1207 209
1207 132
1207 211
1207 198
1207 102
1208 99
1208 71
1208 31
1208 203
1208 56
1208 51
1209 57
1209 21
1209 161
1209 81
1209 99
1209 79
1210 132
1210 36
1210 38
1210 65
1210 17
1210 21
1211 79
1211 133
1211 166
1211 153
1211 136
1211 60
1212 117
1212 51
1212 53
1212 83
1212 67
1212 54
1213 182
1213 17
1213 71
1213 165
1213 156
1213 83
1214 207
1214 165
1214 13
1214 93
1214 95
1214 36
1215 165
1215 192
1215 0
1215 5
1215 160
1215 51
1216 119
1216 60
1216 51
1216 126
1216 133
1216 198
1217 169
1217 25
1217 20
1217 211
1217 160
1217 191
1218 19
1218 93
1218 71
1218 203
1218 119
1218 80
1219 132
1219 166
1219 79
1219 17
1219 0
1219 176
1220 184
1220 188
1220 211
1220 182
1220 17
1220 198
1221 169
1221 165
1221 86
1221 71
1221 24
1221 153
1222 145
1222 39
1222 96
1222 153
1222 202
1222 156
1223 153
1223 87
1223 214
1223 0
1223 93
1223 116
1224 160
1224 79
1224 210
1224 8
1224 153
1224 33
1225 176
1225 42
1225 94
1225 124
1225 71
1225 129
1226 196
1226 160
1226 99
1226 162
1226 93
1226 95
1227 185
1227 22
1227 136
1227 202
1227 153
1227 145
1228 94
1228 3
1228 119
1228 156
1228 153
1228 176
1229 94
1229 51
1229 53
1229 79
1229 24
1229 202
1230 186
1230 68
1230 141
1230 25
1230 27
1230 93
1231 97
1231 193
1231 195
1231 133
1231 51
1231 183
1232 42
1232 109
1232 153
1232 99
1232 24
1232 191
1233 176
1233 8
1233 171
1233 17
1233 116
1233 95
1234 182
1234 99
1234 139
1234 156
1234 153
1234 73
1235 160
1235 177
1235 187
1235 116
1235 94
1235 162
1236 17
1236 116
1236 3
1236 93
1236 51
1236 129
1237 99
1237 93
1237 153
1237 184
1237 109
1237 102
1238 107
1238 71
1238 136
1238 165
1238 81
1238 55
1239 93
1239 145
1239 171
1239 207
1239 17
1239 182
1240 80
1240 179
1240 0
1240 63
1240 160
1240 162
1241 24
1241 31
1241 102
1241 65
1241 119
1241 136
1242 93
1242 182
1242 57
1242 126
1242 185
1242 170
1243 28
1243 194
1243 191
1243 3
1243 202
1243 160
1244 133
1244 177
1244 145
1244 156
1244 99
1244 3
1245 5
1245 209
1245 36
1245 142
1245 132
1245 61
1246 194
1246 188
1246 96
1246 71
1246 207
1246 60
1247 130
1247 132
1247 33
1247 35
1247 119
1247 191
1248 26
1248 61
1248 84
1248 116
1248 214
1248 107
1249 116
1249 119
1249 38
1249 136
1249 24
1249 80
1250 116
1250 22
1250 200
1250 139
1250 166
1250 51
1251 132
1251 13
1251 156
1251 17
1251 56
1251 142
1252 170
1252 192
1252 108
1252 136
1252 160
1252 145
1253 191
1253 138
1253 60
1253 93
1253 124
1253 187
1254 153
1254 214
1254 17
1254 80
1254 124
1254 160
1255 1
1255 72
1255 138
1255 145
1255 136
1255 107
1256 13
1256 196
1256 80
1256 20
1256 192
1256 93
1257 214
1257 187
1257 39
1257 183
1257 107
1257 208
1258 177
1258 25
1258 116
1258 93
1258 126
1258 145
1259 156
1259 33
1259 31
1259 80
1259 188
1259 17
1260 13
1260 26
1260 51
1260 124
1260 33
1260 184
1261 126
1261 156
1261 117
1261 153
1261 160
1261 51
1262 163
1262 24
1262 13
1262 177
1262 194
1262 38
1263 17
1263 165
1263 153
1263 63
1263 117
1263 109
1264 116
1264 126
1264 191
1264 119
1264 13
1264 17
1265 116
1265 27
1265 167
1265 153
1265 107
1265 160
1266 17
1266 85
1266 137
1266 61
1266 160
1266 153
1267 100
1267 68
1267 145
1267 93
1267 33
1267 107
1268 193
1268 17
1268 38
1268 8
1268 40
1268 183
1269 17
1269 116
1269 71
1269 124
1269 97
1269 51
1270 42
1270 63
1270 27
1270 208
1270 51
1270 153
1271 132
1271 39
1271 65
1271 165
1271 145
1271 26
1272 20
1272 209
1272 51
1272 182
1272 145
1272 196
1273 116
1273 57
1273 8
1273 71
1273 153
1273 27
1274 207
1274 165
1274 93
1274 145
1274 205
1274 116
1275 153
1275 83
1275 160
1275 94
1275 177
1275 198
1276 145
1276 129
1276 80
1276 107
1276 31
1276 33
1277 39
1277 196
1277 165
1277 160
1277 109
1277 80
1278 21
1278 136
1278 33
1278 129
1278 22
1278 177
1279 5
1279 153
1279 182
1279 156
1279 166
1279 40
1280 116
1280 145
1280 153
1280 198
1280 209
1280 99
1281 126
1281 119
1281 198
1281 133
1281 100
1281 51
1282 20
1282 13
1282 35
1282 17
1282 153
1282 156
1283 153
1283 189
1283 127
1283 145
1283 138
1283 94
1284 205
1284 126
1284 94
1284 61
1284 132
1284 193
1285 198
1285 182
1285 124
1285 35
1285 56
1285 87
1286 28
1286 61
1286 182
1286 214
1286 178
1286 51
1287 80
1287 208
1287 156
1287 199
1287 127
1287 203
1288 99
1288 203
1288 97
1288 20
1288 5
1288 177
1289 177
1289 51
1289 31
1289 203
1289 13
1289 187
1290 80
1290 20
1290 61
1290 22
1290 65
1290 116
1291 17
1291 153
1291 57
1291 65
1291 156
1291 28
1292 13
1292 184
1292 51
1292 137
1292 167
1292 22
1293 177
1293 51
1293 133
1293 136
1293 83
1293 55
1294 124
1294 205
1294 178
1294 80
1294 145
1294 55
1295 96
1295 5
1295 153
1295 25
1295 52
1295 156
1296 188
1296 191
1296 214
1296 153
1296 21
1296 65
1297 129
1297 53
1297 0
1297 67
1297 207
1297 154
1298 8
1298 132
1298 24
1298 94
1298 153
1298 129
1299 209
1299 28
1299 56
1299 170
1299 72
1299 205
1300 52
1300 33
1300 22
1300 145
1300 107
1300 166
1301 198
1301 8
1301 177
1301 28
1301 71
1301 94
1302 165
1302 209
1302 116
1302 29
1302 136
1302 119
1303 57
1303 52
1303 1
1303 94
1303 20
1303 200
1304 156
1304 21
1304 171
1304 116
1304 39
1304 17
1305 168
1305 20
1305 192
1305 153
1305 53
1305 68
1306 109
1306 153
1306 211
1306 80
1306 3
1306 195
1307 80
1307 3
1307 36
1307 136
1307 52
1307 117
1308 117
1308 97
1308 153
1308 40
1308 169
1308 55
1309 65
1309 177
1309 199
1309 166
1309 54
1309 3
1310 129
1310 133
1310 13
1310 5
1310 117
1310 107
1311 53
1311 94
1311 126
1311 81
1311 1
1311 195
1312 119
1312 129
1312 153
1312 102
1312 42
1312 203
1313 38
1313 8
1313 199
1313 205
1313 20
1313 160
1314 186
1314 211
1314 39
1314 20
1314 210
1314 103
1315 139
1315 191
1315 183
1315 161
1315 194
1315 103
1316 142
1316 67
1316 177
1316 65
1316 99
1316 136
1317 127
1317 52
1317 103
1317 13
1317 191
1317 87
1318 156
1318 26
1318 97
1318 94
1318 207
1318 120
1319 1
1319 52
1319 198
1319 165
1319 71
1319 25
1320 204
1320 100
1320 68
1320 136
1320 3
1320 186
1321 192
1321 17
1321 33
1321 35
1321 71
1321 153
1322 187
1322 191
1322 203
1322 8
1322 80
1322 192
1323 169
1323 204
1323 153
1323 133
1323 142
1323 210
1324 36
1324 182
1324 166
1324 80
1324 192
1324 165
1325 33
1325 160
1325 166
1325 80
1325 126
1325 73
1326 132
1326 27
1326 160
1326 5
1326 136
1326 68
1327 132
1327 95
1327 199
1327 52
1327 13
1327 183
1328 124
1328 20
1328 73
1328 26
1328 117
1328 102
1329 61
1329 80
1329 39
1329 196
1329 13
1329 27
1330 136
1330 189
1330 124
1330 171
1330 211
1330 99
1331 38
1331 5
1331 107
1331 95
1331 130
1331 153
1332 208
1332 214
1332 136
1332 87
1332 117
1332 109
1333 35
1333 52
1333 153
1333 156
1333 214
1333 13
1334 94
1334 35
1334 117
1334 95
1334 204
1334 61
1335 102
1335 198
1335 139
1335 24
1335 80
1335 117
1336 52
1336 54
1336 133
1336 119
1336 94
1336 167
1337 182
1337 80
1337 209
1337 160
1337 177
1337 162
1338 203
1338 204
1338 52
1338 198
1338 17
1338 153
1339 120
1339 21
1339 65
1339 67
1339 5
1339 83
1340 124
1340 208
1340 193
1340 177
1340 80
1340 210
1341 56
1341 35
1341 153
1341 83
1341 214
1341 210
1342 97
1342 203
1342 182
1342 198
1342 194
1342 54
1343 138
1343 13
1343 117
1343 80
1343 129
1343 0
1344 214
1344 52
1344 141
1344 165
1344 182
1344 99
1345 137
1345 156
1345 161
1345 99
1345 60
1345 73
1346 21
1346 107
1346 108
1346 52
1346 54
1346 205
1347 84
1347 141
1347 17
1347 36
1347 3
1347 136
1348 177
1348 94
1348 153
1348 52
1348 99
1348 85
1349 168
1349 182
1349 94
1349 189
1349 184
1349 38
1350 162
1350 1
1350 67
1350 124
1350 65
1350 54
1351 198
1351 29
1351 167
1351 124
1351 52
1351 126
1352 33
1352 87
1352 52
1352 94
1352 153
1352 156
1353 102
1353 191
1353 13
1353 60
1353 177
1353 17
1354 193
1354 33
1354 35
1354 52
1354 71
1354 13
1355 17
1355 207
1355 40
1355 156
1355 160
1355 136
1356 163
1356 27
1356 186
1356 80
1356 183
1356 153
1357 60
1357 65
1357 136
1357 108
1357 26
1357 67
1358 103
1358 124
1358 140
1358 8
1358 94
1358 13
1359 194
1359 214
1359 142
1359 163
1359 13
1359 8
1360 13
1360 17
1360 87
1360 168
1360 20
1360 194
1361 117
1361 67
1361 39
1361 20
1361 126
1361 97
1362 52
1362 186
1362 198
1362 154
1362 139
1362 38
1363 205
1363 165
1363 136
1363 137
1363 35
1363 13
1364 25
1364 94
1364 132
1364 52
1364 100
1364 57
1365 142
1365 210
1365 94
1365 61
1365 13
1365 52
1366 94
1366 140
1366 186
1366 52
1366 142
1366 211
1367 80
1367 13
1367 87
1367 52
1367 54
1367 126
1368 119
1368 214
1368 185
1368 153
1368 52
1368 56
1369 188
1369 117
1369 61
1369 198
1369 80
1369 42
1370 160
1370 124
1370 107
1370 87
1370 145
1370 80
1371 188
1371 177
1371 140
1371 56
1371 198
1371 132
1372 183
1372 84
1372 165
1372 130
1372 132
1372 80
1373 214
1373 52
1373 153
1373 199
1373 208
1373 160
1374 107
1374 124
1374 38
1374 55
1374 40
1374 102
1375 8
1375 17
1375 177
1375 33
1375 117
1375 60
1376 35
1376 13
1376 203
1376 154
1376 80
1376 179
1377 21
1377 27
1377 84
1377 109
1377 207
1377 124
1378 188
1378 81
1378 52
1378 108
1378 161
1378 96
1379 169
1379 99
1379 117
1379 211
1379 13
1379 0
1380 160
1380 154
1380 162
1380 145
1380 117
1380 119
1381 42
1381 29
1381 156
1381 108
1381 80
1381 203
1382 183
1382 108
1382 94
1382 177
1382 214
1382 27
1383 52
1383 24
1383 99
1383 208
1383 127
1383 42
1384 52
1384 100
1384 80
1384 166
1384 153
1384 65
1385 166
1385 28
1385 73
1385 139
1385 99
1385 72
1386 35
1386 119
1386 17
1386 139
1386 28
1386 209
1387 117
1387 137
1387 166
1387 55
1387 100
1387 168
1388 171
1388 160
1388 71
1388 38
1388 141
1388 0
1389 67
1389 94
1389 56
1389 96
1389 126
1389 65
1390 117
1390 132
1390 85
1390 191
1390 17
1390 178
1391 84
1391 117
1391 5
1391 17
1391 28
1391 67
1392 67
1392 33
1392 160
1392 52
1392 203
1392 26
1393 52
1393 27
1393 137
1393 3
1393 188
1393 65
1394 80
1394 84
1394 132
1394 136
1394 117
1394 86
1395 177
1395 17
1395 182
1395 198
1395 94
1395 129
1396 86
1396 0
1396 145
1396 52
1396 8
1396 54
1397 117
1397 119
1397 210
1397 108
1397 153
1397 52
1398 117
1398 31
1398 8
1398 52
1398 68
1398 57
1399 68
1399 193
1399 55
1399 86
1399 52
1399 169
1400 153
1400 85
1400 36
1400 205
1400 94
1400 108
1401 27
1401 80
1401 160
1401 136
1401 169
1401 177
1402 8
1402 108
1402 169
1402 61
1402 214
1402 182
1403 84
1403 29
1403 129
1403 160
1403 103
1403 162
1404 153
1404 57
1404 86
1404 84
1404 81
1404 73
1405 25
1405 13
1405 108
1405 193
1405 124
1405 119
1406 56
1406 160
1406 177
1406 108
1406 99
1406 117
1407 8
1407 84
1407 124
1407 171
1407 94
1407 20
1408 84
1408 139
1408 145
1408 71
1408 129
1408 52
1409 145
1409 67
1409 139
1409 71
1409 177
1409 120
1410 185
1410 3
1410 54
1410 94
1410 145
1410 191
1411 17
1411 168
1411 5
1411 177
1411 182
1411 194
1412 31
1412 187
1412 124
1412 52
1412 38
1412 214
1413 80
1413 8
1413 186
1413 191
1413 99
1413 124
1414 136
1414 94
1414 25
1414 95
1414 86
1414 153
1415 124
1415 65
1415 160
1415 87
1415 119
1415 200
1416 52
1416 194
1416 54
1416 81
1416 153
1416 183
1417 71
1417 177
1417 169
1417 207
1417 86
1417 80
1418 169
1418 171
1418 52
1418 109
1418 177
1418 42
1419 161
1419 38
1419 8
1419 153
1419 179
1419 36
1420 137
1420 185
1420 182
1420 20
1420 198
1420 13
1421 80
1421 3
1421 182
1421 153
1421 94
1421 203
1422 41
1422 153
1422 71
1422 136
1422 117
1422 129
1423 17
1423 8
1423 177
1423 61
1423 20
1423 126
1424 193
1424 3
1424 94
1424 126
1424 95
1424 195
1425 185
1425 67
1425 169
1425 184
1425 8
1425 136
1426 129
1426 166
1426 117
1426 177
1426 0
1426 102
1427 199
1427 209
1427 183
1427 65
1427 203
1427 126
1428 81
1428 13
1428 130
1428 108
1428 124
1428 145
1429 214
1429 87
1429 177
1429 209
1429 99
1429 94
1430 153
1430 81
1430 42
1430 187
1430 52
1430 84
1431 25
1431 102
1431 192
1431 153
1431 156
1431 99
1432 117
1432 68
1432 102
1432 192
1432 207
1432 188
1433 97
1433 53
1433 20
1433 5
1433 84
1433 17
1434 53
1434 81
1434 84
1434 177
1434 61
1434 17
1435 35
1435 40
1435 126
1435 17
1435 53
1435 81
1436 117
1436 103
1436 108
1436 198
1436 156
1436 31
1437 120
1437 153
1437 188
1437 65
1437 208
1437 161
1438 71
1438 57
1438 94
1438 35
1438 95
1438 117
1439 42
1439 109
1439 193
1439 81
1439 117
1439 26
1440 117
1440 35
1440 200
1440 194
1440 94
1440 13
1441 3
1441 85
1441 65
1441 94
1441 81
1441 167
1442 204
1442 119
1442 177
1442 117
1442 169
1442 17
1443 117
1443 53
1443 55
1443 132
1443 67
1443 153
1444 187
1444 139
1444 117
1444 42
1444 136
1444 99
1445 38
1445 139
1445 22
1445 81
1445 17
1445 27
1446 84
1446 53
1446 0
1446 3
1446 54
1446 205
1447 26
1447 127
1447 167
1447 117
1447 187
1447 22
1448 194
1448 35
1448 167
1448 81
1448 94
1448 153
1449 17
1449 132
1449 208
1449 136
1449 177
1449 130
1450 3
1450 29
1450 5
1450 94
1450 182
1450 153
1451 119
1451 156
1451 35
1451 81
1451 208
1451 161
1452 127
1452 96
1452 102
1452 166
1452 13
1452 20
1453 65
1453 194
1453 117
1453 127
1453 167
1453 136
1454 53
1454 29
1454 61
1454 127
1454 31
1454 108
1455 109
1455 177
1455 117
1455 192
1455 71
1455 57
1456 210
1456 53
1456 27
1456 161
1456 65
1456 187
1457 203
1457 53
1457 54
1457 161
1457 163
1457 24
1458 103
1458 3
1458 156
1458 36
1458 81
1458 67
1459 207
1459 81
1459 33
1459 102
1459 161
1459 163
1460 189
1460 84
1460 31
1460 53
1460 161
1460 200
1461 124
1461 117
1461 139
1461 161
1461 41
1461 31
1462 196
1462 124
1462 166
1462 136
1462 24
1462 53
1463 25
1463 141
1463 38
1463 40
1463 20
1463 53
1464 26
1464 192
1464 194
1464 153
1464 65
1464 38
1465 94
1465 167
1465 53
1465 81
1465 54
1465 169
1466 68
1466 54
1466 35
1466 65
1466 81
1466 94
1467 21
1467 85
1467 198
1467 129
1467 192
1467 33
1468 33
1468 0
1468 145
1468 179
1468 54
1468 108
1469 192
1469 54
1469 182
1469 194
1469 41
1469 17
1470 81
1470 186
1470 102
1470 207
1470 85
1470 17
1471 136
1471 84
1471 117
1471 200
1471 127
1471 145
1472 54
1472 73
1472 65
1472 177
1472 56
1472 8
1473 94
1473 8
1473 153
1473 156
1473 86
1473 199
1474 84
1474 210
1474 99
1474 153
1474 214
1474 211
1475 73
1475 27
1475 94
1475 177
1475 199
1475 117
1476 35
1476 8
1476 21
1476 208
1476 61
1476 54
1477 133
1477 21
1477 140
1477 109
1477 184
1477 117
1478 192
1478 199
1478 17
1478 13
1478 203
1478 39
1479 163
1479 85
1479 203
1479 5
1479 199
1479 214
1480 54
1480 136
1480 199
1480 117
1480 124
1480 192
1481 161
1481 94
1481 132
1481 3
1481 99
1481 20
1482 205
1482 139
1482 24
1482 28
1482 33
1482 109
1483 124
1483 179
1483 203
1483 95
1483 161
1483 8
1484 31
1484 137
1484 8
1484 139
1484 177
1484 99
1485 179
1485 55
1485 167
1485 41
1485 68
1485 57
1486 28
1486 42
1486 67
1486 109
1486 65
1486 17
1487 99
1487 17
1487 120
1487 185
1487 13
1487 182
1488 24
1488 177
1488 209
1488 81
1488 117
1488 84
1489 13
1489 102
1489 207
1489 56
1489 65
1489 17
1490 94
1490 169
1490 85
1490 54
1490 203
1490 161
1491 127
1491 117
1491 40
1491 200
1491 161
1491 102
1492 186
1492 214
1492 28
1492 209
1492 177
1492 192
1493 166
1493 94
1493 161
1493 109
1493 210
1493 129
1494 177
1494 119
1494 127
1494 199
1494 182
1494 129
1495 207
1495 117
1495 94
1495 5
1495 109
1495 55
1496 153
1496 140
1496 161
1496 200
1496 166
1496 17
1497 61
1497 117
1497 20
1497 127
1497 33
1497 54
1498 214
1498 95
1498 54
1498 207
1498 33
1498 99
1499 193
1499 109
1499 81
1499 127
1499 117
1499 41
1500 67
1500 81
1500 54
1500 56
1500 71
1500 13
1501 193
1501 95
1501 26
1501 127
1501 38
1501 40
1502 17
1502 20
1502 184
1502 179
1502 169
1502 203
1503 95
1503 65
1503 167
1503 39
1503 127
1503 67
1504 153
1504 33
1504 65
1504 203
1504 54
1504 119
1505 13
1505 179
1505 161
1505 182
1505 109
1505 25
1506 196
1506 33
1506 203
1506 179
1506 177
1506 153
1507 94
1507 35
1507 95
1507 81
1507 71
1507 120
1508 28
1508 84
1508 94
1508 170
1508 81
1508 153
1509 25
1509 153
1509 166
1509 117
1509 81
1509 194
1510 13
1510 35
1510 28
1510 182
1510 84
1510 20
1511 214
1511 54
1511 68
1511 71
1511 177
1511 192
1512 8
1512 140
1512 129
1512 20
1512 142
1512 94
1513 161
1513 8
1513 95
1513 65
1513 196
1513 199
1514 182
1514 71
1514 94
1514 117
1514 199
1514 141
1515 127
1515 42
1515 81
1515 65
1515 109
1515 199
1516 13
1516 188
1516 214
1516 0
1516 142
1516 139
1517 109
1517 54
1517 38
1517 17
1517 133
1517 153
1518 145
1518 65
1518 188
1518 119
1518 161
1518 153
1519 65
1519 117
1519 54
1519 56
1519 195
1519 203
1520 154
1520 3
1520 84
1520 127
1520 71
1520 81
1521 161
1521 41
1521 94
1521 17
1521 95
1521 163
1522 136
1522 161
1522 214
1522 117
1522 71
1522 177
1523 109
1523 145
1523 81
1523 166
1523 97
1523 54
1524 84
1524 199
1524 26
1524 94
1524 55
1524 203
1525 35
1525 177
1525 94
1525 179
1525 20
1525 26
1526 86
1526 195
1526 21
1526 17
1526 94
1526 186
1527 186
1527 54
1527 129
1527 13
1527 117
1527 65
1528 54
1528 117
1528 56
1528 17
1528 94
1528 61
1529 188
1529 179
1529 161
1529 29
1529 185
1529 214
1530 33
1530 5
1530 73
1530 192
1530 17
1530 55
1531 207
1531 84
1531 205
1531 167
1531 86
1531 203
1532 199
1532 161
1532 117
1532 84
1532 3
1532 154
1533 0
1533 65
1533 81
1533 203
1533 117
1533 20
1534 84
1534 117
1534 86
1534 154
1534 182
1534 142
1535 177
1535 193
1535 67
1535 188
1535 41
1535 99
1536 207
1536 209
1536 17
1536 199
1536 85
1536 203
1537 67
1537 166
1537 140
1537 177
1537 38
1537 161
1538 67
1538 71
1538 54
1538 73
1538 25
1538 119
1539 117
1539 28
1539 154
1539 177
1539 179
1539 182
1540 170
1540 154
1540 20
1540 139
1540 127
1540 119
1541 94
1541 33
1541 161
1541 166
1541 127
1541 13
1542 207
1542 3
1542 161
1542 95
1542 40
1542 185
1543 127
1543 81
1543 67
1543 182
1543 184
1543 56
1544 81
1544 166
1544 67
1544 38
1544 84
1544 117
1545 203
1545 207
1545 177
1545 33
1545 154
1545 13
1546 3
1546 100
1546 5
1546 161
1546 187
1546 81
1547 54
1547 119
1547 20
1547 3
1547 5
1547 81
1548 73
1548 119
1548 203
1548 71
1548 17
1548 81
1549 54
1549 161
1549 71
1549 84
1549 3
1549 154
1550 154
1550 5
1550 85
1550 182
1550 81
1550 170
1551 179
1551 81
1551 187
1551 182
1551 119
1551 161
1552 73
1552 183
1552 132
1552 36
1552 103
1552 39
1553 127
1553 54
1553 133
1553 68
1553 31
1553 192
1554 81
1554 67
1554 142
1554 161
1554 33
1554 195
1555 127
1555 119
1555 13
1555 192
1555 183
1555 8
1556 210
1556 38
1556 162
1556 170
1556 71
1556 154
1557 71
1557 179
1557 208
1557 161
1557 166
1557 109
1558 94
1558 170
1558 119
1558 13
1558 24
1558 42
1559 56
1559 54
1559 61
1559 20
1559 71
1559 67
1560 127
1560 61
1560 13
1560 109
1560 207
1560 38
1561 161
1561 54
1561 42
1561 167
1561 56
1561 214
1562 214
1562 179
1562 162
1562 192
1562 199
1562 163
1563 3
1563 41
1563 199
1563 67
1563 71
1563 5
1564 195
1564 25
1564 119
1564 127
1564 140
1564 145
1565 203
1565 179
1565 38
1565 85
1565 95
1565 193
1566 141
1566 54
1566 127
1566 136
1566 81
1566 56
1567 200
1567 192
1567 95
1567 161
1567 119
1567 109
1568 38
1568 42
1568 17
1568 100
1568 192
1568 145
1569 154
1569 161
1569 204
1569 166
1569 42
1569 61
1570 139
1570 205
1570 214
1570 119
1570 13
1570 97
1571 54
1571 188
1571 35
1571 127
1571 20
1571 61
1572 94
1572 81
1572 5
1572 186
1572 67
1572 162
1573 154
1573 67
1573 3
1573 119
1573 129
1573 71
1574 28
1574 61
1574 130
1574 17
1574 94
1574 87
1575 139
1575 154
1575 166
1575 100
1575 17
1575 0
1576 42
1576 127
1576 54
1576 214
1576 154
1576 13
1577 61
1577 142
1577 38
1577 133
1577 120
1577 179
1578 129
1578 33
1578 132
1578 179
1578 71
1578 136
1579 129
1579 161
1579 54
1579 163
1579 33
1579 67
1580 132
1580 195
1580 67
1580 96
1580 199
1580 203
1581 8
1581 179
1581 67
1581 120
1581 71
1581 162
1582 142
1582 39
1582 192
1582 120
1582 81
1582 84
1583 161
1583 13
1583 195
1583 120
1583 81
1583 35
1584 169
1584 203
1584 154
1584 179
1584 25
1584 5
1585 133
1585 100
1585 22
1585 35
1585 187
1585 129
1586 133
1586 161
1586 109
1586 102
1586 81
1586 17
1587 154
1587 54
1587 87
1587 194
1587 8
1587 33
1588 185
1588 54
1588 208
1588 132
1588 120
1588 137
1589 61
1589 13
1589 214
1589 154
1589 42
1589 120
1590 67
1590 203
1590 33
1590 8
1590 71
1590 73
1591 154
1591 67
1591 0
1591 120
1591 5
1591 133
1592 179
1592 109
1592 94
1592 161
1592 120
1592 132
1593 17
1593 132
1593 81
1593 84
1593 137
1593 71
1594 167
1594 154
1594 141
1594 169
1594 161
1594 192
1595 67
1595 13
1595 54
1595 182
1595 81
1595 179
1596 170
1596 85
1596 68
1596 73
1596 94
1596 86
1597 42
1597 161
1597 194
1597 183
1597 192
1597 39
1598 204
1598 71
1598 54
1598 56
1598 57
1598 142
1599 8
1599 161
1599 13
1599 163
1599 214
1599 67
1600 33
1600 132
1600 161
1600 54
1600 67
1600 192
1601 95
1601 67
1601 129
1601 100
1601 161
1601 132
1602 199
1602 55
1602 20
1602 188
1602 35
1602 57
1603 55
1603 5
1603 139
1603 81
1603 154
1603 192
1604 8
1604 169
1604 81
1604 35
1604 68
1604 56
1605 71
1605 67
1605 195
1605 81
1605 5
1605 137
1606 120
1606 179
1606 154
1606 13
1606 169
1606 55
1607 81
1607 35
1607 33
1607 20
1607 22
1607 109
1608 97
1608 8
1608 20
1608 25
1608 154
1608 208
1609 192
1609 182
1609 129
1609 161
1609 207
1609 120
1610 192
1610 102
1610 161
1610 8
1610 95
1610 20
1611 55
1611 200
1611 109
1611 20
1611 100
1611 84
1612 68
1612 27
1612 132
1612 39
1612 28
1612 81
1613 129
1613 109
1613 200
1613 120
1613 95
1613 166
1614 68
1614 179
1614 214
1614 161
1614 120
1614 137
1615 193
1615 33
1615 129
1615 132
1615 137
1615 179
1616 56
1616 109
1616 20
1616 179
1616 161
1616 5
1617 200
1617 21
1617 120
1617 22
1617 166
1617 27
1618 55
1618 200
1618 188
1618 161
1618 166
1618 81
1619 154
1619 5
1619 56
1619 8
1619 21
1619 214
1620 154
1620 5
1620 208
1620 8
1620 141
1620 179
1621 137
1621 68
1621 120
1621 214
1621 5
1621 109
1622 154
1622 26
1622 214
1622 167
1622 161
1622 163
1623 154
1623 55
1623 183
1623 35
1623 179
1623 166
1624 195
1624 81
1624 68
1624 5
1624 207
1624 84
1625 95
1625 86
1625 103
1625 182
1625 179
1625 120
1626 109
1626 210
1626 166
1626 33
1626 21
1626 179
1627 95
1627 196
1627 68
1627 81
1627 129
1627 84
1628 200
1628 161
1628 109
1628 195
1628 140
1628 137
1629 192
1629 194
1629 42
1629 68
1629 81
1629 195
1630 207
1630 166
1630 154
1630 183
1630 137
1630 179
1631 95
1631 109
1631 81
1631 85
1631 207
1631 5
1632 133
1632 84
1632 129
1632 211
1632 55
1632 5
1633 203
1633 154
1633 193
1633 95
1633 96
1633 200
1634 84
1634 182
1634 161
1634 95
1634 33
1634 163
1635 55
1635 68
1635 120
1635 214
1635 25
1635 85
1636 5
1636 55
1636 120
1636 21
1636 33
1636 129
1637 55
1637 68
1637 21
1637 33
1637 200
1637 184
1638 210
1638 154
1638 204
1638 39
1638 5
1638 203
1639 179
1639 137
1639 55
1639 95
1639 161
1639 182
1640 8
1640 179
1640 41
1640 21
1640 120
1640 129
1641 186
1641 130
1641 169
1641 0
1641 86
1641 95
1642 86
1642 132
1642 162
1642 192
1642 55
1642 194
1643 5
1643 95
1643 203
1643 182
1643 137
1643 129
1644 154
1644 161
1644 33
1644 200
1644 55
1644 36
1645 33
1645 192
1645 68
1645 55
1645 95
1645 182
1646 214
1646 120
1646 129
1646 21
1646 8
1646 182
1647 86
1647 95
1647 96
1647 109
1647 55
1647 39
1648 109
1648 154
1648 86
1648 95
1648 29
1648 120
1649 25
1649 95
1649 182
1649 68
1649 129
1649 194
1650 207
1650 166
1650 193
1650 169
1650 87
1650 154
1651 129
1651 120
1651 95
1651 141
1651 182
1651 40
1652 163
1652 100
1652 184
1652 196
1652 21
1652 55
1653 154
1653 41
1653 183
1653 170
1653 109
1653 120
1654 55
1654 87
1654 57
1654 97
1654 139
1654 27
1655 132
1655 137
1655 140
1655 68
1655 154
1655 129
1656 36
1656 195
1656 120
1656 21
1656 22
1656 100
1657 87
1657 203
1657 5
1657 21
1657 183
1657 132
1658 209
1658 55
1658 141
1658 154
1658 129
1658 207
1659 21
1659 22
1659 185
1659 24
1659 95
1659 120
1660 21
1660 129
1660 22
1660 141
1660 24
1660 87
1661 129
1661 163
1661 154
1661 87
1661 41
1661 95
1662 21
1662 36
1662 55
1662 100
1662 24
1662 109
1663 185
1663 183
1663 68
1663 154
1663 29
1663 187
1664 68
1664 39
1664 100
1664 214
1664 87
1664 95
1665 95
1665 129
1665 68
1665 55
1665 96
1665 36
1666 183
1666 68
1666 132
1666 139
1666 55
1666 196
1667 154
1667 161
1667 120
1667 163
1667 29
1667 166
1668 21
1668 87
1668 68
1668 95
1668 120
1668 55
1669 55
1669 33
1669 120
1669 87
1669 203
1669 214
1670 36
1670 87
1670 193
1670 5
1670 120
1670 137
1671 109
1671 5
1671 8
1671 154
1671 24
1671 87
1672 162
1672 163
1672 21
1672 120
1672 209
1672 68
1673 214
1673 194
1673 87
1673 183
1673 41
1673 129
1674 68
1674 56
1674 162
1674 21
1674 130
1674 133
1675 183
1675 185
1675 162
1675 39
1675 36
1675 68
1676 129
1676 203
1676 162
1676 95
1676 87
1676 102
1677 204
1677 95
1677 133
1677 55
1677 22
1677 203
1678 28
1678 214
1678 185
1678 183
1678 68
1678 162
1679 129
1679 55
1679 87
1679 162
1679 163
1679 140
1680 129
1680 192
1680 209
1680 36
1680 167
1680 132
1681 109
1681 129
1681 162
1681 36
1681 100
1681 183
1682 39
1682 22
1682 183
1682 29
1682 166
1682 130
1683 56
1683 162
1683 196
1683 87
1683 129
1683 132
1684 68
1684 183
1684 95
1684 130
1684 162
1684 96
1685 166
1685 55
1685 129
1685 5
1685 95
1685 57
1686 162
1686 109
1686 55
1686 137
1686 57
1686 36
1687 56
1687 22
1687 26
1687 109
1687 183
1687 39
1688 68
1688 183
1688 22
1688 5
1688 109
1688 130
1689 169
1689 102
1689 8
1689 133
1689 192
1689 5
1690 162
1690 129
1690 95
1690 163
1690 203
1690 22
1691 162
1691 87
1691 95
1691 96
1691 185
1691 100
1692 95
1692 129
1692 162
1692 183
1692 163
1692 132
1693 183
1693 187
1693 68
1693 203
1693 22
1693 100
1694 162
1694 95
1694 5
1694 87
1694 132
1694 96
1695 87
1695 95
1695 129
1695 109
1695 68
1695 96
1696 87
1696 22
1696 192
1696 183
1696 95
1696 129
1697 129
1697 132
1697 137
1697 139
1697 95
1697 22
1698 162
1698 56
1698 211
1698 102
1698 203
1698 36
1699 5
1699 130
1699 56
1699 87
1699 132
1699 27
1700 95
1700 162
1700 8
1700 22
1700 36
1700 183
1701 207
1701 22
1701 162
1701 56
1701 87
1701 185
1702 170
1702 28
1702 130
1702 87
1702 210
1702 132
1703 87
1703 56
1703 36
1703 68
1703 130
1703 24
1704 162
1704 211
1704 24
1704 87
1704 68
1704 8
1705 36
1705 39
1705 130
1705 132
1705 183
1705 137
1706 36
1706 130
1706 132
1706 87
1706 39
1706 166
1707 102
1707 24
1707 192
1707 68
1707 162
1707 167
1708 36
1708 130
1708 56
1708 24
1708 139
1708 196
1709 203
1709 130
1709 39
1709 102
1709 132
1709 95
1710 87
1710 95
1710 211
1710 162
1710 96
1710 130
1711 162
1711 193
1711 183
1711 87
1711 163
1711 208
1712 24
1712 68
1712 137
1712 167
1712 36
1712 56
1713 169
1713 188
1713 87
1713 25
1713 56
1713 187
1714 87
1714 95
1714 130
1714 162
1714 24
1714 183
1715 130
1715 205
1715 132
1715 36
1715 162
1715 163
1716 68
1716 214
1716 183
1716 130
1716 56
1716 162
1717 56
1717 87
1717 203
1717 183
1717 185
1717 39
1718 183
1718 41
1718 87
1718 95
1718 162
1718 96
1719 87
1719 162
1719 130
1719 203
1719 96
1719 183
1720 42
1720 130
1720 56
1720 57
1720 36
1720 68
1721 183
1721 204
1721 100
1721 102
1721 87
1721 56
1722 130
1722 103
1722 162
1722 87
1722 163
1722 133
1723 162
1723 130
1723 87
1723 166
1723 142
1723 95
1724 130
1724 162
1724 96
1724 27
1724 5
1724 183
1725 214
1725 87
1725 162
1725 130
1725 209
1725 203
1726 68
1726 183
1726 162
1726 57
1726 24
1726 87
1727 24
1727 188
1727 25
1727 56
1727 162
1727 203
1728 162
1728 95
1728 96
1728 5
1728 185
1728 211
1729 87
1729 162
1729 140
1729 163
1729 166
1729 68
1730 87
1730 24
1730 162
1730 41
1730 163
1730 166
1731 24
1731 163
1731 95
1731 183
1731 56
1731 5
1732 87
1732 24
1732 56
1732 192
1732 130
1732 25
1733 130
1733 40
1733 102
1733 163
1733 36
1733 41
1734 204
1734 130
1734 87
1734 102
1734 183
1734 207
1735 192
1735 183
1735 56
1735 68
1735 87
1735 132
1736 183
1736 56
1736 130
1736 163
1736 209
1736 87
1737 24
1737 95
1737 195
1737 163
1737 130
1737 100
1738 87
1738 204
1738 95
1738 169
1738 24
1738 25
1739 87
1739 130
1739 5
1739 132
1739 185
1739 24
1740 163
1740 40
1740 209
1740 87
1740 166
1740 214
1741 204
1741 87
1741 192
1741 8
1741 95
1741 24
1742 185
1742 36
1742 28
1742 39
1742 209
1742 187
1743 185
1743 56
1743 192
1743 96
1743 100
1743 57
1744 97
1744 167
1744 24
1744 56
1744 137
1744 163
1745 102
1745 163
1745 56
1745 96
1745 100
1745 185
1746 24
1746 96
1746 102
1746 209
1746 163
1746 185
1747 96
1747 170
1747 24
1747 130
1747 185
1747 163
1748 24
1748 140
1748 96
1748 196
1748 192
1748 102
1749 185
1749 41
1749 130
1749 39
1749 56
1749 57
1750 27
1750 24
1750 96
1750 40
1750 68
1750 170
1751 163
1751 166
1751 130
1751 96
1751 132
1751 102
1752 163
1752 214
1752 96
1752 205
1752 39
1752 56
1753 185
1753 8
1753 96
1753 133
1753 163
1753 130
1754 130
1754 5
1754 96
1754 25
1754 185
1754 27
1755 96
1755 137
1755 130
1755 133
1755 25
1755 139
1756 163
1756 185
1756 166
1756 25
1756 96
1756 130
1757 96
1757 130
1757 68
1757 56
1757 102
1757 25
1758 68
1758 185
1758 187
1758 25
1758 96
1758 102
1759 130
1759 133
1759 169
1759 137
1759 36
1759 5
1760 185
1760 130
1760 8
1760 56
1760 137
1760 102
1761 204
1761 42
1761 96
1761 207
1761 56
1761 166
1762 96
1762 130
1762 102
1762 170
1762 56
1762 193
1763 186
1763 192
1763 96
1763 163
1763 188
1763 25
1764 192
1764 42
1764 130
1764 195
1764 163
1764 166
1765 163
1765 186
1765 188
1765 96
1765 133
1765 56
1766 96
1766 36
1766 25
1766 5
1766 103
1766 192
1767 0
1767 167
1767 42
1767 186
1767 130
1767 36
1768 130
1768 133
1768 163
1768 186
1768 192
1768 137
1769 186
1769 133
1769 96
1769 163
1769 103
1769 130
1770 186
1770 56
1770 130
1770 96
1770 103
1770 133
1771 137
1771 56
1771 96
1771 204
1771 103
1771 163
1772 96
1772 163
1772 130
1772 103
1772 27
1772 133
1773 56
1773 186
1773 204
1773 25
1773 192
1773 27
1774 56
1774 96
1774 204
1774 130
1774 5
1774 133
1775 204
1775 207
1775 25
1775 56
1775 186
1775 208
1776 140
1776 25
1776 28
1776 186
1776 42
1776 96
1777 163
1777 192
1777 56
1777 36
1777 130
1777 166
1778 96
1778 130
1778 57
1778 186
1778 103
1778 133
1779 204
1779 25
1779 27
1779 166
1779 186
1779 28
1780 192
1780 170
1780 204
1780 167
1780 130
1780 0
1781 96
1781 103
1781 41
1781 130
1781 133
1781 195
1782 25
1782 96
1782 139
1782 140
1782 103
1782 195
1783 103
1783 130
1783 139
1783 187
1783 25
1783 96
1784 96
1784 130
1784 133
1784 192
1784 137
1784 195
1785 130
1785 8
1785 186
1785 27
1785 170
1785 163
1786 25
1786 103
1786 130
1786 96
1786 133
1786 137
1787 211
1787 25
1787 29
1787 163
1787 204
1787 96
1788 25
1788 169
1788 27
1788 186
1788 96
1788 103
1789 163
1789 166
1789 56
1789 57
1789 103
1789 130
1790 103
1790 137
1790 28
1790 186
1790 192
1790 41
1791 210
1791 96
1791 103
1791 25
1791 130
1791 133
1792 137
1792 130
1792 56
1792 186
1792 96
1792 42
1793 163
1793 186
1793 166
1793 103
1793 5
1793 96
1794 130
1794 163
1794 137
1794 192
1794 133
1794 166
1795 39
1795 103
1795 36
1795 41
1795 96
1795 163
1796 25
1796 192
1796 133
1796 130
1796 96
1796 103
1797 130
1797 103
1797 96
1797 39
1797 133
1797 27
1798 130
1798 133
1798 8
1798 96
1798 5
1798 103
1799 130
1799 96
1799 25
1799 196
1799 56
1799 103
1800 208
1800 169
1800 186
1800 96
1800 57
1800 130
1801 96
1801 130
1801 56
1801 103
1801 163
1801 187
1802 141
1802 130
1802 29
1802 205
1802 208
1802 133
1803 96
1803 167
1803 103
1803 163
1803 137
1803 25
1804 96
1804 186
1804 205
1804 195
1804 103
1804 133
1805 97
1805 103
1805 8
1805 25
1805 163
1805 29
1806 25
1806 97
1806 103
1806 192
1806 186
1806 195
1807 25
1807 133
1807 57
1807 97
1807 41
1807 103
1808 97
1808 25
1808 167
1808 29
1808 36
1808 103
1809 97
1809 139
1809 133
1809 167
1809 103
1809 137
1810 167
1810 137
1810 57
1810 133
1810 169
1810 97
1811 186
1811 139
1811 57
1811 133
1811 140
1811 25
1812 103
1812 36
1812 205
1812 25
1812 211
1812 186
1813 186
1813 36
1813 39
1813 192
1813 57
1813 133
1814 36
1814 205
1814 8
1814 97
1814 25
1814 29
1815 208
1815 211
1815 25
1815 139
1815 140
1815 97
1816 25
1816 103
1816 192
1816 97
1816 29
1816 36
1817 57
1817 186
1817 192
1817 195
1817 205
1817 141
1818 25
1818 208
1818 205
1818 97
1818 167
1818 169
1819 133
1819 167
1819 103
1819 97
1819 139
1819 140
1820 208
1820 5
1820 205
1820 186
1820 97
1820 0
1821 133
1821 36
1821 139
1821 167
1821 97
1821 103
1822 25
1822 186
1822 97
1822 167
1822 29
1822 210
1823 39
1823 205
1823 167
1823 209
1823 133
1823 139
1824 167
1824 169
1824 36
1824 57
1824 186
1824 97
1825 57
1825 97
1825 139
1825 103
1825 186
1825 25
1826 140
1826 97
1826 167
1826 169
1826 103
1826 39
1827 29
1827 26
1827 140
1827 167
1827 39
1827 169
1828 167
1828 140
1828 57
1828 5
1828 39
1828 97
1829 39
1829 41
1829 169
1829 186
1829 192
1829 196
1830 187
1830 140
1830 57
1830 5
1830 25
1830 97
1831 167
1831 169
1831 209
1831 141
1831 25
1831 205
1832 97
1832 103
1832 141
1832 208
1832 167
1832 169
1833 97
1833 103
1833 5
1833 167
1833 169
1833 141
1834 39
1834 0
1834 208
1834 25
1834 141
1834 5
1835 8
1835 187
1835 167
1835 192
1835 141
1835 25
1836 39
1836 97
1836 5
1836 205
1836 208
1836 103
1837 97
1837 57
1837 141
1837 167
1837 169
1837 187
1838 5
1838 187
1838 167
1838 170
1838 192
1838 196
1839 97
1839 39
1839 25
1839 187
1839 141
1839 192
1840 170
1840 40
1840 97
1840 141
1840 187
1840 192
1841 39
1841 141
1841 0
1841 25
1841 97
1841 41
1842 26
1842 57
1842 97
1842 141
1842 39
1842 170
1843 39
1843 0
1843 192
1843 97
1843 8
1843 141
1844 39
1844 141
1844 170
1844 97
1844 26
1844 196
1845 210
1845 141
1845 170
1845 187
1845 97
1845 205
1846 39
1846 141
1846 170
1846 57
1846 97
1846 187
1847 170
1847 39
1847 187
1847 26
1847 141
1847 41
1848 0
1848 208
1848 205
1848 97
1848 141
1848 40
1849 187
1849 97
1849 192
1849 57
1849 141
1849 170
1850 211
1850 141
1850 187
1850 97
1850 170
1850 193
1851 141
1851 40
1851 170
1851 193
1851 187
1851 57
1852 141
1852 170
1852 187
1852 193
1852 196
1852 40
1853 170
1853 97
1853 141
1853 40
1853 187
1853 193
1854 141
1854 170
1854 97
1854 187
1854 5
1854 193
1855 141
1855 205
1855 26
1855 97
1855 170
1855 187
1856 97
1856 26
1856 170
1856 40
1856 187
1856 193
1857 40
1857 141
1857 5
1857 170
1857 187
1857 193
1858 170
1858 187
1858 141
1858 193
1858 40
1858 196
1859 141
1859 211
1859 40
1859 42
1859 170
1859 187
1860 57
1860 141
1860 170
1860 205
1860 0
1860 187
1861 196
1861 57
1861 141
1861 170
1861 187
1861 26
1862 141
1862 57
1862 170
1862 187
1862 193
1862 40
1863 170
1863 141
1863 187
1863 193
1863 196
1863 26
1864 205
1864 141
1864 26
1864 170
1864 187
1864 193
1865 40
1865 141
1865 170
1865 187
1865 57
1865 208
1866 209
1866 196
1866 26
1866 211
1866 141
1866 170
1867 40
1867 141
1867 205
1867 208
1867 41
1867 170
1868 170
1868 205
1868 187
1868 196
1868 26
1868 193
1869 40
1869 57
1869 26
1869 170
1869 41
1869 193
1870 57
1870 170
1870 187
1870 0
1870 193
1870 196
1871 170
1871 187
1871 196
1871 193
1871 40
1871 205
1872 57
1872 0
1872 170
1872 187
1872 193
1872 5
1873 170
1873 187
1873 193
1873 26
1873 196
1873 205
1874 210
1874 187
1874 193
1874 170
1874 196
1874 211
1875 40
1875 170
1875 187
1875 193
1875 196
1875 205
1876 57
1876 170
1876 193
1876 196
1876 205
1876 40
1877 170
1877 26
1877 193
1877 196
1877 205
1877 208
1878 40
1878 170
1878 193
1878 205
1878 208
1878 210
1879 40
1879 193
1879 170
1879 205
1879 208
1879 57
1880 170
1880 193
1880 57
1880 205
1880 208
1880 210
1881 170
1881 40
1881 205
1881 208
1881 210
1881 211
1882 205
1882 26
1882 57
1882 208
1882 210
1882 40
1883 205
1883 208
1883 210
1883 211
1883 0
1883 40
1884 205
1884 208
1884 210
1884 211
1884 40
1884 5
1885 26
1885 205
1885 208
1885 210
1885 211
1885 0
1886 205
1886 209
1886 211
1886 0
1886 26
1886 5
1887 205
1887 40
1887 41
1887 209
1887 211
1887 0
1888 209
1888 26
1888 211
1888 0
1888 5
1888 40
1889 209
1889 40
1889 211
1889 0
1889 5
1889 26
1890 209
1890 211
1890 0
1890 5
1890 26
1890 40
1891 42
1891 5
1891 40
1891 57
1891 209
1891 211
1892 209
1892 211
1892 57
1892 5
1892 40
1892 41
1893 40
1893 209
1893 211
1893 57
1893 5
1893 41
1894 209
1894 211
1894 5
1894 40
1894 41
1894 57
1895 40
1895 5
1895 210
1895 211
1895 41
1895 57
1896 210
1896 211
1896 40
1896 41
1896 57
1897 40
1897 41
1897 57
1897 210
1897 211
1898 40
1898 210
1898 211
1898 41
1898 57
1899 210
1899 42
1899 211
1899 40
1900 210
1900 211
1900 40
1900 41
1901 40
1901 210
1901 41
1901 211
1902 210
1902 42
1902 211
1902 40
1903 210
1903 211
1903 40
1903 41
1904 40
1904 210
1904 41
1904 211
1905 40
1905 210
1905 41
1905 211
1906 210
1906 211
1906 40
1906 41
1907 210
1907 40
1907 211
1907 41
1908 210
1908 40
1908 41
1909 40
1909 210
1909 41
1910 210
1910 40
1910 41
1911 210
1911 40
1911 41
1912 210
1912 40
1912 41
1913 210
1913 40
1913 41
1914 210
1914 40
1914 41
1915 210
1915 40
1915 41
1916 210
1916 40
1916 41
1917 40
1917 41
1917 210
1918 40
1918 210
1918 41
1919 40
1919 210
1919 41
1920 210
1920 40
1920 41
1921 210
1921 40
1921 41
1922 210
1922 40
1922 41
1923 210
1923 40
1923 41
1924 41
1924 210
1925 41
1925 210
1926 210
1926 41
1927 41
1928 41
1929 41
1930 41
1931 42
1932 42
1933 42
1934 42
1935 42
1936 42
1937 42
1938 42
1939 42
1940 42
1941 42
1942 42
1943 42
1944 42
1945 42
1946 42
1947 42
1948 42
1949 42
1950 42
1951 42
1952 42
1953 42
1954 42
1955 42
1956 42
1957 42
1958 42
1959 42
1960 42
1961 42
1962 42
1963 42
1964 42
1965 42
1966 42
1967 42
1968 42
1969 42
1970 42
1971 42
1972 42
1973 42
1974 42
