1 174
1 108
1 220
1 94
1 158
1 179
2 199
2 133
2 41
2 21
2 214
2 238
3 6
3 13
3 201
3 186
3 65
3 128
4 248
4 50
4 82
4 108
4 129
4 256
5 174
5 195
5 257
5 263
5 66
5 197
6 198
6 264
6 14
6 153
6 75
6 174
7 41
7 104
7 102
7 188
7 227
7 218
8 175
8 152
8 227
8 47
8 95
8 54
9 145
9 11
9 140
9 172
9 224
9 169
10 241
10 88
10 202
10 23
10 38
10 223
11 29
11 187
11 87
11 178
11 119
11 90
12 257
12 155
12 25
12 197
12 92
12 216
13 180
13 225
13 10
13 79
13 138
13 84
14 117
14 235
14 170
14 84
14 87
14 179
15 168
15 181
15 46
15 108
15 245
15 71
16 118
16 139
16 106
16 100
16 202
16 256
17 70
17 254
17 235
17 119
17 227
17 264
18 202
18 67
18 52
18 258
18 3
18 226
19 40
19 119
19 112
19 260
19 233
19 45
20 161
20 149
20 193
20 3
20 224
20 176
21 119
21 239
21 134
21 121
21 105
21 130
22 121
22 205
22 100
22 173
22 62
22 55
23 216
23 161
23 128
23 40
23 110
23 231
24 205
24 102
24 198
24 145
24 9
24 266
25 197
25 86
25 121
25 113
25 131
25 102
26 58
26 30
26 49
26 72
26 26
26 75
27 11
27 25
27 47
27 206
27 53
27 150
28 96
28 224
28 236
28 116
28 54
28 241
29 259
29 155
29 98
29 252
29 104
29 132
30 235
30 240
30 209
30 148
30 105
30 158
31 144
31 199
31 51
31 221
31 31
31 57
32 185
32 189
32 48
32 148
32 127
32 257
33 164
33 19
33 195
33 120
33 237
33 141
34 126
34 202
34 69
34 264
34 83
34 122
35 110
35 41
35 203
35 37
35 245
35 177
36 199
36 194
36 196
36 8
36 53
36 33
37 51
37 150
37 185
37 83
37 74
37 56
38 231
38 29
38 151
38 180
38 139
38 37
39 241
39 81
39 99
39 266
39 68
39 5
40 2
40 131
40 234
40 147
40 177
40 156
41 79
41 59
41 66
41 62
41 106
41 164
42 5
42 190
42 27
42 142
42 80
42 112
43 154
43 250
43 13
43 130
43 54
43 34
44 64
44 128
44 58
44 230
44 232
44 36
45 191
45 58
45 150
45 85
45 255
45 158
46 67
46 175
46 71
46 120
46 35
46 153
47 238
47 65
47 225
47 70
47 117
47 211
48 208
48 14
48 41
48 245
48 86
48 186
49 29
49 91
49 212
49 33
49 181
49 259
50 156
50 30
50 118
50 166
50 19
50 135
51 171
51 15
51 100
51 203
51 97
51 74
52 7
52 39
52 13
52 9
52 263
52 170
53 176
53 113
53 220
53 196
53 80
53 256
54 34
54 148
54 220
54 252
54 55
54 1
55 79
55 99
55 80
55 57
55 75
55 209
56 87
56 124
56 82
56 93
56 126
56 9
57 81
57 229
57 182
57 18
57 58
57 165
58 147
58 204
58 158
58 29
58 31
58 16
59 111
59 183
59 241
59 159
59 77
59 68
60 237
60 241
60 218
60 56
60 13
60 44
61 133
61 260
61 247
61 137
61 140
61 206
62 11
62 2
62 15
62 259
62 79
62 195
63 125
63 187
63 144
63 20
63 122
63 205
64 33
64 97
64 217
64 26
64 226
64 75
65 3
65 98
65 260
65 25
65 170
65 205
66 174
66 194
66 201
66 70
66 42
66 228
67 193
67 161
67 195
67 236
67 28
67 253
68 71
68 174
68 61
68 117
68 38
68 63
69 255
69 129
69 113
69 178
69 166
69 137
70 64
70 148
70 7
70 221
70 58
70 228
71 60
71 168
71 80
71 120
71 122
71 17
72 97
72 262
72 179
72 81
72 53
72 77
73 141
73 44
73 46
73 129
73 80
73 69
74 248
74 195
74 101
74 220
74 154
74 88
75 156
75 133
75 151
75 259
75 134
75 94
76 13
76 96
76 119
76 81
76 27
76 76
77 243
77 119
77 96
77 126
77 211
77 255
78 11
78 201
78 29
78 87
78 212
78 85
79 174
79 190
79 71
79 175
79 87
79 163
80 239
80 158
80 189
80 172
80 202
80 75
81 58
81 77
81 174
81 219
81 109
81 245
82 255
82 45
82 33
82 104
82 98
82 62
83 165
83 266
83 222
83 241
83 219
83 8
84 60
84 26
84 93
84 57
84 59
84 155
85 252
85 255
85 161
85 24
85 219
85 111
86 26
86 145
86 42
86 260
86 262
86 44
87 48
87 0
87 116
87 10
87 114
87 181
88 155
88 160
88 204
88 223
88 24
88 88
89 200
89 230
89 31
89 253
89 220
89 97
90 233
90 81
90 264
90 116
90 24
90 97
91 256
91 209
91 101
91 249
91 41
91 54
92 23
92 180
92 188
92 223
92 25
92 73
93 83
93 257
93 158
93 38
93 60
93 3
94 219
94 92
94 46
94 146
94 134
94 182
95 165
95 148
95 152
95 230
95 65
95 115
96 85
96 87
96 121
96 55
96 67
96 119
97 223
97 232
97 18
97 132
97 189
97 174
98 82
98 68
98 255
98 44
98 187
98 139
99 188
99 25
99 72
99 244
99 39
99 10
100 88
100 77
100 118
100 86
100 133
100 157
101 9
101 11
101 78
101 12
101 147
101 237
102 70
102 56
102 49
102 141
102 76
102 211
103 203
103 222
103 66
103 192
103 168
103 1
104 19
104 86
104 248
104 65
104 183
104 29
105 196
105 242
105 65
105 177
105 107
105 223
106 189
106 136
106 192
106 92
106 259
106 236
107 139
107 143
107 262
107 162
107 226
107 123
108 51
108 64
108 200
108 261
108 246
108 228
109 248
109 128
109 136
109 234
109 42
109 111
110 153
110 239
110 157
110 67
110 114
110 22
111 185
111 151
111 26
111 28
111 176
111 255
112 132
112 30
112 140
112 79
112 83
112 2
113 169
113 81
113 179
113 187
113 171
113 155
114 52
114 41
114 242
114 1
114 126
114 243
115 135
115 199
115 102
115 183
115 109
115 111
116 47
116 210
116 191
116 6
116 208
116 118
117 14
117 136
117 101
117 190
117 255
117 57
118 265
118 36
118 93
118 190
118 57
118 59
119 252
119 58
119 263
119 117
119 259
119 177
120 115
120 210
120 15
120 24
120 31
120 255
121 249
121 245
121 38
121 176
121 62
121 178
122 25
122 188
122 155
122 17
122 0
122 226
123 48
123 174
123 227
123 149
123 110
123 184
124 79
124 1
124 172
124 73
124 119
124 29
125 42
125 131
125 65
125 100
125 215
125 55
126 113
126 201
126 102
126 99
126 104
126 214
127 95
127 155
127 212
127 32
127 51
127 123
128 122
128 93
128 91
128 60
128 74
128 128
129 212
129 35
129 159
129 116
129 149
129 9
130 231
130 75
130 131
130 257
130 143
130 7
131 243
131 41
131 51
131 245
131 146
131 26
132 149
132 69
132 153
132 135
132 17
132 74
133 79
133 59
133 141
133 159
133 206
133 259
134 192
134 16
134 157
134 70
134 169
134 99
135 128
135 213
135 15
135 174
135 190
135 113
136 187
136 172
136 120
136 72
136 250
136 188
137 9
137 128
137 149
137 245
137 185
137 38
138 162
138 241
138 132
138 210
138 1
138 167
139 103
139 128
139 245
139 83
139 60
139 87
140 78
140 38
140 55
140 210
140 169
140 216
141 169
141 68
141 226
141 75
141 56
141 164
142 115
142 219
142 149
142 234
142 212
142 266
143 113
143 187
143 208
143 149
143 143
143 242
144 222
144 95
144 143
144 104
144 138
144 78
145 121
145 227
145 208
145 183
145 123
145 245
146 99
146 14
146 247
146 30
146 58
146 129
147 41
147 200
147 80
147 43
147 36
147 114
148 193
148 234
148 226
148 158
148 27
148 182
149 37
149 244
149 137
149 149
149 60
149 130
150 108
150 206
150 43
150 116
150 253
150 225
151 262
151 221
151 41
151 160
151 203
151 110
152 262
152 34
152 23
152 35
152 169
152 83
153 192
153 28
153 194
153 160
153 221
153 53
154 180
154 28
154 82
154 113
154 215
154 30
155 178
155 119
155 179
155 112
155 17
155 4
156 32
156 255
156 210
156 256
156 138
156 259
157 266
157 219
157 17
157 56
157 236
157 189
158 87
158 222
158 239
158 89
158 74
158 55
159 46
159 137
159 202
159 52
159 243
159 215
160 13
160 35
160 162
160 157
160 251
160 202
161 129
161 248
161 163
161 35
161 37
161 238
162 227
162 17
162 122
162 15
162 93
162 68
163 231
163 108
163 195
163 165
163 60
163 96
164 172
164 94
164 55
164 21
164 45
164 223
165 113
165 206
165 192
165 166
165 255
165 8
166 160
166 235
166 260
166 91
166 8
166 37
167 222
167 110
167 208
167 188
167 179
167 266
168 84
168 60
168 36
168 72
168 79
168 53
169 230
169 101
169 227
169 48
169 25
169 75
170 138
170 32
170 265
170 72
170 110
170 165
171 232
171 97
171 200
171 234
171 244
171 143
172 142
172 35
172 246
172 239
172 11
172 241
173 233
173 15
173 257
173 208
173 169
173 160
174 13
174 5
174 93
174 247
174 140
174 214
175 242
175 48
175 7
175 60
175 189
175 142
176 137
176 125
176 262
176 51
176 96
176 233
177 264
177 85
177 46
177 64
177 170
177 3
178 123
178 74
178 194
178 12
178 185
178 49
179 219
179 193
179 97
179 68
179 87
179 240
180 63
180 136
180 56
180 57
180 145
180 100
181 149
181 190
181 202
181 239
181 83
181 167
182 165
182 88
182 147
182 63
182 43
182 207
183 206
183 121
183 200
183 236
183 132
183 154
184 179
184 122
184 21
184 115
184 4
184 222
185 206
185 41
185 110
185 132
185 151
185 244
186 13
186 165
186 149
186 230
186 253
186 69
187 90
187 74
187 115
187 186
187 83
187 71
188 111
188 43
188 46
188 225
188 177
188 61
189 110
189 116
189 144
189 64
189 91
189 177
190 56
190 30
190 241
190 1
190 71
190 75
191 66
191 175
191 207
191 22
191 244
191 129
192 224
192 138
192 123
192 136
192 132
192 143
193 227
193 249
193 200
193 234
193 255
193 18
194 200
194 255
194 227
194 6
194 41
194 135
195 37
195 81
195 100
195 84
195 54
195 259
196 36
196 176
196 249
196 197
196 72
196 238
197 54
197 216
197 69
197 97
197 241
197 36
198 147
198 56
198 132
198 68
198 167
198 162
199 237
199 93
199 75
199 132
199 221
199 201
200 195
200 51
200 53
200 88
200 78
200 183
201 129
201 30
201 123
201 57
201 216
201 199
202 203
202 19
202 141
202 174
202 177
202 172
203 160
203 219
203 215
203 225
203 196
203 121
204 34
204 154
204 99
204 256
204 90
204 112
205 84
205 52
205 181
205 94
205 221
205 235
206 30
206 253
206 192
206 19
206 64
206 144
207 4
207 49
207 51
207 213
207 102
207 28
208 33
208 187
208 213
208 56
208 230
208 35
209 116
209 165
209 98
209 51
209 14
209 74
210 22
210 17
210 255
210 147
210 66
210 120
211 43
211 10
211 181
211 247
211 192
211 172
212 69
212 7
212 129
212 186
212 78
212 64
213 34
213 88
213 232
213 195
213 213
213 260
214 34
214 15
214 187
214 226
214 192
214 215
215 210
215 60
215 172
215 37
215 86
215 207
216 157
216 3
216 160
216 95
216 200
216 36
217 245
217 145
217 114
217 192
217 136
217 182
218 41
218 202
218 214
218 91
218 216
218 223
219 241
219 231
219 163
219 264
219 123
219 203
220 54
220 70
220 137
220 44
220 99
220 169
221 159
221 259
221 99
221 219
221 61
221 244
222 141
222 107
222 255
222 41
222 70
222 199
223 129
223 166
223 195
223 199
223 9
223 125
224 32
224 110
224 157
224 182
224 126
224 219
225 170
225 14
225 163
225 186
225 190
225 90
226 9
226 213
226 182
226 130
226 56
226 116
227 211
227 133
227 163
227 172
227 134
227 8
228 255
228 129
228 90
228 147
228 219
228 78
229 36
229 23
229 249
229 188
229 112
229 45
230 98
230 264
230 26
230 163
230 244
230 14
231 145
231 102
231 8
231 71
231 43
231 199
232 3
232 126
232 17
232 137
232 155
232 5
233 71
233 235
233 256
233 259
233 7
233 132
234 86
234 54
234 120
234 102
234 94
234 207
235 122
235 93
235 32
235 256
235 58
235 129
236 256
236 49
236 238
236 138
236 189
236 92
237 228
237 98
237 175
237 174
237 139
237 214
238 12
238 240
238 77
238 56
238 82
238 170
239 215
239 144
239 65
239 219
239 23
239 118
240 17
240 169
240 12
240 214
240 238
240 10
241 251
241 238
241 76
241 7
241 75
241 66
242 10
242 73
242 14
242 95
242 132
242 46
243 36
243 101
243 31
243 78
243 221
243 145
244 118
244 159
244 12
244 236
244 5
244 28
245 8
245 184
245 204
245 61
245 41
245 130
246 92
246 175
246 134
246 61
246 194
246 190
247 87
247 265
247 184
247 33
247 151
247 136
248 18
248 87
248 27
248 144
248 266
248 30
249 1
249 180
249 35
249 251
249 182
249 195
250 77
250 152
250 68
250 197
250 53
250 183
251 110
251 160
251 181
251 142
251 64
251 223
252 175
252 192
252 3
252 250
252 10
252 244
253 126
253 35
253 0
253 7
253 33
253 137
254 1
254 185
254 7
254 120
254 12
254 249
255 52
255 72
255 33
255 31
255 43
255 210
256 111
256 210
256 234
256 0
256 76
256 238
257 96
257 242
257 86
257 140
257 172
257 129
258 69
258 259
258 136
258 247
258 110
258 232
259 185
259 245
259 227
259 256
259 125
259 259
260 226
260 110
260 208
260 204
260 250
260 233
261 118
261 49
261 222
261 120
261 152
261 228
262 114
262 45
262 236
262 224
262 263
262 38
263 240
263 74
263 227
263 56
263 85
263 219
264 238
264 72
264 159
264 75
264 242
264 54
265 100
265 219
265 169
265 125
265 178
265 160
266 231
266 79
266 87
266 0
266 197
266 235
267 56
267 233
267 184
267 211
267 202
267 111
268 137
268 43
268 33
268 101
268 190
268 87
269 105
269 250
269 129
269 202
269 44
269 163
270 204
270 170
270 96
270 36
270 172
270 98
271 74
271 69
271 262
271 65
271 90
271 108
272 226
272 147
272 91
272 136
272 246
272 260
273 210
273 39
273 163
273 103
273 61
273 180
274 206
274 7
274 44
274 190
274 69
274 192
275 122
275 54
275 205
275 165
275 93
275 110
276 192
276 32
276 259
276 225
276 241
276 244
277 197
277 44
277 116
277 219
277 237
277 69
278 5
278 138
278 227
278 169
278 140
278 167
279 102
279 67
279 115
279 247
279 201
279 9
280 44
280 147
280 84
280 120
280 210
280 121
281 144
281 219
281 249
281 253
281 165
281 125
282 186
282 230
282 246
282 189
282 149
282 16
283 212
283 139
283 241
283 226
283 177
283 54
284 167
284 174
284 75
284 51
284 12
284 110
285 82
285 100
285 166
285 261
285 190
285 240
286 206
286 123
286 51
286 180
286 126
286 244
287 54
287 163
287 237
287 61
287 28
287 99
288 79
288 196
288 165
288 124
288 61
288 35
289 155
289 0
289 123
289 141
289 78
289 136
290 207
290 54
290 197
290 161
290 246
290 138
291 119
291 159
291 245
291 1
291 49
291 58
292 182
292 202
292 116
292 20
292 204
292 206
293 143
293 266
293 239
293 219
293 263
293 38
294 176
294 87
294 210
294 216
294 205
294 105
295 259
295 152
295 19
295 233
295 74
295 8
296 216
296 214
296 221
296 138
296 136
296 105
297 219
297 205
297 159
297 230
297 94
297 184
298 45
298 21
298 229
298 253
298 244
298 266
299 142
299 212
299 126
299 170
299 230
299 188
300 232
300 92
300 88
300 139
300 123
300 256
301 177
301 229
301 202
301 163
301 72
301 102
302 108
302 44
302 23
302 15
302 110
302 157
303 39
303 256
303 247
303 61
303 249
303 262
304 56
304 129
304 150
304 99
304 202
304 119
305 224
305 219
305 133
305 252
305 256
305 114
306 212
306 207
306 220
306 199
306 79
306 86
307 227
307 110
307 138
307 204
307 252
307 221
308 251
308 138
308 252
308 28
308 146
308 64
309 194
309 229
309 6
309 44
309 221
309 246
310 70
310 231
310 125
310 166
310 84
310 18
311 98
311 260
311 236
311 213
311 38
311 54
312 44
312 142
312 12
312 46
312 219
312 166
313 14
313 178
313 251
313 196
313 170
313 172
314 257
314 211
314 112
314 97
314 85
314 116
315 51
315 182
315 80
315 125
315 188
315 264
316 37
316 145
316 39
316 257
316 112
316 143
317 39
317 129
317 6
317 205
317 185
317 208
318 122
318 263
318 207
318 211
318 110
318 2
319 147
319 31
319 137
319 204
319 149
319 249
320 51
320 101
320 262
320 199
320 249
320 261
321 215
321 196
321 247
321 219
321 249
321 54
322 199
322 215
322 54
322 240
322 142
322 81
323 140
323 64
323 153
323 44
323 189
323 226
324 246
324 221
324 166
324 99
324 58
324 26
325 166
325 215
325 27
325 124
325 170
325 181
326 226
326 57
326 172
326 123
326 156
326 213
327 82
327 256
327 5
327 52
327 132
327 129
328 219
328 94
328 149
328 6
328 56
328 24
329 145
329 97
329 251
329 130
329 214
329 182
330 30
330 214
330 183
330 136
330 22
330 153
331 2
331 28
331 266
331 44
331 240
331 15
332 23
332 261
332 230
332 15
332 98
332 36
333 163
333 216
333 161
333 88
333 143
333 44
334 257
334 104
334 17
334 106
334 251
334 63
335 96
335 200
335 56
335 154
335 44
335 166
336 24
336 195
336 229
336 12
336 28
336 75
337 75
337 230
337 219
337 236
337 84
337 110
338 229
338 210
338 84
338 179
338 165
338 117
339 26
339 32
339 152
339 213
339 224
339 207
340 92
340 118
340 76
340 226
340 203
340 5
341 44
341 160
341 30
341 106
341 158
341 32
342 235
342 37
342 125
342 223
342 195
342 179
343 153
343 23
343 155
343 35
343 66
343 203
344 141
344 239
344 152
344 111
344 257
344 178
345 86
345 76
345 261
345 44
345 159
345 136
346 67
346 99
346 174
346 169
346 10
346 219
347 220
347 246
347 61
347 107
347 32
347 141
348 159
348 169
348 176
348 81
348 251
348 145
349 95
349 236
349 219
349 125
349 121
349 193
350 129
350 53
350 219
350 132
350 85
350 264
351 57
351 172
351 240
351 87
351 154
351 129
352 199
352 45
352 208
352 124
352 158
352 182
353 37
353 219
353 118
353 75
353 98
353 132
354 239
354 155
354 51
354 233
354 251
354 142
355 154
355 48
355 156
355 54
355 176
355 251
356 7
356 61
356 257
356 190
356 251
356 197
357 18
357 69
357 189
357 86
357 143
357 21
358 6
358 12
358 28
358 23
358 61
358 51
359 34
359 264
359 194
359 176
359 150
359 137
360 166
360 153
360 3
360 155
360 257
360 235
361 95
361 149
361 204
361 169
361 242
361 219
362 87
362 79
362 227
362 8
362 186
362 49
363 192
363 153
363 126
363 187
363 205
363 106
364 200
364 172
364 196
364 257
364 149
364 156
365 259
365 216
365 226
365 105
365 10
365 48
366 44
366 212
366 134
366 186
366 85
366 98
367 214
367 187
367 113
367 174
367 115
367 53
368 20
368 73
368 67
368 167
368 5
368 116
369 56
369 261
369 121
369 123
369 266
369 103
370 47
370 72
370 30
370 31
370 172
370 118
371 100
371 36
371 111
371 214
371 142
371 170
372 172
372 192
372 31
372 183
372 99
372 61
373 241
373 58
373 222
373 24
373 61
373 108
374 167
374 235
374 190
374 253
374 199
374 44
375 77
375 206
375 34
375 31
375 265
375 122
376 7
376 137
376 14
376 47
376 186
376 62
377 141
377 227
377 224
377 134
377 192
377 143
378 241
378 93
378 56
378 4
378 143
378 72
379 122
379 98
379 249
379 8
379 82
379 140
380 51
380 115
380 137
380 210
380 244
380 14
381 47
381 169
381 264
381 65
381 196
381 117
382 39
382 156
382 235
382 189
382 151
382 239
383 133
383 137
383 245
383 232
383 185
383 139
384 179
384 137
384 31
384 181
384 249
384 205
385 80
385 61
385 82
385 160
385 180
385 150
386 210
386 201
386 134
386 207
386 231
386 79
387 67
387 262
387 172
387 110
387 143
387 2
388 96
388 111
388 136
388 84
388 150
388 110
389 137
389 222
389 241
389 116
389 62
389 124
390 80
390 137
390 6
390 228
390 249
390 139
391 56
391 206
391 96
391 105
391 54
391 186
392 38
392 208
392 90
392 19
392 2
392 14
393 33
393 31
393 110
393 3
393 56
393 54
394 15
394 206
394 17
394 227
394 185
394 265
395 132
395 32
395 174
395 76
395 251
395 152
396 151
396 44
396 110
396 205
396 46
396 245
397 133
397 44
397 91
397 222
397 170
397 121
398 221
398 56
398 224
398 132
398 142
398 169
399 265
399 46
399 119
399 129
399 239
399 132
400 14
400 151
400 176
400 206
400 169
400 16
401 4
401 68
401 44
401 8
401 19
401 46
402 260
402 192
402 137
402 141
402 129
402 117
403 257
403 9
403 147
403 253
403 233
403 103
404 220
404 57
404 196
404 126
404 93
404 97
405 249
405 101
405 165
405 64
405 67
405 138
406 226
406 242
406 235
406 49
406 136
406 77
407 70
407 58
407 219
407 187
407 178
407 80
408 201
408 15
408 7
408 16
408 237
408 122
409 221
409 98
409 100
409 75
409 56
409 72
410 61
410 44
410 221
410 90
410 155
410 210
411 186
411 175
411 178
411 158
411 140
411 165
412 93
412 113
412 192
412 44
412 251
412 79
413 31
413 157
413 203
413 118
413 206
413 251
414 46
414 261
414 24
414 189
414 200
414 251
415 125
415 247
415 208
415 251
415 108
415 137
416 31
416 141
416 138
416 263
416 118
416 95
417 121
417 129
417 30
417 192
417 252
417 31
418 37
418 136
418 137
418 251
418 183
418 245
419 247
419 219
419 32
419 121
419 89
419 205
420 28
420 35
420 134
420 251
420 8
420 30
421 167
421 61
421 119
421 84
421 56
421 27
422 101
422 136
422 112
422 3
422 103
422 163
423 95
423 23
423 57
423 62
423 63
423 141
424 15
424 100
424 165
424 14
424 232
424 16
425 257
425 195
425 121
425 88
425 2
425 89
426 183
426 238
426 27
426 18
426 149
426 236
427 139
427 121
427 197
427 177
427 51
427 36
428 193
428 61
428 44
428 244
428 15
428 199
429 80
429 206
429 23
429 222
429 172
429 235
430 78
430 202
430 235
430 257
430 45
430 188
431 257
431 154
431 52
431 18
431 91
431 208
432 136
432 214
432 178
432 219
432 216
432 240
433 47
433 72
433 197
433 142
433 163
433 257
434 105
434 245
434 99
434 251
434 81
434 159
435 75
435 196
435 231
435 233
435 115
435 214
436 132
436 3
436 184
436 136
436 93
436 139
437 49
437 129
437 46
437 93
437 114
437 53
438 84
438 143
438 156
438 69
438 263
438 219
439 142
439 133
439 39
439 44
439 230
439 152
440 186
440 9
440 192
440 165
440 266
440 212
441 58
441 51
441 214
441 72
441 70
441 244
442 140
442 205
442 154
442 145
442 123
442 203
443 138
443 85
443 194
443 261
443 49
443 257
444 129
444 224
444 24
444 235
444 257
444 219
445 219
445 100
445 103
445 118
445 221
445 84
446 31
446 172
446 251
446 221
446 122
446 4
447 227
447 153
447 88
447 189
447 238
447 116
448 204
448 179
448 172
448 10
448 77
448 5
449 129
449 70
449 264
449 99
449 265
449 2
450 101
450 62
450 165
450 201
450 137
450 220
451 124
451 232
451 114
451 33
451 27
451 56
452 235
452 35
452 97
452 192
452 7
452 23
453 25
453 155
453 238
453 51
453 192
453 210
454 110
454 245
454 200
454 107
454 225
454 97
455 244
455 97
455 246
455 199
455 18
455 210
456 86
456 23
456 163
456 30
456 264
456 253
457 175
457 8
457 188
457 88
457 49
457 97
458 45
458 47
458 69
458 215
458 48
458 121
459 2
459 161
459 169
459 167
459 63
459 165
460 116
460 141
460 206
460 245
460 227
460 95
461 149
461 76
461 199
461 105
461 69
461 239
462 72
462 119
462 61
462 212
462 251
462 175
463 136
463 28
463 110
463 5
463 101
463 211
464 23
464 251
464 223
464 75
464 219
464 62
465 14
465 214
465 84
465 183
465 116
465 88
466 240
466 192
466 136
466 185
466 200
466 137
467 211
467 132
467 126
467 200
467 102
467 230
468 20
468 66
468 187
468 155
468 220
468 67
469 161
469 140
469 47
469 227
469 101
469 68
470 216
470 72
470 39
470 223
470 140
470 105
471 261
471 65
471 181
471 8
471 86
471 101
472 105
472 99
472 169
472 64
472 101
472 2
473 84
473 61
473 185
473 174
473 51
473 165
474 15
474 49
474 264
474 97
474 91
474 261
475 203
475 265
475 145
475 78
475 106
475 130
476 63
476 146
476 155
476 37
476 101
476 136
477 233
477 17
477 251
477 39
477 155
477 133
478 3
478 264
478 38
478 14
478 115
478 87
479 251
479 88
479 208
479 194
479 118
479 246
480 30
480 111
480 136
480 151
480 251
480 113
481 219
481 90
481 246
481 73
481 80
481 28
482 242
482 126
482 118
482 121
482 193
482 195
483 103
483 192
483 236
483 80
483 257
483 78
484 180
484 38
484 143
484 44
484 133
484 183
485 245
485 102
485 46
485 257
485 85
485 251
486 160
486 44
486 142
486 257
486 52
486 32
487 87
487 37
487 44
487 72
487 210
487 58
488 172
488 263
488 44
488 150
488 46
488 139
489 61
489 74
489 63
489 212
489 133
489 195
490 93
490 20
490 163
490 110
490 237
490 130
491 45
491 157
491 259
491 150
491 79
491 117
492 257
492 166
492 61
492 202
492 155
492 84
493 207
493 3
493 183
493 138
493 53
493 199
494 9
494 63
494 144
494 6
494 125
494 189
495 259
495 140
495 208
495 235
495 76
495 210
496 149
496 141
496 193
496 184
496 181
496 229
497 92
497 244
497 44
497 88
497 130
497 261
498 3
498 74
498 153
498 155
498 68
498 202
499 3
499 101
499 197
499 44
499 9
499 92
500 251
500 51
500 98
500 187
500 259
500 65
501 238
501 137
501 211
501 215
501 192
501 259
502 125
502 183
502 157
502 46
502 151
502 84
503 14
503 163
503 76
503 116
503 144
503 204
504 74
504 39
504 114
504 6
504 98
504 169
505 178
505 213
505 210
505 192
505 240
505 183
506 175
506 86
506 48
506 119
506 5
506 63
507 139
507 220
507 151
507 47
507 188
507 65
508 149
508 123
508 183
508 110
508 133
508 197
509 220
509 259
509 124
509 202
509 224
509 242
510 253
510 47
510 72
510 18
510 220
510 174
511 16
511 251
511 64
511 253
511 69
511 152
512 47
512 85
512 103
512 39
512 108
512 163
513 118
513 155
513 188
513 242
513 197
513 44
514 239
514 245
514 106
514 192
514 179
514 62
515 92
515 192
515 263
515 20
515 145
515 160
516 51
516 53
516 38
516 44
516 63
516 223
517 37
517 263
517 213
517 63
517 111
517 44
518 81
518 163
518 169
518 263
518 172
518 165
519 155
519 75
519 47
519 244
519 146
519 106
520 158
520 45
520 80
520 82
520 215
520 26
521 124
521 51
521 226
521 157
521 113
521 6
522 197
522 63
522 260
522 199
522 134
522 36
523 259
523 3
523 62
523 133
523 181
523 78
524 121
524 14
524 263
524 125
524 210
524 145
525 69
525 86
525 210
525 197
525 144
525 159
526 179
526 257
526 238
526 56
526 130
526 64
527 72
527 195
527 155
527 14
527 194
527 112
528 10
528 80
528 181
528 155
528 179
528 205
529 24
529 192
529 97
529 160
529 242
529 163
530 122
530 136
530 85
530 232
530 63
530 106
531 192
531 228
531 245
531 74
531 210
531 126
532 157
532 152
532 208
532 134
532 179
532 147
533 213
533 251
533 97
533 172
533 72
533 207
534 121
534 115
534 124
534 126
534 252
534 237
535 257
535 229
535 265
535 78
535 99
535 26
536 252
536 207
536 23
536 92
536 172
536 5
537 155
537 181
537 45
537 165
537 147
537 51
538 76
538 240
538 19
538 201
538 159
538 232
539 192
539 231
539 117
539 80
539 36
539 23
540 220
540 30
540 257
540 181
540 189
540 157
541 155
541 233
541 82
541 77
541 235
541 15
542 157
542 65
542 24
542 108
542 25
542 45
543 87
543 14
543 228
543 157
543 8
543 46
544 130
544 86
544 133
544 117
544 88
544 47
545 130
545 220
545 186
545 242
545 192
545 252
546 65
546 45
546 110
546 138
546 192
546 159
547 88
547 172
547 229
547 192
547 126
547 26
548 179
548 92
548 220
548 136
548 228
548 257
549 257
549 49
549 3
549 27
549 192
549 160
550 263
550 37
550 24
550 207
550 72
550 265
551 179
551 228
551 150
551 165
551 149
551 176
552 220
552 213
552 235
552 222
552 244
552 85
553 17
553 45
553 6
553 5
553 139
553 47
554 196
554 33
554 62
554 125
554 133
554 84
555 165
555 183
555 174
555 119
555 96
555 6
556 35
556 220
556 174
556 141
556 257
556 88
557 111
557 117
557 151
557 225
557 53
557 63
558 9
558 220
558 158
558 165
558 252
558 237
559 133
559 174
559 257
559 252
559 240
559 125
560 253
560 105
560 74
560 144
560 146
560 231
561 45
561 66
561 3
561 195
561 160
561 253
562 163
562 51
562 53
562 265
562 257
562 110
563 242
563 72
563 211
563 220
563 136
563 108
564 14
564 28
564 52
564 110
564 24
564 230
565 220
565 30
565 124
565 7
565 261
565 62
566 196
566 45
566 185
566 242
566 47
566 215
567 117
567 52
567 205
567 101
567 139
567 157
568 213
568 9
568 175
568 153
568 117
568 106
569 28
569 56
569 242
569 31
569 169
569 24
570 210
570 145
570 170
570 124
570 100
570 80
571 10
571 80
571 210
571 225
571 101
571 93
572 28
572 149
572 108
572 7
572 155
572 133
573 45
573 242
573 136
573 147
573 247
573 172
574 63
574 86
574 150
574 136
574 229
574 80
575 200
575 201
575 62
575 124
575 170
575 116
576 244
576 102
576 246
576 124
576 14
576 179
577 252
577 199
577 233
577 246
577 62
577 169
578 14
578 63
578 147
578 252
578 146
578 124
579 62
579 14
579 253
579 244
579 149
579 133
580 140
580 9
580 14
580 31
580 149
580 18
581 223
581 14
581 68
581 170
581 80
581 3
582 24
582 34
582 230
582 252
582 242
582 99
583 183
583 144
583 179
583 87
583 116
583 153
584 94
584 95
584 183
584 142
584 237
584 58
585 74
585 226
585 155
585 253
585 20
585 229
586 200
586 240
586 3
586 31
586 155
586 101
587 47
587 265
587 32
587 45
587 18
587 124
588 253
588 19
588 192
588 144
588 90
588 147
589 261
589 179
589 213
589 235
589 37
589 253
590 17
590 145
590 163
590 172
590 46
590 214
591 64
591 263
591 88
591 200
591 89
591 72
592 90
592 237
592 16
592 31
592 211
592 235
593 152
593 90
593 149
593 62
593 82
593 54
594 45
594 140
594 16
594 52
594 192
594 195
595 102
595 28
595 114
595 172
595 266
595 136
596 93
596 230
596 24
596 263
596 54
596 197
597 199
597 146
597 139
597 210
597 10
597 149
598 195
598 77
598 14
598 142
598 48
598 34
599 7
599 206
599 179
599 97
599 62
599 80
600 261
600 72
600 115
600 24
600 68
600 105
601 220
601 64
601 244
601 197
601 90
601 157
602 133
602 139
602 229
602 27
602 118
602 192
603 253
603 88
603 163
603 52
603 160
603 16
604 257
604 88
604 149
604 99
604 259
604 220
605 62
605 7
605 15
605 253
605 35
605 257
606 86
606 82
606 212
606 201
606 130
606 187
607 52
607 124
607 211
607 253
607 172
607 136
608 136
608 31
608 213
608 81
608 65
608 183
609 214
609 188
609 166
609 192
609 223
609 18
610 130
610 207
610 224
610 189
610 45
610 141
611 54
611 196
611 175
611 24
611 63
611 212
612 257
612 136
612 28
612 224
612 3
612 18
613 260
613 263
613 108
613 142
613 4
613 103
614 124
614 25
614 3
614 5
614 210
614 133
615 14
615 213
615 253
615 160
615 26
615 124
616 170
616 52
616 253
616 54
616 30
616 202
617 119
617 138
617 229
617 105
617 117
617 32
618 15
618 144
618 265
618 65
618 101
618 130
619 232
619 189
619 24
619 74
619 52
619 145
620 106
620 231
620 56
620 17
620 244
620 257
621 145
621 24
621 210
621 31
621 15
621 192
622 75
622 220
622 20
622 242
622 45
622 133
623 111
623 206
623 222
623 192
623 126
623 103
624 145
624 140
624 212
624 232
624 257
624 244
625 247
625 199
625 226
625 52
625 134
625 103
626 259
626 117
626 46
626 220
626 133
626 47
627 64
627 90
627 6
627 150
627 160
627 28
628 179
628 94
628 31
628 7
628 239
628 10
629 220
629 72
629 15
629 222
629 16
629 126
630 15
630 165
630 180
630 125
630 224
630 113
631 253
631 257
631 45
631 166
631 16
631 37
632 3
632 103
632 214
632 242
632 52
632 150
633 28
633 199
633 10
633 257
633 188
633 16
634 263
634 146
634 265
634 220
634 138
634 238
635 87
635 119
635 185
635 130
635 102
635 158
636 52
636 210
636 82
636 68
636 261
636 197
637 253
637 66
637 72
637 257
637 213
637 259
638 153
638 213
638 58
638 24
638 27
638 130
639 113
639 157
639 201
639 15
639 48
639 214
640 72
640 4
640 242
640 63
640 257
640 179
641 201
641 152
641 210
641 6
641 192
641 133
642 145
642 220
642 118
642 206
642 227
642 244
643 90
643 4
643 223
643 189
643 15
643 97
644 215
644 161
644 189
644 167
644 227
644 15
645 235
645 203
645 242
645 56
645 213
645 15
646 45
646 72
646 119
646 74
646 221
646 30
647 4
647 86
647 235
647 264
647 245
647 221
648 86
648 75
648 136
648 89
648 45
648 257
649 183
649 247
649 57
649 210
649 115
649 147
650 179
650 145
650 245
650 130
650 4
650 72
651 15
651 134
651 64
651 86
651 145
651 45
652 15
652 10
652 205
652 107
652 175
652 113
653 259
653 16
653 163
653 45
653 189
653 3
654 210
654 157
654 160
654 92
654 115
654 110
655 38
655 205
655 46
655 257
655 194
655 244
656 82
656 150
656 260
656 230
656 222
656 157
657 165
657 63
657 15
657 72
657 245
657 264
658 31
658 88
658 228
658 119
658 45
658 184
659 235
659 227
659 97
659 253
659 139
659 84
660 260
660 220
660 28
660 45
660 147
660 192
661 195
661 186
661 18
661 26
661 221
661 28
662 263
662 257
662 68
662 81
662 172
662 84
663 3
663 174
663 228
663 116
663 230
663 169
664 260
664 15
664 263
664 238
664 77
664 149
665 260
665 183
665 181
665 37
665 63
665 75
666 89
666 32
666 253
666 48
666 153
666 265
667 185
667 161
667 133
667 30
667 10
667 92
668 227
668 6
668 3
668 264
668 106
668 133
669 64
669 253
669 46
669 158
669 125
669 201
670 30
670 183
670 160
670 31
670 93
670 263
671 253
671 185
671 149
671 94
671 189
671 3
672 185
672 28
672 230
672 96
672 213
672 224
673 181
673 92
673 236
673 134
673 220
673 176
674 245
674 6
674 210
674 260
674 56
674 246
675 5
675 174
675 72
675 74
675 223
675 25
676 125
676 152
676 66
676 15
676 28
676 185
677 126
677 235
677 107
677 253
677 161
677 57
678 87
678 177
678 80
678 46
678 225
678 63
679 140
679 235
679 220
679 100
679 260
679 174
680 221
680 184
680 30
680 245
680 246
680 253
681 199
681 169
681 130
681 194
681 245
681 80
682 192
682 25
682 74
682 206
682 18
682 53
683 7
683 63
683 52
683 245
683 5
683 9
684 72
684 160
684 106
684 58
684 95
684 16
685 155
685 165
685 103
685 26
685 223
685 38
686 46
686 74
686 157
686 48
686 125
686 52
687 72
687 205
687 24
687 125
687 5
687 189
688 260
688 231
688 31
688 167
688 133
688 263
689 57
689 227
689 98
689 192
689 95
689 163
690 260
690 89
690 28
690 220
690 194
690 199
691 220
691 142
691 72
691 126
691 130
691 222
692 208
692 76
692 155
692 3
692 151
692 220
693 47
693 233
693 3
693 214
693 111
693 82
694 225
694 52
694 214
694 46
694 116
694 84
695 4
695 111
695 253
695 174
695 176
695 17
696 205
696 75
696 33
696 253
696 80
696 52
697 215
697 118
697 105
697 172
697 31
697 165
698 110
698 98
698 99
698 106
698 31
698 192
699 192
699 263
699 174
699 7
699 201
699 74
700 93
700 116
700 163
700 260
700 118
700 245
701 7
701 82
701 227
701 141
701 145
701 222
702 54
702 9
702 119
702 235
702 125
702 237
703 84
703 67
703 92
703 75
703 167
703 176
704 82
704 97
704 15
704 99
704 101
704 246
705 245
705 15
705 66
705 236
705 48
705 93
706 220
706 115
706 3
706 136
706 163
706 94
707 150
707 185
707 126
707 221
707 238
707 166
708 101
708 220
708 84
708 225
708 119
708 161
709 157
709 140
709 199
709 92
709 36
709 160
710 27
710 52
710 95
710 9
710 136
710 125
711 64
711 15
711 142
711 237
711 239
711 58
712 15
712 16
712 30
712 260
712 172
712 189
713 177
713 205
713 238
713 157
713 111
713 7
714 150
714 86
714 92
714 152
714 130
714 9
715 238
715 125
715 87
715 130
715 229
715 139
716 225
716 140
716 74
716 175
716 95
716 189
717 46
717 34
717 194
717 245
717 63
717 263
718 205
718 181
718 63
718 25
718 172
718 64
719 74
719 149
719 57
719 52
719 31
719 260
720 106
720 186
720 66
720 133
720 46
720 54
721 111
721 172
721 6
721 46
721 54
721 253
722 206
722 105
722 99
722 227
722 28
722 107
723 160
723 260
723 125
723 163
723 37
723 263
724 263
724 184
724 25
724 32
724 169
724 24
725 138
725 220
725 203
725 246
725 230
725 125
726 97
726 95
726 238
726 99
726 260
726 52
727 137
727 253
727 63
727 6
727 261
727 161
728 184
728 260
728 92
728 235
728 37
728 77
729 92
729 225
729 181
729 215
729 211
729 186
730 3
730 116
730 36
730 260
730 206
730 214
731 223
731 46
731 187
731 63
731 112
731 189
732 138
732 153
732 199
732 52
732 228
732 37
733 136
733 66
733 175
733 227
733 46
733 24
734 3
734 165
734 28
734 195
734 75
734 57
735 24
735 118
735 112
735 37
735 220
735 98
736 174
736 46
736 10
736 206
736 208
736 264
737 166
737 116
737 211
737 92
737 19
737 227
738 246
738 19
738 192
738 222
738 54
738 17
739 212
739 237
739 3
739 5
739 24
739 246
740 114
740 125
740 149
740 260
740 208
740 5
741 63
741 201
741 28
741 189
741 57
741 92
742 38
742 246
742 263
742 81
742 94
742 130
743 95
743 89
743 224
743 145
743 147
743 142
744 119
744 116
744 37
744 38
744 63
744 264
745 221
745 225
745 166
745 155
745 246
745 264
746 64
746 145
746 130
746 149
746 193
746 31
747 246
747 228
747 105
747 151
747 260
747 52
748 117
748 195
748 15
748 253
748 30
748 16
749 253
749 24
749 170
749 142
749 147
749 26
750 195
750 107
750 208
750 189
750 16
750 114
751 106
751 232
751 149
751 228
751 46
751 200
752 103
752 261
752 179
752 9
752 265
752 99
753 210
753 147
753 253
753 265
753 133
753 46
754 222
754 34
754 5
754 165
754 186
754 183
755 27
755 16
755 52
755 118
755 253
755 145
756 36
756 19
756 184
756 224
756 133
756 74
757 93
757 31
757 115
757 74
757 228
757 197
758 5
758 54
758 193
758 106
758 200
758 92
759 24
759 30
759 130
759 63
759 264
759 165
760 88
760 117
760 229
760 37
760 208
760 214
761 163
761 246
761 239
761 213
761 197
761 106
762 160
762 207
762 116
762 84
762 19
762 200
763 52
763 208
763 165
763 176
763 54
763 5
764 95
764 200
764 75
764 185
764 110
764 111
765 125
765 260
765 8
765 68
765 97
765 28
766 119
766 211
766 5
766 102
766 151
766 46
767 181
767 235
767 189
767 230
767 221
767 165
768 88
768 92
768 228
768 172
768 133
768 189
769 39
769 133
769 47
769 3
769 36
769 87
770 133
770 97
770 92
770 179
770 58
770 223
771 9
771 201
771 125
771 231
771 260
771 145
772 227
772 145
772 74
772 34
772 160
772 187
773 246
773 208
773 136
773 264
773 160
773 34
774 235
774 183
774 239
774 229
774 111
774 18
775 25
775 37
775 222
775 185
775 161
775 24
776 184
776 113
776 222
776 63
776 28
776 179
777 68
777 100
777 3
777 155
777 193
777 141
778 260
778 145
778 9
778 160
778 232
778 155
779 163
779 38
779 134
779 110
779 10
779 179
780 36
780 95
780 67
780 38
780 210
780 160
781 77
781 47
781 235
781 31
781 74
781 80
782 228
782 183
782 10
782 222
782 225
782 179
783 130
783 100
783 160
783 133
783 155
783 30
784 52
784 231
784 31
784 174
784 77
784 187
785 196
785 24
785 18
785 223
785 260
785 264
786 260
786 47
786 180
786 92
786 183
786 98
787 233
787 228
787 8
787 5
787 3
787 52
788 118
788 74
788 222
788 130
788 146
788 170
789 74
789 67
789 118
789 140
789 260
789 264
790 189
790 113
790 38
790 8
790 205
790 93
791 125
791 74
791 76
791 47
791 172
791 64
792 160
792 193
792 133
792 264
792 163
792 166
793 103
793 180
793 153
793 74
793 201
793 210
794 19
794 260
794 107
794 184
794 175
794 92
795 260
795 74
795 177
795 166
795 15
795 24
796 222
796 264
796 246
796 47
796 107
796 64
797 105
797 107
797 247
797 125
797 205
797 74
798 36
798 57
798 247
798 24
798 9
798 75
799 176
799 75
799 260
799 32
799 233
799 111
800 10
800 112
800 133
800 126
800 207
800 229
801 75
801 183
801 30
801 172
801 180
801 233
802 180
802 92
802 133
802 166
802 134
802 225
803 205
803 7
803 47
803 10
803 160
803 17
804 58
804 26
804 119
804 125
804 211
804 208
805 166
805 176
805 103
805 63
805 75
805 139
806 38
806 203
806 223
806 34
806 232
806 30
807 136
807 92
807 235
807 19
807 66
807 47
808 229
808 200
808 8
808 236
808 227
808 146
809 106
809 16
809 108
809 231
809 87
809 260
810 47
810 8
810 15
810 39
810 260
810 145
811 102
811 142
811 222
811 63
811 193
811 180
812 77
812 236
812 10
812 155
812 58
812 52
813 133
813 3
813 151
813 25
813 113
813 15
814 5
814 161
814 264
814 260
814 125
814 92
815 260
815 246
815 5
815 187
815 16
815 110
816 183
816 125
816 58
816 201
816 260
816 66
817 160
817 196
817 222
817 47
817 179
817 265
818 5
818 53
818 125
818 6
818 140
818 75
819 236
819 95
819 25
819 38
819 133
819 215
820 222
820 19
820 54
820 174
820 47
820 112
821 133
821 92
821 193
821 195
821 47
821 134
822 246
822 160
822 260
822 75
822 163
822 6
823 260
823 264
823 169
823 108
823 174
823 112
824 231
824 77
824 264
824 260
824 34
824 246
825 246
825 57
825 149
825 236
825 184
825 95
826 133
826 63
826 199
826 260
826 201
826 194
827 75
827 87
827 53
827 16
827 150
827 166
828 163
828 87
828 161
828 53
828 133
828 75
829 161
829 113
829 125
829 212
829 28
829 145
830 179
830 260
830 110
830 5
830 102
830 193
831 193
831 195
831 37
831 68
831 246
831 115
832 111
832 30
832 17
832 8
832 25
832 125
833 117
833 214
833 231
833 133
833 5
833 236
834 231
834 81
834 66
834 260
834 103
834 145
835 47
835 95
835 16
835 75
835 108
835 113
836 264
836 107
836 102
836 214
836 228
836 100
837 16
837 175
837 113
837 87
837 19
837 183
838 197
838 264
838 137
838 146
838 265
838 81
839 117
839 28
839 160
839 264
839 228
839 25
840 179
840 265
840 228
840 225
840 75
840 68
841 39
841 225
841 16
841 75
841 96
841 54
842 63
842 88
842 170
842 228
842 66
842 5
843 97
843 5
843 116
843 81
843 16
843 170
844 183
844 25
844 222
844 246
844 10
844 167
845 5
845 94
845 264
845 16
845 238
845 54
846 176
846 194
846 8
846 5
846 169
846 183
847 167
847 94
847 246
847 208
847 111
847 236
848 5
848 80
848 180
848 54
848 6
848 264
849 264
849 237
849 222
849 125
849 5
849 246
850 222
850 116
850 110
850 264
850 265
850 206
851 82
851 134
851 264
851 142
851 89
851 160
852 227
852 210
852 47
852 114
852 167
852 237
853 183
853 264
853 63
853 246
853 205
853 181
854 63
854 92
854 180
854 66
854 30
854 237
855 265
855 38
855 247
855 75
855 125
855 202
856 110
856 229
856 19
856 82
856 247
856 194
857 26
857 211
857 167
857 47
857 169
857 58
858 133
858 105
858 155
858 25
858 48
858 205
859 151
859 5
859 96
859 247
859 7
859 264
860 137
860 167
860 222
860 238
860 112
860 75
861 28
861 194
861 200
861 54
861 179
861 137
862 30
862 137
862 57
862 184
862 102
862 110
863 163
863 133
863 54
863 88
863 215
863 93
864 160
864 84
864 264
864 116
864 233
864 265
865 63
865 5
865 134
865 145
865 189
865 229
866 107
866 264
866 194
866 39
866 174
866 149
867 264
867 57
867 153
867 210
867 211
867 237
868 264
868 150
868 193
868 265
868 5
868 126
869 48
869 5
869 99
869 96
869 88
869 264
870 167
870 92
870 184
870 196
870 264
870 80
871 228
871 193
871 57
871 140
871 88
871 105
872 222
872 211
872 75
872 237
872 101
872 76
873 105
873 117
873 195
873 16
873 210
873 80
874 114
874 140
874 105
874 110
874 145
874 31
875 264
875 16
875 105
875 213
875 75
875 265
876 238
876 225
876 167
876 264
876 92
876 48
877 264
877 30
877 145
877 48
877 210
877 16
878 185
878 6
878 116
878 66
878 48
878 163
879 63
879 223
879 57
879 75
879 160
879 237
880 116
880 237
880 16
880 189
880 125
880 133
881 264
881 194
881 211
881 103
881 169
881 84
882 227
882 9
882 161
882 5
882 88
882 16
883 239
883 265
883 179
883 110
883 16
883 5
884 200
884 110
884 30
884 54
884 265
884 133
885 184
885 63
885 202
885 205
885 187
885 25
886 100
886 155
886 31
886 265
886 16
886 36
887 193
887 147
887 16
887 101
887 225
887 184
888 111
888 75
888 155
888 238
888 265
888 5
889 265
889 5
889 96
889 98
889 16
889 28
890 75
890 197
890 110
890 223
890 199
890 105
891 101
891 48
891 265
891 88
891 227
891 57
892 32
892 203
892 239
892 170
892 222
892 37
893 63
893 265
893 10
893 134
893 54
893 137
894 265
894 28
894 207
894 203
894 78
894 5
895 214
895 80
895 48
895 119
895 68
895 101
896 48
896 161
896 68
896 125
896 134
896 57
897 57
897 147
897 48
897 222
897 5
897 265
898 48
898 138
898 167
898 75
898 197
898 25
899 187
899 176
899 222
899 223
899 111
899 100
900 265
900 76
900 58
900 111
900 223
900 5
901 66
901 16
901 225
901 34
901 212
901 25
902 126
902 32
902 150
902 222
902 184
902 137
903 6
903 137
903 155
903 222
903 96
903 125
904 137
904 265
904 6
904 48
904 102
904 25
905 67
905 167
905 137
905 92
905 36
905 140
906 92
906 189
906 137
906 66
906 227
906 75
907 193
907 126
907 169
907 75
907 201
907 105
908 96
908 116
908 64
908 265
908 106
908 222
909 150
909 48
909 36
909 6
909 8
909 180
910 88
910 126
910 193
910 82
910 30
910 48
911 6
911 223
911 180
911 36
911 8
911 215
912 126
912 137
912 139
912 232
912 140
912 228
913 6
913 75
913 103
913 206
913 8
913 150
914 8
914 64
914 101
914 57
914 163
914 111
915 6
915 8
915 201
915 75
915 210
915 146
916 57
916 137
916 151
916 36
916 117
916 195
917 170
917 238
917 6
917 8
917 203
917 167
918 137
918 6
918 92
918 89
918 94
918 238
919 34
919 92
919 96
919 98
919 89
919 113
920 48
920 84
920 28
920 101
920 137
920 89
921 105
921 116
921 6
921 57
921 193
921 8
922 48
922 6
922 28
922 238
922 184
922 126
923 175
923 6
923 228
923 8
923 222
923 25
924 92
924 202
924 6
924 126
924 137
924 96
925 6
925 137
925 8
925 9
925 80
925 57
926 222
926 57
926 137
926 223
926 105
926 76
927 76
927 184
927 6
927 137
927 78
927 200
928 66
928 68
928 76
928 117
928 89
928 126
929 126
929 6
929 210
929 19
929 8
929 163
930 126
930 138
930 89
930 6
930 8
930 93
931 57
931 200
931 138
931 25
931 126
931 161
932 6
932 215
932 19
932 175
932 153
932 34
933 167
933 105
933 222
933 97
933 6
933 138
934 207
934 138
934 180
934 140
934 76
934 184
935 239
935 117
935 138
935 174
935 213
935 10
936 111
936 38
936 76
936 187
936 37
936 189
937 189
937 239
937 161
937 138
937 167
937 6
938 93
938 150
938 89
938 214
938 7
938 9
939 150
939 76
939 89
939 48
939 141
939 193
940 93
940 7
940 138
940 9
940 153
940 126
941 239
941 16
941 161
941 111
941 7
941 206
942 57
942 163
942 222
942 105
942 228
942 223
943 138
943 57
943 84
943 140
943 142
943 161
944 228
944 145
944 97
944 7
944 207
944 25
945 8
945 76
945 193
945 163
945 36
945 145
946 161
946 80
946 66
946 229
946 16
946 184
947 228
947 138
947 57
947 63
947 140
947 142
948 8
948 174
948 232
948 150
948 107
948 189
949 66
949 9
949 16
949 206
949 19
949 105
950 93
950 207
950 107
950 97
950 77
950 138
951 107
951 238
951 63
951 64
951 93
951 97
952 63
952 9
952 184
952 138
952 93
952 115
953 100
953 9
953 184
953 170
953 163
953 97
954 229
954 105
954 76
954 138
954 9
954 231
955 163
955 111
955 98
955 25
955 106
955 34
956 25
956 9
956 16
956 233
956 142
956 196
957 9
957 63
957 16
957 150
957 225
957 189
958 238
958 63
958 174
958 184
958 64
958 206
959 206
959 63
959 138
959 140
959 142
959 76
960 238
960 25
960 27
960 138
960 193
960 28
961 225
961 76
961 199
961 170
961 223
961 26
962 63
962 102
962 195
962 189
962 64
962 111
963 138
963 9
963 222
963 228
963 68
963 212
964 9
964 76
964 145
964 163
964 105
964 167
965 163
965 80
965 238
965 100
965 174
965 175
966 151
966 64
966 16
966 210
966 116
966 9
967 64
967 99
967 9
967 170
967 16
967 186
968 228
968 25
968 138
968 214
968 19
968 167
969 145
969 193
969 180
969 185
969 167
969 9
970 210
970 9
970 37
970 17
970 138
970 19
971 150
971 147
971 64
971 201
971 170
971 66
972 64
972 17
972 138
972 222
972 193
972 167
973 145
973 167
973 147
973 139
973 225
973 169
974 167
974 64
974 145
974 80
974 138
974 9
975 103
975 9
975 17
975 37
975 64
975 211
976 64
976 197
976 167
976 66
976 193
976 138
977 9
977 175
977 17
977 76
977 19
977 114
978 64
978 138
978 66
978 76
978 222
978 100
979 82
979 167
979 118
979 9
979 64
979 17
980 9
980 97
980 139
980 185
980 64
980 17
981 229
981 115
981 76
981 25
981 210
981 32
982 9
982 97
982 169
982 239
982 37
982 139
983 186
983 64
983 139
983 167
983 82
983 206
984 28
984 9
984 17
984 19
984 170
984 81
985 27
985 150
985 107
985 10
985 225
985 176
986 167
986 206
986 76
986 25
986 170
986 64
987 139
987 238
987 239
987 115
987 167
987 170
988 106
988 10
988 193
988 167
988 64
988 17
989 139
989 93
989 140
989 150
989 10
989 238
990 139
990 10
990 89
990 140
990 167
990 64
991 206
991 174
991 32
991 19
991 114
991 64
992 139
992 10
992 17
992 19
992 76
992 201
993 180
993 26
993 10
993 187
993 17
993 206
994 66
994 223
994 187
994 81
994 238
994 201
995 26
995 17
995 187
995 76
995 19
995 139
996 139
996 174
996 66
996 93
996 111
996 67
997 111
997 27
997 174
997 139
997 17
997 223
998 17
998 174
998 199
998 180
998 176
998 99
999 176
999 89
999 93
999 167
999 103
999 82
1000 150
1000 17
1000 167
1000 223
1000 76
1000 170
1001 76
1001 223
1001 139
1001 19
1001 115
1001 197
1002 66
1002 17
1002 150
1002 116
1002 76
1002 111
1003 167
1003 78
1003 66
1003 97
1003 206
1003 229
1004 66
1004 97
1004 17
1004 195
1004 76
1004 67
1005 225
1005 174
1005 238
1005 17
1005 19
1005 26
1006 229
1006 139
1006 140
1006 17
1006 19
1006 195
1007 76
1007 66
1007 17
1007 89
1007 19
1007 26
1008 89
1008 181
1008 186
1008 189
1008 167
1008 38
1009 238
1009 139
1009 223
1009 19
1009 206
1009 26
1010 174
1010 19
1010 187
1010 167
1010 116
1010 26
1011 19
1011 229
1011 81
1011 26
1011 223
1011 28
1012 26
1012 19
1012 66
1012 111
1012 146
1012 140
1013 66
1013 116
1013 32
1013 19
1013 141
1013 181
1014 66
1014 206
1014 67
1014 186
1014 116
1014 197
1015 66
1015 19
1015 151
1015 223
1015 76
1015 231
1016 140
1016 193
1016 167
1016 195
1016 150
1016 19
1017 174
1017 76
1017 19
1017 26
1017 66
1017 202
1018 140
1018 19
1018 32
1018 238
1018 26
1018 142
1019 167
1019 140
1019 202
1019 19
1019 238
1019 66
1020 66
1020 223
1020 19
1020 67
1020 206
1020 77
1021 26
1021 223
1021 210
1021 229
1021 167
1021 231
1022 19
1022 140
1022 26
1022 231
1022 28
1022 167
1023 26
1023 28
1023 77
1023 238
1023 140
1023 67
1024 107
1024 77
1024 150
1024 199
1024 81
1024 26
1025 150
1025 26
1025 195
1025 32
1025 99
1025 81
1026 67
1026 140
1026 26
1026 28
1026 32
1026 229
1027 67
1027 77
1027 81
1027 140
1027 89
1027 26
1028 117
1028 78
1028 150
1028 238
1028 167
1028 26
1029 151
1029 115
1029 140
1029 67
1029 145
1029 77
1030 111
1030 26
1030 67
1030 112
1030 97
1030 141
1031 26
1031 99
1031 78
1031 67
1031 89
1031 81
1032 193
1032 206
1032 67
1032 77
1032 26
1032 28
1033 199
1033 67
1033 167
1033 208
1033 211
1033 94
1034 26
1034 197
1034 32
1034 211
1034 174
1034 238
1035 197
1035 180
1035 187
1035 189
1035 141
1035 81
1036 200
1036 206
1036 26
1036 141
1036 38
1036 32
1037 141
1037 189
1037 197
1037 145
1037 67
1037 147
1038 38
1038 180
1038 186
1038 141
1038 67
1038 26
1039 38
1039 151
1039 26
1039 67
1039 146
1039 32
1040 97
1040 26
1040 180
1040 94
1040 38
1040 186
1041 180
1041 186
1041 26
1041 223
1041 189
1041 141
1042 26
1042 151
1042 232
1042 81
1042 180
1042 202
1043 67
1043 77
1043 193
1043 141
1043 146
1043 26
1044 67
1044 89
1044 77
1044 141
1044 146
1044 81
1045 97
1045 32
1045 193
1045 180
1045 26
1045 146
1046 26
1046 211
1046 116
1046 77
1046 206
1046 67
1047 67
1047 27
1047 146
1047 180
1047 32
1047 77
1048 111
1048 141
1048 186
1048 151
1048 99
1048 67
1049 27
1049 180
1049 119
1049 32
1049 67
1049 186
1050 77
1050 27
1050 180
1050 187
1050 32
1050 81
1051 27
1051 180
1051 186
1051 77
1051 193
1051 81
1052 32
1052 180
1052 100
1052 151
1052 77
1052 27
1053 193
1053 107
1053 141
1053 105
1053 206
1053 146
1054 141
1054 27
1054 146
1054 32
1054 77
1054 180
1055 146
1055 212
1055 27
1055 93
1055 32
1055 206
1056 180
1056 141
1056 223
1056 27
1056 146
1056 151
1057 77
1057 114
1057 232
1057 81
1057 229
1057 89
1058 27
1058 141
1058 187
1058 106
1058 146
1058 77
1059 223
1059 199
1059 27
1059 141
1059 146
1059 151
1060 181
1060 27
1060 187
1060 97
1060 193
1060 111
1061 115
1061 27
1061 89
1061 77
1061 141
1061 146
1062 181
1062 206
1062 187
1062 141
1062 193
1062 111
1063 27
1063 193
1063 141
1063 77
1063 81
1063 97
1064 32
1064 77
1064 81
1064 89
1064 187
1064 93
1065 99
1065 32
1065 77
1065 181
1065 93
1065 102
1066 193
1066 77
1066 181
1066 187
1066 89
1066 141
1067 93
1067 32
1067 106
1067 81
1067 77
1067 89
1068 93
1068 32
1068 77
1068 181
1068 142
1068 239
1069 141
1069 181
1069 146
1069 101
1069 78
1069 81
1070 97
1070 141
1070 32
1070 208
1070 181
1070 187
1071 207
1071 32
1071 78
1071 181
1071 81
1071 102
1072 117
1072 97
1072 32
1072 78
1072 93
1072 81
1073 197
1073 78
1073 141
1073 32
1073 187
1073 81
1074 78
1074 81
1074 93
1074 212
1074 97
1074 141
1075 141
1075 181
1075 146
1075 187
1075 193
1075 78
1076 141
1076 78
1076 97
1076 223
1076 81
1076 119
1077 208
1077 78
1077 81
1077 141
1077 93
1077 99
1078 78
1078 81
1078 141
1078 193
1078 94
1078 187
1079 214
1079 141
1079 82
1079 78
1079 94
1079 99
1080 105
1080 142
1080 78
1080 181
1080 187
1080 197
1081 142
1081 117
1081 100
1081 78
1081 82
1081 181
1082 187
1082 142
1082 94
1082 78
1082 239
1082 82
1083 206
1083 78
1083 142
1083 82
1083 146
1083 94
1084 78
1084 146
1084 142
1084 233
1084 229
1084 94
1085 78
1085 103
1085 82
1085 94
1085 223
1085 229
1086 82
1086 78
1086 100
1086 94
1086 142
1086 223
1087 142
1087 223
1087 181
1087 229
1087 193
1087 208
1088 78
1088 82
1088 206
1088 94
1088 223
1088 99
1089 78
1089 201
1089 181
1089 94
1089 142
1089 212
1090 82
1090 94
1090 181
1090 103
1090 99
1090 142
1091 233
1091 111
1091 181
1091 82
1091 94
1091 99
1092 181
1092 193
1092 94
1092 212
1092 206
1092 82
1093 82
1093 94
1093 99
1093 101
1093 103
1093 181
1094 181
1094 208
1094 82
1094 107
1094 142
1094 94
1095 103
1095 181
1095 229
1095 82
1095 94
1095 99
1096 82
1096 94
1096 239
1096 114
1096 229
1096 99
1097 106
1097 82
1097 94
1097 100
1097 103
1097 111
1098 82
1098 94
1098 100
1098 103
1098 181
1098 193
1099 142
1099 199
1099 238
1099 82
1099 229
1099 94
1100 116
1100 82
1100 94
1100 100
1100 118
1100 103
1101 82
1101 100
1101 103
1101 197
1101 193
1101 199
1102 106
1102 111
1102 146
1102 197
1102 193
1102 82
1103 82
1103 229
1103 146
1103 94
1103 105
1103 101
1104 82
1104 94
1104 100
1104 103
1104 105
1104 107
1105 115
1105 94
1105 82
1105 103
1105 212
1105 229
1106 193
1106 82
1106 94
1106 100
1106 181
1106 146
1107 82
1107 94
1107 100
1107 193
1107 146
1107 197
1108 94
1108 100
1108 199
1108 103
1108 105
1108 146
1109 181
1109 199
1109 100
1109 146
1109 94
1109 103
1110 94
1110 146
1110 100
1110 199
1110 201
1110 231
1111 100
1111 146
1111 94
1111 103
1111 199
1111 105
1112 199
1112 146
1112 94
1112 100
1112 111
1112 201
1113 200
1113 233
1113 201
1113 212
1113 94
1113 100
1114 200
1114 229
1114 201
1114 100
1114 212
1114 231
1115 100
1115 105
1115 229
1115 107
1115 231
1115 111
1116 239
1116 100
1116 105
1116 107
1116 111
1116 200
1117 200
1117 100
1117 201
1117 105
1117 107
1117 111
1118 100
1118 229
1118 105
1118 200
1118 201
1118 107
1119 212
1119 200
1119 229
1119 201
1119 101
1119 106
1120 229
1120 100
1120 231
1120 106
1120 146
1120 200
1121 118
1121 100
1121 200
1121 106
1121 111
1121 146
1122 100
1122 146
1122 107
1122 111
1122 200
1122 112
1123 200
1123 100
1123 146
1123 107
1123 112
1123 231
1124 146
1124 200
1124 201
1124 100
1124 115
1124 212
1125 100
1125 107
1125 112
1125 114
1125 115
1125 146
1126 200
1126 100
1126 201
1126 229
1126 212
1126 231
1127 200
1127 229
1127 231
1127 202
1127 101
1127 238
1128 200
1128 202
1128 101
1128 107
1128 212
1128 112
1129 200
1129 202
1129 212
1129 101
1129 229
1129 107
1130 101
1130 107
1130 200
1130 112
1130 202
1130 212
1131 101
1131 229
1131 212
1131 107
1131 200
1131 112
1132 101
1132 229
1132 107
1132 112
1132 200
1132 238
1133 107
1133 200
1133 239
1133 101
1133 112
1133 202
1134 200
1134 101
1134 107
1134 112
1134 202
1134 212
1135 101
1135 107
1135 114
1135 200
1135 112
1135 116
1136 200
1136 202
1136 212
1136 231
1136 101
1136 112
1137 112
1137 114
1137 200
1137 116
1137 202
1137 118
1138 112
1138 202
1138 212
1138 231
1138 233
1138 239
1139 112
1139 202
1139 212
1139 114
1139 117
1139 118
1140 112
1140 114
1140 202
1140 117
1140 118
1140 212
1141 202
1141 212
1141 112
1141 119
1141 114
1141 117
1142 202
1142 112
1142 212
1142 117
1142 233
1142 114
1143 112
1143 114
1143 119
1143 239
1143 202
1143 231
1144 202
1144 212
1144 231
1144 239
1144 233
1144 112
1145 202
1145 112
1145 114
1145 212
1145 119
1145 231
1146 112
1146 114
1146 202
1146 119
1146 213
1146 231
1147 112
1147 114
1147 202
1147 231
1147 233
1147 213
1148 202
1148 213
1148 113
1148 231
1148 233
1148 239
1149 113
1149 213
1149 231
1149 233
1149 239
1150 113
1150 231
1150 213
1150 233
1150 239
1151 113
1151 213
1151 231
1151 233
1151 239
1152 213
1152 231
1152 113
1152 233
1152 239
1153 113
1153 213
1153 231
1153 233
1153 239
1154 113
1154 213
1154 231
1154 233
1154 239
1155 113
1155 213
1155 231
1156 113
1156 213
1156 231
1157 213
1157 231
1157 113
1158 113
1158 213
1158 231
1159 213
1159 113
1159 231
1160 213
1160 113
1160 232
1161 213
1161 232
1161 113
1162 213
1162 113
1162 232
1163 232
1163 113
1163 213
1164 232
1164 113
1164 213
1165 113
1165 213
1165 232
1166 113
1166 213
1166 232
1167 113
1167 213
1167 232
1168 114
1168 232
1169 114
1169 232
1170 232
1171 232
1172 232
1173 232
1174 232
1175 232
1176 232
1177 232
1178 232
1179 232
1180 232
