1 54
1 67
1 8
1 74
1 39
1 23
2 70
2 80
2 72
2 9
2 33
2 12
3 30
3 73
3 0
3 38
3 33
3 18
4 21
4 39
4 53
4 7
4 3
4 85
5 73
5 54
5 41
5 8
5 33
5 16
6 31
6 40
6 32
6 83
6 34
6 63
7 84
7 66
7 15
7 86
7 13
7 11
8 71
8 58
8 43
8 74
8 3
8 44
9 77
9 61
9 19
9 29
9 54
9 1
10 12
10 56
10 8
10 54
10 36
10 80
11 75
11 65
11 61
11 32
11 8
11 63
12 22
12 18
12 57
12 32
12 11
12 30
13 13
13 51
13 8
13 86
13 61
13 76
14 37
14 11
14 9
14 39
14 69
14 53
15 10
15 30
15 5
15 3
15 41
15 23
16 64
16 8
16 60
16 59
16 40
16 30
17 48
17 39
17 13
17 25
17 44
17 7
18 82
18 29
18 86
18 8
18 32
18 12
19 57
19 8
19 17
19 61
19 42
19 59
20 48
20 0
20 83
20 29
20 14
20 23
21 59
21 23
21 78
21 21
21 80
21 47
22 0
22 36
22 5
22 9
22 11
22 50
23 9
23 15
23 79
23 56
23 12
23 60
24 60
24 23
24 37
24 6
24 10
24 72
25 10
25 78
25 61
25 12
25 59
25 14
26 21
26 63
26 25
26 27
26 42
26 77
27 27
27 18
27 19
27 33
27 21
27 69
28 58
28 8
28 70
28 12
28 73
28 9
29 40
29 61
29 82
29 41
29 8
29 10
30 52
30 23
30 85
30 27
30 33
30 21
31 10
31 68
31 63
31 13
31 42
31 37
32 74
32 7
32 38
32 87
32 15
32 9
33 25
33 79
33 37
33 27
33 8
33 57
34 10
34 21
34 71
34 75
34 43
34 12
35 59
35 51
35 75
35 56
35 48
35 53
36 77
36 48
36 26
36 34
36 10
36 70
37 53
37 39
37 48
37 50
37 76
37 4
38 85
38 64
38 56
38 86
38 19
38 17
39 59
39 21
39 23
39 40
39 32
39 75
40 58
40 23
40 25
40 17
40 20
40 1
41 20
41 37
41 44
41 57
41 60
41 8
42 12
42 67
42 76
42 75
42 0
42 2
43 38
43 23
43 30
43 54
43 80
43 26
44 85
44 63
44 64
44 8
44 35
44 80
45 23
45 70
45 41
45 72
45 8
45 25
46 3
46 62
46 20
46 75
46 23
46 25
47 32
47 27
47 66
47 46
47 43
47 10
48 87
48 66
48 75
48 52
48 21
48 0
49 16
49 86
49 51
49 75
49 45
49 62
50 79
50 30
50 64
50 66
50 67
50 69
51 4
51 17
51 87
51 72
51 9
51 19
52 36
52 59
52 85
52 2
52 74
52 87
53 21
53 54
53 63
53 27
53 34
53 51
54 83
54 26
54 16
54 21
54 85
54 74
55 33
55 35
55 21
55 26
55 61
55 80
56 31
56 47
56 87
56 40
56 59
56 60
57 13
57 10
57 15
57 47
57 17
57 43
58 69
58 28
58 76
58 4
58 80
58 42
59 38
59 48
59 29
59 23
59 57
59 52
60 32
60 65
60 60
60 26
60 28
60 74
61 23
61 60
61 37
61 10
61 18
61 0
62 32
62 20
62 3
62 45
62 7
62 60
63 27
63 54
63 23
63 38
63 73
63 65
64 42
64 1
64 76
64 10
64 69
64 78
65 30
65 64
65 24
65 19
65 34
65 10
66 27
66 85
66 23
66 13
66 56
66 57
67 43
67 53
67 36
67 56
67 15
67 31
68 35
68 41
68 10
68 44
68 74
68 7
69 55
69 63
69 73
69 23
69 13
69 29
70 62
70 17
70 43
70 44
70 77
70 47
71 5
71 27
71 7
71 28
71 76
71 78
72 74
72 72
72 76
72 23
72 86
72 15
73 81
73 34
73 40
73 83
73 35
73 72
74 12
74 10
74 28
74 3
74 34
74 66
75 57
75 25
75 16
75 50
75 31
75 69
76 65
76 25
76 51
76 7
76 82
76 1
77 73
77 87
77 20
77 75
77 16
77 80
78 10
78 1
78 85
78 3
78 39
78 68
79 73
79 33
79 82
79 58
79 62
79 84
80 30
80 41
80 58
80 4
80 60
80 31
81 54
81 6
81 39
81 86
81 64
81 80
82 80
82 17
82 30
82 68
82 12
82 19
83 35
83 45
83 47
83 8
83 10
83 48
84 55
84 67
84 38
84 78
84 10
84 52
85 38
85 67
85 83
85 4
85 44
85 81
86 8
86 6
86 26
86 10
86 12
86 15
87 69
87 73
87 87
87 40
87 60
87 64
88 74
88 82
88 83
88 66
88 15
88 77
89 32
89 24
89 67
89 47
89 21
89 4
90 84
90 25
90 40
90 68
90 27
90 55
91 53
91 77
91 26
91 57
91 42
91 7
92 2
92 7
92 83
92 38
92 46
92 35
93 64
93 43
93 76
93 57
93 25
93 78
94 27
94 85
94 65
94 40
94 75
94 41
95 38
95 10
95 75
95 12
95 37
95 47
96 67
96 74
96 6
96 77
96 16
96 48
97 39
97 19
97 6
97 16
97 77
97 83
98 40
98 43
98 37
98 80
98 56
98 83
99 52
99 19
99 7
99 29
99 48
99 27
100 82
100 45
100 60
100 47
100 77
100 69
101 11
101 17
101 9
101 75
101 77
101 60
102 35
102 11
102 5
102 43
102 13
102 16
103 52
103 10
103 82
103 54
103 29
103 36
104 40
104 66
104 7
104 11
104 45
104 75
105 58
105 27
105 3
105 20
105 47
105 87
106 38
106 48
106 61
106 78
106 10
106 45
107 61
107 20
107 36
107 63
107 28
107 38
108 4
108 44
108 31
108 53
108 6
108 46
109 3
109 24
109 12
109 62
109 25
109 83
110 66
110 16
110 72
110 5
110 12
110 55
111 9
111 11
111 82
111 28
111 31
111 32
112 34
112 0
112 66
112 23
112 58
112 25
113 17
113 45
113 5
113 12
113 71
113 52
114 72
114 74
114 45
114 47
114 8
114 4
115 25
115 7
115 1
115 27
115 71
115 9
116 39
116 0
116 31
116 75
116 54
116 61
117 78
117 26
117 73
117 87
117 61
117 38
118 59
118 11
118 50
118 67
118 8
118 26
119 58
119 60
119 37
119 40
119 21
119 25
120 71
120 49
120 67
120 30
120 11
120 19
121 71
121 8
121 45
121 1
121 78
121 47
122 39
122 23
122 26
122 15
122 66
122 18
123 0
123 35
123 62
123 53
123 15
123 64
124 40
124 62
124 21
124 9
124 63
124 74
125 12
125 47
125 2
125 50
125 31
125 41
126 11
126 59
126 56
126 3
126 42
126 82
127 71
127 29
127 24
127 27
127 35
127 8
128 43
128 67
128 78
128 81
128 54
128 59
129 33
129 9
129 75
129 84
129 55
129 77
130 27
130 25
130 8
130 46
130 36
130 28
131 73
131 85
131 80
131 86
131 48
131 60
132 52
132 30
132 10
132 28
132 48
132 2
133 47
133 18
133 0
133 23
133 19
133 36
134 50
134 5
134 81
134 15
134 13
134 77
135 60
135 6
135 13
135 55
135 87
135 38
136 87
136 16
136 74
136 18
136 80
136 25
137 9
137 0
137 17
137 23
137 29
137 25
138 28
138 60
138 10
138 75
138 66
138 3
139 10
139 20
139 81
139 40
139 24
139 51
140 87
140 73
140 67
140 75
140 15
140 11
141 59
141 41
141 45
141 73
141 26
141 71
142 7
142 12
142 25
142 23
142 63
142 15
143 5
143 6
143 47
143 46
143 83
143 40
144 43
144 47
144 31
144 46
144 16
144 64
145 36
145 56
145 40
145 34
145 30
145 15
146 78
146 50
146 35
146 20
146 6
146 82
147 60
147 62
147 33
147 28
147 36
147 64
148 67
148 15
148 23
148 39
148 37
148 80
149 45
149 54
149 58
149 53
149 15
149 34
150 80
150 24
150 43
150 11
150 25
150 27
151 81
151 67
151 48
151 15
151 69
151 63
152 28
152 35
152 68
152 30
152 37
152 87
153 1
153 11
153 30
153 13
153 58
153 46
154 33
154 20
154 23
154 63
154 28
154 45
155 49
155 6
155 40
155 66
155 8
155 69
156 70
156 46
156 61
156 68
156 34
156 16
157 71
157 41
157 3
157 7
157 62
157 73
158 32
158 23
158 17
158 87
158 12
158 52
159 80
159 13
159 62
159 26
159 37
159 82
160 19
160 69
160 42
160 57
160 39
160 12
161 42
161 81
161 57
161 11
161 34
161 83
162 29
162 46
162 42
162 32
162 77
162 72
163 28
163 6
163 30
163 12
163 71
163 57
164 44
164 29
164 55
164 11
164 40
164 13
165 50
165 7
165 40
165 48
165 10
165 85
166 9
166 38
166 23
166 73
166 87
166 64
167 82
167 66
167 25
167 74
167 52
167 83
168 27
168 61
168 31
168 2
168 56
168 17
169 77
169 87
169 73
169 85
169 59
169 29
170 13
170 40
170 48
170 66
170 77
170 59
171 87
171 13
171 46
171 6
171 77
171 34
172 10
172 87
172 16
172 67
172 13
172 55
173 36
173 45
173 24
173 40
173 9
173 6
174 87
174 35
174 41
174 13
174 38
174 49
175 39
175 24
175 47
175 70
175 72
175 33
176 28
176 66
176 35
176 74
176 60
176 13
177 23
177 6
177 41
177 40
177 66
177 49
178 75
178 44
178 41
178 68
178 46
178 81
179 28
179 25
179 36
179 42
179 81
179 1
180 29
180 36
180 38
180 43
180 3
180 71
181 31
181 87
181 0
181 77
181 49
181 32
182 40
182 77
182 10
182 66
182 41
182 62
183 42
183 82
183 32
183 40
183 77
183 87
184 2
184 23
184 56
184 33
184 57
184 51
185 44
185 57
185 7
185 13
185 26
185 53
186 6
186 37
186 51
186 85
186 38
186 66
187 83
187 38
187 4
187 40
187 56
187 87
188 52
188 3
188 70
188 78
188 72
188 81
189 19
189 29
189 35
189 57
189 61
189 23
190 0
190 25
190 8
190 69
190 78
190 23
191 87
191 15
191 4
191 6
191 30
191 68
192 44
192 81
192 25
192 70
192 32
192 78
193 16
193 43
193 33
193 82
193 6
193 1
194 56
194 15
194 31
194 32
194 30
194 81
195 49
195 4
195 47
195 81
195 37
195 72
196 10
196 21
196 62
196 39
196 13
196 28
197 59
197 52
197 40
197 67
197 41
197 73
198 78
198 1
198 24
198 28
198 3
198 6
199 4
199 86
199 81
199 28
199 83
199 67
200 45
200 48
200 85
200 67
200 16
200 72
201 68
201 26
201 70
201 7
201 81
201 0
202 86
202 28
202 53
202 81
202 42
202 13
203 51
203 15
203 16
203 54
203 56
203 28
204 24
204 69
204 70
204 61
204 59
204 74
205 11
205 36
205 34
205 61
205 32
205 6
206 15
206 10
206 81
206 3
206 16
206 13
207 81
207 83
207 29
207 3
207 23
207 38
208 20
208 25
208 75
208 46
208 11
208 17
209 19
209 64
209 3
209 62
209 23
209 15
210 18
210 3
210 19
210 54
210 57
210 67
211 20
211 38
211 82
211 45
211 60
211 23
212 21
212 26
212 13
212 18
212 0
212 86
213 45
213 43
213 28
213 30
213 51
213 31
214 38
214 72
214 28
214 69
214 61
214 2
215 67
215 61
215 59
215 72
215 4
215 36
216 23
216 81
216 59
216 69
216 84
216 86
217 48
217 67
217 13
217 51
217 44
217 53
218 49
218 6
218 26
218 15
218 24
218 43
219 74
219 38
219 20
219 86
219 57
219 67
220 87
220 28
220 69
220 44
220 57
220 17
221 74
221 40
221 6
221 45
221 55
221 0
222 62
222 4
222 21
222 34
222 68
222 71
223 41
223 25
223 2
223 6
223 83
223 15
224 0
224 23
224 10
224 64
224 40
224 17
225 28
225 81
225 36
225 20
225 17
225 9
226 8
226 25
226 13
226 1
226 32
226 55
227 2
227 3
227 17
227 44
227 23
227 68
228 53
228 81
228 83
228 16
228 85
228 74
229 32
229 81
229 83
229 53
229 85
229 4
230 47
230 17
230 85
230 50
230 40
230 8
231 52
231 38
231 55
231 75
231 28
231 44
232 83
232 33
232 61
232 58
232 11
232 45
233 68
233 72
233 70
233 15
233 81
233 44
234 15
234 35
234 0
234 37
234 55
234 16
235 86
235 6
235 44
235 17
235 35
235 81
236 86
236 15
236 29
236 13
236 20
236 0
237 81
237 74
237 25
237 62
237 34
237 30
238 18
238 38
238 11
238 54
238 57
238 15
239 44
239 83
239 7
239 40
239 81
239 31
240 86
240 28
240 30
240 15
240 68
240 39
241 68
241 30
241 13
241 81
241 83
241 85
242 31
242 58
242 51
242 70
242 63
242 25
243 44
243 74
243 64
243 35
243 86
243 68
244 38
244 61
244 49
244 44
244 86
244 23
245 15
245 23
245 62
245 45
245 26
245 28
246 32
246 15
246 83
246 81
246 75
246 28
247 15
247 63
247 45
247 40
247 68
247 41
248 34
248 62
248 85
248 46
248 23
248 68
249 55
249 0
249 32
249 53
249 86
249 81
250 34
250 84
250 36
250 41
250 86
250 81
251 15
251 44
251 19
251 68
251 46
251 24
252 41
252 44
252 81
252 83
252 53
252 75
253 10
253 25
253 52
253 86
253 44
253 0
254 81
254 7
254 25
254 9
254 11
254 50
255 53
255 63
255 6
255 74
255 68
255 62
256 87
256 68
256 44
256 81
256 55
256 74
257 84
257 81
257 63
257 86
257 36
257 0
258 62
258 31
258 83
258 55
258 59
258 74
259 16
259 47
259 44
259 57
259 64
259 34
260 40
260 62
260 31
260 81
260 15
260 47
261 15
261 85
261 86
261 39
261 31
261 6
262 1
262 81
262 16
262 69
262 40
262 84
263 21
263 4
263 44
263 24
263 13
263 19
264 8
264 75
264 41
264 68
264 31
264 47
265 28
265 9
265 30
265 81
265 83
265 25
266 2
266 3
266 81
266 51
266 57
266 34
267 13
267 41
267 86
267 11
267 0
267 81
268 15
268 61
268 39
268 2
268 34
268 7
269 6
269 83
269 82
269 11
269 54
269 57
270 49
270 51
270 81
270 54
270 58
270 53
271 81
271 32
271 47
271 74
271 63
271 34
272 34
272 23
272 81
272 37
272 13
272 1
273 19
273 3
273 68
273 52
273 2
273 41
274 59
274 11
274 86
274 13
274 68
274 32
275 28
275 4
275 18
275 86
275 46
275 21
276 81
276 53
276 18
276 31
276 4
276 19
277 13
277 81
277 37
277 44
277 68
277 61
278 34
278 7
278 64
278 21
278 57
278 16
279 68
279 84
279 52
279 18
279 26
279 6
280 23
280 50
280 34
280 40
280 41
280 6
281 69
281 44
281 52
281 36
281 30
281 81
282 23
282 34
282 28
282 81
282 84
282 61
283 44
283 25
283 58
283 84
283 53
283 19
284 84
284 62
284 51
284 71
284 63
284 64
285 84
285 55
285 32
285 87
285 82
285 34
286 81
286 35
286 51
286 37
286 63
286 84
287 53
287 32
287 50
287 51
287 13
287 0
288 86
288 11
288 58
288 13
288 81
288 30
289 68
289 64
289 32
289 60
289 82
289 52
290 34
290 57
290 39
290 54
290 74
290 85
291 50
291 6
291 58
291 13
291 74
291 16
292 26
292 6
292 28
292 74
292 71
292 48
293 62
293 26
293 34
293 23
293 40
293 47
294 10
294 6
294 62
294 31
294 13
294 63
295 71
295 51
295 68
295 84
295 75
295 86
296 40
296 2
296 9
296 75
296 11
296 13
297 36
297 68
297 63
297 70
297 58
297 84
298 18
298 32
298 81
298 63
298 0
298 28
299 53
299 40
299 44
299 25
299 41
299 81
300 44
300 63
300 29
300 16
300 86
300 71
301 81
301 25
301 68
301 63
301 72
301 18
302 13
302 15
302 61
302 59
302 35
302 41
303 18
303 31
303 9
303 54
303 7
303 82
304 31
304 50
304 30
304 32
304 44
304 61
305 45
305 70
305 75
305 47
305 64
305 40
306 32
306 18
306 57
306 25
306 2
306 68
307 35
307 84
307 23
307 68
307 18
307 4
308 7
308 39
308 68
308 28
308 82
308 2
309 15
309 40
309 52
309 41
309 16
309 4
310 63
310 18
310 75
310 24
310 70
310 82
311 82
311 15
311 11
311 84
311 62
311 28
312 32
312 6
312 50
312 18
312 36
312 15
313 69
313 39
313 26
313 34
313 21
313 53
314 13
314 6
314 53
314 41
314 4
314 44
315 45
315 16
315 68
315 0
315 8
315 75
316 85
316 29
316 47
316 48
316 75
316 15
317 13
317 69
317 9
317 15
317 44
317 82
318 35
318 82
318 23
318 64
318 28
318 68
319 59
319 44
319 7
319 75
319 51
319 40
320 13
320 7
320 18
320 55
320 62
320 25
321 84
321 82
321 44
321 7
321 21
321 54
322 75
322 4
322 82
322 84
322 24
322 41
323 25
323 1
323 82
323 45
323 11
323 69
324 0
324 71
324 75
324 41
324 68
324 82
325 28
325 75
325 21
325 85
325 37
325 6
326 2
326 71
326 68
326 39
326 16
326 86
327 20
327 41
327 64
327 70
327 8
327 3
328 16
328 31
328 69
328 39
328 71
328 75
329 75
329 39
329 55
329 41
329 82
329 53
330 24
330 68
330 46
330 64
330 44
330 70
331 2
331 28
331 46
331 4
331 34
331 0
332 75
332 87
332 48
332 57
332 3
332 45
333 47
333 85
333 34
333 18
333 51
333 11
334 55
334 61
334 29
334 72
334 31
334 63
335 23
335 61
335 68
335 34
335 32
335 13
336 82
336 84
336 18
336 62
336 3
336 53
337 40
337 82
337 24
337 84
337 35
337 3
338 53
338 75
338 82
338 13
338 39
338 50
339 18
339 11
339 86
339 28
339 82
339 19
340 68
340 46
340 7
340 32
340 49
340 9
341 15
341 19
341 18
341 68
341 85
341 41
342 84
342 87
342 10
342 36
342 13
342 72
343 35
343 61
343 63
343 30
343 31
343 54
344 82
344 64
344 69
344 11
344 48
344 84
345 7
345 9
345 61
345 15
345 23
345 25
346 35
346 44
346 68
346 57
346 61
346 40
347 19
347 59
347 35
347 63
347 61
347 23
348 29
348 31
348 64
348 3
348 16
348 6
349 72
349 16
349 44
349 36
349 39
349 47
350 39
350 9
350 13
350 41
350 24
350 53
351 2
351 86
351 47
351 21
351 24
351 30
352 68
352 54
352 36
352 21
352 70
352 82
353 34
353 46
353 84
353 7
353 47
353 4
354 19
354 28
354 49
354 21
354 35
354 64
355 34
355 2
355 28
355 86
355 35
355 61
356 7
356 36
356 72
356 82
356 15
356 31
357 6
357 13
357 23
357 75
357 87
357 53
358 34
358 75
358 62
358 28
358 82
358 15
359 82
359 39
359 54
359 28
359 75
359 84
360 0
360 19
360 13
360 48
360 23
360 18
361 34
361 4
361 6
361 63
361 15
361 18
362 1
362 3
362 82
362 21
362 57
362 68
363 70
363 15
363 57
363 13
363 0
363 82
364 18
364 75
364 16
364 82
364 64
364 47
365 68
365 8
365 36
365 49
365 10
365 16
366 46
366 30
366 31
366 6
366 47
366 57
367 57
367 75
367 13
367 59
367 82
367 68
368 45
368 30
368 72
368 25
368 39
368 36
369 68
369 4
369 82
369 63
369 84
369 9
370 41
370 2
370 61
370 24
370 37
370 82
371 30
371 53
371 32
371 58
371 61
371 55
372 21
372 30
372 31
372 49
372 61
372 68
373 75
373 3
373 71
373 49
373 82
373 15
374 23
374 4
374 45
374 82
374 28
374 39
375 29
375 8
375 49
375 86
375 18
375 82
376 57
376 32
376 18
376 45
376 36
376 23
377 36
377 53
377 84
377 86
377 1
377 13
378 29
378 10
378 40
378 64
378 36
378 62
379 82
379 10
379 18
379 61
379 75
379 30
380 58
380 32
380 28
380 61
380 82
380 34
381 15
381 13
381 8
381 16
381 24
381 29
382 6
382 71
382 21
382 69
382 28
382 86
383 54
383 87
383 29
383 57
383 0
383 31
384 57
384 45
384 23
384 10
384 75
384 84
385 69
385 50
385 55
385 36
385 51
385 82
386 75
386 46
386 15
386 49
386 82
386 11
387 64
387 82
387 25
387 75
387 61
387 0
388 68
388 24
388 31
388 70
388 46
388 28
389 72
389 40
389 24
389 28
389 59
389 30
390 28
390 51
390 20
390 30
390 61
390 24
391 75
391 25
391 46
391 52
391 16
391 28
392 82
392 46
392 28
392 68
392 24
392 15
393 72
393 49
393 28
393 82
393 70
393 54
394 71
394 34
394 25
394 68
394 31
394 40
395 9
395 71
395 1
395 75
395 46
395 59
396 84
396 9
396 86
396 15
396 49
396 72
397 53
397 82
397 70
397 87
397 28
397 2
398 61
398 9
398 46
398 68
398 47
398 84
399 4
399 24
399 6
399 46
399 30
399 25
400 40
400 55
400 71
400 21
400 8
400 47
401 40
401 68
401 0
401 61
401 20
401 82
402 28
402 24
402 75
402 82
402 46
402 25
403 40
403 47
403 70
403 10
403 86
403 82
404 6
404 34
404 46
404 47
404 50
404 82
405 15
405 37
405 6
405 86
405 30
405 20
406 41
406 69
406 24
406 40
406 53
406 54
407 24
407 18
407 69
407 13
407 86
407 54
408 86
408 9
408 75
408 4
408 68
408 6
409 86
409 4
409 13
409 41
409 40
409 61
410 69
410 40
410 70
410 57
410 41
410 82
411 86
411 46
411 1
411 61
411 68
411 13
412 46
412 31
412 28
412 0
412 47
412 61
413 82
413 2
413 40
413 59
413 41
413 28
414 4
414 40
414 75
414 10
414 46
414 50
415 61
415 82
415 84
415 11
415 75
415 7
416 48
416 10
416 18
416 20
416 57
416 59
417 49
417 75
417 84
417 46
417 7
417 68
418 71
418 68
418 4
418 57
418 54
418 87
419 86
419 24
419 28
419 31
419 75
419 25
420 68
420 82
420 46
420 1
420 54
420 4
421 16
421 69
421 13
421 46
421 2
421 9
422 58
422 86
422 0
422 32
422 9
422 24
423 34
423 82
423 30
423 72
423 84
423 36
424 55
424 75
424 82
424 28
424 41
424 84
425 40
425 29
425 10
425 36
425 61
425 68
426 58
426 46
426 68
426 47
426 63
426 75
427 51
427 62
427 64
427 82
427 34
427 68
428 7
428 13
428 57
428 69
428 37
428 51
429 48
429 41
429 21
429 68
429 34
429 62
430 71
430 82
430 86
430 0
430 37
430 59
431 61
431 82
431 41
431 47
431 8
431 24
432 32
432 0
432 72
432 18
432 75
432 25
433 36
433 28
433 82
433 16
433 75
433 4
434 25
434 59
434 69
434 61
434 28
434 34
435 10
435 59
435 20
435 15
435 1
435 16
436 29
436 6
436 36
436 40
436 46
436 41
437 19
437 21
437 13
437 82
437 84
437 15
438 82
438 84
438 36
438 10
438 21
438 13
439 46
439 57
439 15
439 84
439 3
439 59
440 30
440 31
440 53
440 32
440 82
440 34
441 50
441 87
441 15
441 20
441 68
441 72
442 68
442 46
442 48
442 28
442 36
442 51
443 34
443 11
443 13
443 40
443 46
443 2
444 37
444 48
444 50
444 82
444 53
444 11
445 32
445 18
445 46
445 10
445 19
445 36
446 6
446 61
446 25
446 64
446 31
446 71
447 4
447 61
447 28
447 11
447 30
447 82
448 34
448 6
448 40
448 18
448 57
448 72
449 59
449 3
449 49
449 82
449 9
449 28
450 72
450 84
450 69
450 54
450 34
450 15
451 87
451 40
451 0
451 63
451 2
451 82
452 37
452 21
452 11
452 51
452 61
452 64
453 57
453 61
453 21
453 2
453 6
453 82
454 6
454 57
454 68
454 61
454 2
454 4
455 9
455 11
455 82
455 55
455 32
455 84
456 75
456 34
456 7
456 57
456 18
456 19
457 4
457 82
457 40
457 0
457 63
457 24
458 21
458 82
458 2
458 68
458 55
458 75
459 68
459 70
459 24
459 46
459 36
459 55
460 68
460 41
460 57
460 59
460 70
460 52
461 72
461 28
461 75
461 82
461 57
461 15
462 61
462 24
462 72
462 28
462 30
462 31
463 24
463 63
463 1
463 48
463 50
463 36
464 40
464 57
464 41
464 46
464 70
464 47
465 13
465 62
465 63
465 68
465 46
465 15
466 57
466 0
466 40
466 68
466 10
466 28
467 63
467 46
467 6
467 75
467 15
467 52
468 32
468 82
468 19
468 70
468 18
468 84
469 86
469 34
469 4
469 40
469 50
469 29
470 37
470 68
470 70
470 30
470 28
470 72
471 82
471 32
471 30
471 84
471 75
471 46
472 2
472 34
472 84
472 86
472 28
472 57
473 58
473 3
473 61
473 19
473 46
473 63
474 31
474 57
474 46
474 47
474 11
474 69
475 46
475 68
475 62
475 48
475 21
475 34
476 48
476 19
476 50
476 18
476 0
476 62
477 40
477 34
477 63
477 37
477 18
477 11
478 32
478 61
478 47
478 68
478 51
478 40
479 75
479 31
479 29
479 34
479 46
479 0
480 46
480 34
480 50
480 25
480 10
480 57
481 54
481 63
481 36
481 84
481 46
481 47
482 0
482 59
482 46
482 82
482 64
482 10
483 75
483 34
483 18
483 40
483 58
483 64
484 15
484 53
484 68
484 13
484 24
484 28
485 0
485 34
485 10
485 13
485 49
485 29
486 20
486 69
486 70
486 82
486 72
486 24
487 36
487 15
487 2
487 46
487 3
487 82
488 34
488 31
488 2
488 36
488 30
488 49
489 28
489 30
489 11
489 49
489 84
489 32
490 24
490 68
490 18
490 70
490 32
490 57
491 0
491 82
491 70
491 21
491 62
491 72
492 46
492 37
492 47
492 20
492 57
492 68
493 82
493 68
493 70
493 53
493 18
493 46
494 31
494 18
494 19
494 61
494 6
494 0
495 82
495 0
495 84
495 61
495 57
495 68
496 82
496 84
496 46
496 36
496 86
496 2
497 48
497 31
497 50
497 25
497 28
497 46
498 25
498 64
498 41
498 18
498 11
498 28
499 57
499 25
499 10
499 30
499 13
499 21
500 30
500 46
500 47
500 31
500 48
500 82
501 30
501 69
501 28
501 37
501 70
501 41
502 64
502 25
502 61
502 82
502 86
502 9
503 82
503 1
503 46
503 86
503 9
503 36
504 6
504 50
504 48
504 62
504 46
504 63
505 28
505 25
505 7
505 30
505 53
505 19
506 48
506 69
506 25
506 36
506 41
506 51
507 64
507 16
507 19
507 30
507 62
507 48
508 10
508 61
508 63
508 16
508 69
508 3
509 48
509 46
509 86
509 31
509 25
509 82
510 25
510 21
510 36
510 58
510 53
510 82
511 15
511 32
511 1
511 34
511 86
511 82
512 9
512 41
512 25
512 47
512 19
512 82
513 57
513 1
513 82
513 30
513 16
513 46
514 57
514 82
514 86
514 61
514 13
514 0
515 41
515 46
515 6
515 86
515 82
515 0
516 2
516 69
516 70
516 19
516 46
516 9
517 28
517 16
517 41
517 2
517 61
517 9
518 25
518 31
518 57
518 86
518 0
518 16
519 21
519 55
519 31
519 52
519 4
519 41
520 52
520 47
520 9
520 69
520 46
520 70
521 47
521 19
521 62
521 57
521 13
521 86
522 15
522 86
522 0
522 25
522 36
522 69
523 25
523 63
523 0
523 59
523 3
523 71
524 63
524 86
524 71
524 9
524 16
524 19
525 46
525 13
525 15
525 34
525 47
525 86
526 61
526 46
526 4
526 11
526 51
526 86
527 36
527 46
527 16
527 41
527 47
527 0
528 9
528 7
528 19
528 0
528 21
528 25
529 0
529 4
529 11
529 2
529 54
529 34
530 59
530 54
530 10
530 0
530 69
530 3
531 0
531 28
531 15
531 4
531 54
531 2
532 6
532 28
532 70
532 53
532 19
532 57
533 1
533 3
533 25
533 69
533 15
533 6
534 21
534 9
534 25
534 6
534 69
534 0
535 54
535 25
535 3
535 7
535 0
535 64
536 63
536 0
536 61
536 57
536 41
536 32
537 3
537 34
537 31
537 49
537 46
537 41
538 34
538 70
538 48
538 15
538 19
538 25
539 55
539 50
539 69
539 70
539 36
539 15
540 63
540 0
540 19
540 2
540 61
540 6
541 41
541 61
541 63
541 46
541 19
541 0
542 63
542 19
542 9
542 0
542 49
542 2
543 29
543 64
543 15
543 69
543 70
543 9
544 36
544 7
544 1
544 9
544 3
544 25
545 15
545 25
545 41
545 0
545 37
545 29
546 49
546 53
546 13
546 0
546 37
546 55
547 0
547 59
547 63
547 25
547 46
547 36
548 64
548 32
548 6
548 36
548 30
548 0
549 0
549 54
549 2
549 70
549 7
549 28
550 19
550 0
550 69
550 36
550 55
550 57
551 0
551 28
551 46
551 2
551 6
551 4
552 0
552 71
552 2
552 3
552 20
552 50
553 13
553 69
553 58
553 46
553 25
553 6
554 15
554 19
554 63
554 21
554 16
554 25
555 19
555 32
555 0
555 54
555 2
555 4
556 46
556 69
556 15
556 49
556 0
556 61
557 52
557 13
557 31
557 57
557 0
557 69
558 70
558 46
558 36
558 47
558 28
558 2
559 69
559 52
559 13
559 36
559 62
559 0
560 50
560 0
560 41
560 46
560 53
560 2
561 69
561 21
561 55
561 28
561 48
561 64
562 72
562 70
562 0
562 59
562 46
562 69
563 46
563 69
563 2
563 36
563 19
563 47
564 36
564 70
564 41
564 15
564 46
564 47
565 15
565 37
565 13
565 16
565 63
565 71
566 69
566 37
566 57
566 71
566 41
566 28
567 21
567 0
567 48
567 55
567 2
567 3
568 2
568 57
568 28
568 69
568 0
568 36
569 46
569 13
569 6
569 53
569 47
569 49
570 47
570 29
570 9
570 36
570 0
570 2
571 19
571 72
571 51
571 0
571 36
571 6
572 70
572 46
572 62
572 69
572 72
572 49
573 71
573 28
573 30
573 57
573 6
573 69
574 16
574 47
574 36
574 0
574 28
574 69
575 36
575 0
575 2
575 49
575 11
575 61
576 19
576 46
576 3
576 7
576 28
576 0
577 4
577 19
577 69
577 63
577 28
577 9
578 48
578 1
578 3
578 21
578 46
578 50
579 46
579 53
579 16
579 19
579 54
579 47
580 6
580 36
580 46
580 1
580 9
580 28
581 15
581 49
581 19
581 47
581 1
581 13
582 28
582 19
582 1
582 30
582 50
582 3
583 46
583 47
583 57
583 49
583 9
583 4
584 1
584 36
584 46
584 30
584 61
584 3
585 9
585 1
585 52
585 50
585 3
585 69
586 63
586 58
586 4
586 13
586 50
586 55
587 28
587 30
587 32
587 46
587 64
587 55
588 1
588 3
588 28
588 31
588 36
588 6
589 1
589 28
589 55
589 70
589 3
589 53
590 2
590 46
590 3
590 6
590 19
590 69
591 21
591 1
591 61
591 30
591 3
591 31
592 49
592 1
592 3
592 53
592 51
592 9
593 9
593 46
593 47
593 59
593 4
593 1
594 1
594 7
594 49
594 10
594 51
594 13
595 21
595 61
595 69
595 2
595 15
595 47
596 28
596 2
596 30
596 49
596 69
596 3
597 28
597 2
597 49
597 10
597 51
597 46
598 46
598 4
598 57
598 47
598 19
598 21
599 48
599 50
599 46
599 4
599 19
599 51
600 48
600 2
600 61
600 37
600 50
600 55
601 51
601 69
601 10
601 19
601 29
601 47
602 10
602 19
602 61
602 37
602 3
602 16
603 50
603 47
603 48
603 51
603 2
603 19
604 61
604 29
604 2
604 47
604 48
604 3
605 47
605 59
605 15
605 69
605 10
605 29
606 30
606 47
606 51
606 48
606 36
606 32
607 11
607 30
607 72
607 51
607 36
607 4
608 2
608 29
608 16
608 57
608 20
608 31
609 69
609 47
609 21
609 10
609 4
609 29
610 47
610 2
610 61
610 71
610 16
610 58
611 63
611 19
611 64
611 16
611 59
611 69
612 29
612 64
612 2
612 31
612 70
612 32
613 49
613 11
613 55
613 51
613 57
613 2
614 16
614 20
614 47
614 59
614 48
614 50
615 2
615 3
615 47
615 37
615 61
615 6
616 4
616 20
616 52
616 55
616 2
616 36
617 2
617 30
617 47
617 10
617 48
617 3
618 2
618 21
618 3
618 57
618 47
618 29
619 2
619 3
619 69
619 70
619 6
619 10
620 69
620 47
620 30
620 36
620 57
620 70
621 48
621 2
621 4
621 61
621 50
621 6
622 16
622 6
622 48
622 61
622 30
622 71
623 50
623 48
623 57
623 51
623 30
623 53
624 48
624 6
624 55
624 29
624 31
624 2
625 57
625 61
625 69
625 29
625 71
625 10
626 64
626 2
626 16
626 48
626 29
626 3
627 16
627 2
627 20
627 3
627 69
627 72
628 29
628 48
628 4
628 2
628 61
628 6
629 37
629 53
629 2
629 3
629 48
629 29
630 2
630 48
630 53
630 20
630 3
630 50
631 36
631 55
631 2
631 48
631 61
631 3
632 2
632 58
632 3
632 50
632 36
632 48
633 10
633 2
633 29
633 31
633 3
633 48
634 20
634 72
634 2
634 3
634 29
634 6
635 29
635 48
635 31
635 3
635 50
635 20
636 61
636 20
636 29
636 31
636 48
636 72
637 6
637 48
637 53
637 50
637 30
637 69
638 2
638 71
638 3
638 37
638 6
638 10
639 49
639 20
639 2
639 71
639 3
639 29
640 4
640 29
640 10
640 52
640 6
640 31
641 2
641 11
641 20
641 29
641 50
641 61
642 2
642 37
642 61
642 10
642 20
642 29
643 36
643 20
643 2
643 52
643 4
643 6
644 4
644 55
644 48
644 6
644 71
644 29
645 20
645 4
645 29
645 48
645 2
645 63
646 71
646 48
646 2
646 61
646 32
646 10
647 48
647 57
647 2
647 4
647 20
647 30
648 36
648 29
648 71
648 10
648 2
648 4
649 2
649 6
649 48
649 10
649 57
649 59
650 48
650 2
650 6
650 10
650 20
650 29
651 48
651 2
651 53
651 50
651 55
651 20
652 64
652 62
652 36
652 48
652 2
652 50
653 36
653 49
653 6
653 51
653 53
653 55
654 6
654 29
654 31
654 20
654 32
654 2
655 55
655 51
655 59
655 62
655 10
655 63
656 2
656 29
656 48
656 53
656 6
656 20
657 2
657 20
657 29
657 31
657 51
657 71
658 29
658 20
658 31
658 36
658 11
658 32
659 20
659 29
659 6
659 10
659 48
659 31
660 62
660 63
660 55
660 6
660 48
660 10
661 6
661 29
661 10
661 48
661 20
661 71
662 48
662 31
662 50
662 51
662 53
662 55
663 10
663 29
663 20
663 6
663 31
663 72
664 6
664 10
664 71
664 49
664 20
664 64
665 6
665 10
665 20
665 29
665 31
665 62
666 53
666 55
666 6
666 59
666 71
666 29
667 57
667 59
667 62
667 63
667 6
667 71
668 71
668 59
668 7
668 21
668 29
668 48
669 36
669 20
669 52
669 57
669 48
669 29
670 10
670 6
670 63
670 57
670 20
670 29
671 48
671 6
671 62
671 10
671 20
671 29
672 71
672 6
672 10
672 55
672 30
672 20
673 6
673 10
673 20
673 29
673 71
673 31
674 6
674 48
674 10
674 30
674 20
674 31
675 36
675 6
675 49
675 20
675 10
675 30
676 6
676 10
676 20
676 49
676 30
676 59
677 49
677 6
677 10
677 71
677 51
677 53
678 49
678 6
678 51
678 71
678 10
678 20
679 6
679 10
679 20
679 30
679 72
679 31
680 10
680 20
680 30
680 36
680 31
680 49
681 62
681 7
681 20
681 11
681 30
681 31
682 52
682 20
682 71
682 49
682 7
682 30
683 20
683 63
683 64
683 30
683 71
683 31
684 71
684 11
684 7
684 30
684 36
684 20
685 36
685 49
685 7
685 51
685 31
685 53
686 31
686 7
686 49
686 36
686 10
686 51
687 62
687 7
687 11
687 31
687 49
687 55
688 31
688 50
688 62
688 72
688 7
688 20
689 7
689 20
689 31
689 49
689 36
689 10
690 62
690 20
690 7
690 10
690 57
690 31
691 49
691 20
691 71
691 31
691 37
691 51
692 49
692 31
692 11
692 20
692 36
692 51
693 11
693 71
693 49
693 51
693 20
693 31
694 49
694 53
694 31
694 20
694 11
694 51
695 49
695 11
695 71
695 20
695 31
695 57
696 20
696 71
696 11
696 50
696 31
696 37
697 49
697 11
697 62
697 20
697 31
697 37
698 71
698 11
698 20
698 49
698 31
698 37
699 11
699 71
699 20
699 37
699 31
699 49
700 11
700 49
700 31
700 37
700 20
700 51
701 49
701 51
701 31
701 20
701 53
701 11
702 37
702 57
702 71
702 11
702 31
702 49
703 50
703 11
703 51
703 53
703 20
703 31
704 72
704 31
704 62
704 63
704 11
704 37
705 11
705 57
705 71
705 20
705 49
705 31
706 64
706 31
706 49
706 11
706 37
706 20
707 37
707 49
707 71
707 11
707 51
707 20
708 71
708 11
708 20
708 37
708 49
708 51
709 62
709 58
709 11
709 37
709 49
709 20
710 52
710 71
710 49
710 55
710 11
710 37
711 49
711 11
711 51
711 53
711 57
711 55
712 11
712 37
712 49
712 51
712 71
712 53
713 37
713 62
713 49
713 11
713 51
713 53
714 11
714 49
714 57
714 37
714 71
714 51
715 37
715 49
715 51
715 53
715 11
715 55
716 51
716 49
716 53
716 55
716 57
716 71
717 49
717 11
717 51
717 53
717 63
717 55
718 49
718 51
718 63
718 53
718 55
718 57
719 49
719 51
719 53
719 55
719 57
719 59
720 63
720 50
720 51
720 53
720 55
720 64
721 49
721 51
721 53
721 55
721 62
721 57
722 49
722 57
722 51
722 59
722 53
722 55
723 49
723 51
723 53
723 55
723 57
723 59
724 49
724 51
724 58
724 53
724 55
724 62
725 49
725 51
725 53
725 72
725 64
725 55
726 49
726 51
726 71
726 53
726 55
726 57
727 62
727 49
727 51
727 53
727 71
727 55
728 49
728 51
728 63
728 64
728 53
728 55
729 62
729 55
729 49
729 51
729 53
729 63
730 49
730 51
730 53
730 55
730 57
730 59
731 51
731 49
731 53
731 55
731 57
731 59
732 49
732 51
732 53
732 72
732 55
732 57
733 49
733 63
733 51
733 55
733 57
733 62
734 49
734 51
734 55
734 57
734 71
734 59
735 71
735 52
735 49
735 55
735 58
735 62
736 49
736 51
736 55
736 58
736 62
736 63
737 52
737 50
737 55
737 59
737 62
737 71
738 50
738 51
738 55
738 59
738 62
738 63
739 50
739 51
739 55
739 71
739 59
739 62
740 50
740 51
740 55
740 59
740 62
740 63
741 50
741 51
741 55
741 59
741 62
741 63
742 55
742 50
742 52
742 64
742 71
742 59
743 50
743 52
743 63
743 55
743 62
743 59
744 52
744 50
744 55
744 59
744 62
744 63
745 50
745 52
745 55
745 59
745 62
745 63
746 50
746 52
746 55
746 59
746 72
746 62
747 50
747 71
747 52
747 55
747 59
747 62
748 72
748 50
748 52
748 59
748 55
748 62
749 50
749 52
749 55
749 71
749 59
749 62
750 50
750 52
750 55
750 59
750 62
750 63
751 71
751 62
751 50
751 63
751 52
751 59
752 52
752 50
752 62
752 55
752 59
752 63
753 59
753 62
753 50
753 63
753 52
753 64
754 50
754 71
754 52
754 59
754 62
754 63
755 71
755 50
755 62
755 52
755 59
755 63
756 50
756 52
756 59
756 62
756 63
756 64
757 50
757 52
757 59
757 62
757 63
757 64
758 59
758 50
758 71
758 52
758 62
758 63
759 50
759 52
759 63
759 59
759 62
759 64
760 52
760 71
760 50
760 59
760 62
760 63
761 50
761 59
761 71
761 63
761 62
761 64
762 50
762 62
762 63
762 64
762 71
763 50
763 62
763 63
763 64
763 71
764 50
764 71
764 62
764 63
764 64
765 50
765 62
765 63
765 64
765 71
766 50
766 62
766 63
766 64
766 71
767 50
767 62
767 63
767 71
767 64
768 50
768 62
768 63
768 64
768 71
769 50
769 63
769 64
769 71
770 50
770 63
770 71
770 64
771 63
771 64
771 71
771 50
772 63
772 50
772 64
772 71
773 63
773 50
773 71
773 64
774 63
774 64
774 71
775 63
775 71
775 64
776 71
776 63
776 64
777 64
777 71
778 64
778 72
779 64
779 72
780 64
780 72
781 64
781 72
782 64
782 72
783 64
783 72
784 64
784 72
785 64
785 72
786 64
786 72
787 64
787 72
788 64
788 72
789 64
789 72
790 72
791 72
792 72
793 72
794 72
795 72
796 72
797 72
798 72
799 72
800 72
801 72
802 72
803 72
804 72
805 72
806 72
807 72
808 72
