0 82
1 98
2 4
3 67
4 5
5 27
6 15
7 54
8 53
9 100
10 96
11 48
12 98
13 3
14 16
15 90
16 3
17 49
18 21
19 64
20 29
21 39
22 49
23 80
24 6
25 98
26 45
27 24
28 15
29 100
30 64
31 45
32 53
33 79
34 97
35 98
36 88
37 52
38 70
39 78
40 21
41 20
42 75
43 53
44 41
45 24
46 88
47 88
48 89
49 21
50 65
51 16
52 42
53 45
54 82
55 42
56 18
57 34
58 29
59 56
60 97
61 17
62 33
63 1
64 42
65 51
66 78
67 3
68 68
69 91
70 47
71 35
72 96
73 21
74 84
75 75
76 31
77 59
78 12
79 12
80 61
81 66
82 17
83 49
84 84
85 13
86 37
87 41
88 5
89 46
90 63
91 42
92 66
93 63
94 10
95 97
96 85
97 20
98 55
99 96
100 99
101 4
102 30
103 34
104 3
105 83
106 4
107 34
108 67
109 22
110 22
111 94
112 40
113 37
114 93
115 89
116 69
117 26
118 43
119 48
120 21
121 18
122 64
123 24
124 34
125 77
126 87
127 13
128 48
129 95
130 14
131 63
132 86
133 42
134 73
135 87
136 12
137 37
138 53
139 16
140 93
141 28
142 79
143 70
144 63
145 6
146 74
147 30
148 79
149 38
150 50
151 50
152 32
153 28
154 71
155 65
156 8
157 26
158 9
159 9
160 77
161 37
162 55
163 7
164 71
165 81
166 39
167 17
168 55
169 73
170 96
171 5
172 16
173 67
174 79
175 43
176 86
177 85
178 13
179 57
180 80
181 87
182 53
183 86
184 96
185 59
186 62
187 24
188 66
189 75
190 45
191 64
192 2
193 95
194 29
195 16
196 8
197 82
198 22
199 30
200 88
201 77
202 35
203 40
204 26
205 10
206 65
207 80
208 22
209 61
210 20
211 75
212 49
213 59
214 85
215 64
216 75
217 9
218 9
219 83
220 28
221 49
222 1
223 71
224 43
225 9
226 100
227 47
228 96
229 83
230 11
231 87
232 32
233 38
234 91
235 34
236 60
237 31
238 99
239 7
240 2
241 45
242 80
243 33
244 96
245 6
246 73
247 70
248 45
249 38
250 88
251 51
252 54
253 22
254 71
255 22
256 56
257 49
258 34
259 81
260 14
261 100
262 93
263 14
264 23
265 99
266 60
267 18
268 2
269 34
270 7
271 26
272 50
273 11
274 67
275 74
276 95
277 84
278 56
279 71
280 33
281 4
282 24
283 23
284 18
285 57
286 13
287 72
288 72
289 48
290 64
291 86
292 21
293 18
294 76
295 51
296 15
297 69
298 49
299 37
300 89
301 51
302 84
303 37
304 72
305 36
306 48
307 72
308 42
309 10
310 22
311 15
312 39
313 62
314 95
315 25
316 43
317 30
318 49
319 43
320 14
321 78
322 33
323 42
324 20
325 49
326 79
327 72
328 40
329 20
330 34
331 44
332 63
333 83
334 55
335 97
336 50
337 99
338 84
339 27
340 47
341 10
342 17
343 17
344 8
345 59
346 11
347 71
348 57
349 85
350 49
351 89
352 30
353 71
354 35
355 50
356 50
357 36
358 56
359 52
360 19
361 9
362 54
363 86
364 32
365 86
366 73
367 94
368 10
369 3
370 9
371 48
372 32
373 4
374 9
375 46
376 22
377 90
378 50
379 16
380 23
381 39
382 66
383 68
384 65
385 9
386 18
387 75
388 97
389 62
390 87
391 58
392 71
393 44
394 59
395 99
396 98
397 60
398 65
399 4
400 39
401 91
402 26
403 81
404 89
405 97
406 78
407 77
408 8
409 67
410 94
411 35
412 11
413 42
414 17
415 23
