0 53
1 3
2 78
3 71
4 90
5 84
6 65
7 84
8 69
9 22
10 82
11 48
12 76
13 41
14 93
15 86
16 33
17 14
18 20
19 54
20 77
21 77
22 12
23 32
24 57
25 58
26 88
27 77
28 65
29 84
30 2
31 98
32 53
33 58
34 18
35 24
36 63
37 92
38 54
39 10
40 52
41 26
42 53
43 94
44 62
45 62
46 30
47 56
48 100
49 99
50 68
51 47
52 52
53 72
54 56
55 37
56 43
57 30
58 49
59 42
60 31
61 21
62 71
63 44
64 38
65 27
66 26
67 46
68 60
69 70
70 14
71 64
72 76
73 74
74 27
75 78
76 84
77 59
78 81
79 10
80 39
81 17
82 47
83 61
84 33
85 71
86 82
87 59
88 46
89 39
90 60
91 6
92 68
93 39
94 25
95 92
96 51
97 37
98 88
99 52
100 2
101 100
102 80
103 95
104 50
105 97
106 38
107 33
108 37
109 15
110 51
111 78
112 4
113 36
114 29
115 65
116 55
117 95
118 93
119 49
120 9
121 64
122 8
123 46
124 38
125 54
126 40
127 70
128 86
129 65
130 55
131 72
132 7
133 92
134 77
135 63
136 92
137 55
138 30
139 6
140 26
141 73
142 90
143 93
144 43
145 38
146 97
147 80
148 20
149 44
150 79
151 23
152 59
153 42
154 16
155 4
156 18
157 70
158 58
159 39
160 38
161 84
162 72
163 27
164 33
165 33
166 38
167 71
168 2
169 39
170 97
171 25
172 93
173 17
174 13
175 21
176 5
177 94
178 32
179 59
180 82
181 92
182 30
183 4
184 95
185 58
186 38
187 69
188 90
189 39
190 49
191 71
192 36
193 6
194 16
195 30
196 7
197 78
198 79
199 65
200 49
201 5
202 68
203 82
204 11
205 67
206 80
207 25
208 2
209 49
210 90
211 61
212 3
213 54
214 100
215 83
216 18
217 70
218 94
219 86
220 23
221 13
222 84
223 34
224 62
225 12
226 88
227 89
228 27
229 58
230 57
231 100
232 32
233 9
234 21
235 77
236 63
237 59
238 35
239 33
240 47
241 28
242 96
243 89
244 29
245 23
246 7
247 65
248 7
249 23
250 19
251 24
252 18
253 23
254 33
255 23
256 93
257 25
258 34
259 28
260 8
261 77
262 65
263 8
264 87
265 70
266 31
267 70
268 57
269 34
270 97
271 100
272 45
273 33
274 61
275 89
276 20
277 57
278 69
279 17
280 24
281 73
282 22
283 51
284 32
285 67
286 69
287 60
288 38
289 59
290 35
291 2
292 53
293 58
294 79
295 77
296 88
297 49
298 50
299 77
300 78
301 33
302 3
303 50
304 68
305 53
306 97
307 46
308 61
309 79
310 71
311 23
312 1
313 98
314 51
315 94
316 32
317 47
318 13
319 99
320 20
321 95
322 54
323 47
324 28
325 85
326 1
327 86
328 47
329 51
330 37
331 66
332 6
333 68
334 42
335 24
336 4
337 76
338 80
339 58
340 79
341 88
342 17
343 36
344 88
345 69
346 77
347 67
348 20
349 47
350 57
351 25
352 93
353 76
354 12
355 10
356 85
357 92
358 25
359 70
360 40
361 49
362 13
363 9
364 94
365 29
366 24
367 5
368 18
369 24
370 10
371 62
372 11
373 38
374 98
375 29
376 76
377 29
378 80
379 62
380 16
381 62
382 61
383 18
384 19
385 65
386 90
387 51
388 73
389 7
390 29
391 63
392 39
393 37
394 73
395 90
396 85
397 33
398 78
399 8
400 58
401 46
402 70
403 8
404 79
405 97
406 14
407 76
408 39
409 63
410 69
411 8
412 34
413 78
414 8
415 23
416 52
417 72
418 57
419 60
420 11
421 15
422 1
423 36
424 77
425 2
426 35
427 53
428 53
429 19
430 16
431 97
432 15
433 98
434 69
435 20
436 3
437 77
438 79
439 3
440 7
441 44
442 45
443 32
444 57
445 53
446 100
447 75
448 90
449 86
450 82
451 14
452 35
453 82
454 26
455 25
456 21
457 21
458 4
459 52
460 46
461 16
462 5
