0 1
1 3
2 94
3 83
4 55
5 83
6 7
7 41
8 15
9 16
10 7
11 12
12 42
13 8
14 18
15 41
16 58
17 56
18 5
19 16
20 15
21 45
22 57
23 83
24 97
25 80
26 11
27 96
28 34
29 27
30 79
31 13
32 8
33 58
34 91
35 18
36 59
37 55
38 51
39 37
40 21
41 38
42 77
43 90
44 61
45 47
46 71
47 48
48 45
49 71
50 66
51 81
52 99
53 20
54 12
55 36
56 47
57 34
58 83
59 59
60 99
61 31
62 73
63 60
64 27
65 13
66 44
67 67
68 18
69 66
70 22
71 74
72 53
73 7
74 62
75 52
76 73
77 74
78 9
79 27
80 87
81 48
82 76
83 87
84 97
85 96
86 17
87 67
88 20
89 85
90 54
91 66
92 81
93 63
94 2
95 69
96 79
97 53
98 100
99 99
100 44
101 58
102 62
103 76
104 94
105 11
106 37
107 71
108 65
109 70
110 54
111 38
112 53
113 56
114 19
115 91
116 45
117 97
118 23
119 39
120 21
121 66
122 63
123 12
124 40
125 45
126 2
127 61
128 24
129 13
130 88
131 22
132 62
133 30
134 28
135 62
136 36
137 70
138 87
139 100
140 1
141 27
142 64
143 47
144 39
145 45
146 77
147 90
148 2
149 84
150 96
151 62
152 25
153 30
154 15
155 19
156 53
157 46
158 93
159 47
160 92
161 76
162 55
163 33
164 30
165 56
166 40
167 99
168 54
169 36
170 56
171 19
172 74
173 6
174 4
175 99
176 33
177 1
178 27
179 25
180 65
181 68
182 1
183 99
184 97
185 45
186 54
187 84
188 86
