0 54
1 37
2 21
3 57
4 23
5 14
6 66
7 8
8 26
9 55
10 30
11 60
12 6
13 57
14 30
15 12
16 12
17 14
18 69
19 62
20 25
21 8
22 42
23 33
24 3
25 9
26 21
27 15
28 58
29 17
30 12
31 13
32 55
33 9
34 66
35 14
36 53
37 59
38 27
39 9
40 69
41 36
42 69
43 45
44 36
45 55
46 47
47 21
48 4
49 34
50 34
51 22
52 38
53 64
54 55
55 32
56 34
57 44
58 53
59 12
60 2
61 45
62 57
63 19
64 65
65 9
66 9
67 23
68 29
69 27
70 7
71 22
72 19
73 40
74 38
75 45
76 25
77 19
78 64
79 52
80 21
81 14
82 6
83 15
84 12
85 53
86 41
87 63
88 7
89 67
90 8
91 3
92 7
93 52
94 55
95 56
96 44
97 43
98 55
99 12
100 49
101 59
102 55
103 45
104 63
105 39
106 37
107 42
108 35
109 53
110 54
111 14
112 15
113 50
114 49
115 6
116 15
117 69
118 8
119 15
120 49
121 25
122 69
123 41
124 14
125 67
126 8
127 69
128 30
129 10
130 69
131 8
132 4
133 2
134 24
135 66
136 26
137 53
138 17
139 51
140 68
141 15
142 19
143 10
144 58
145 52
146 15
147 62
148 41
149 30
150 60
151 24
152 48
153 31
154 66
155 11
156 30
157 53
158 49
159 20
160 20
161 26
162 17
163 42
164 58
165 44
166 21
167 11
168 51
169 2
170 69
171 31
172 67
173 47
174 39
175 47
176 49
177 10
178 38
179 1
180 58
181 63
182 39
183 4
184 65
185 9
186 70
187 61
188 4
189 22
190 57
191 65
192 17
193 12
194 51
195 52
196 55
197 43
198 42
199 9
200 64
201 10
202 13
203 47
204 6
205 59
206 13
207 14
208 19
209 32
210 60
211 29
212 69
213 58
214 66
215 39
216 32
217 45
218 36
219 68
220 57
221 28
222 7
223 6
224 36
225 41
226 18
227 3
228 31
229 9
230 14
231 23
232 62
233 19
234 23
235 10
236 58
237 25
238 23
239 35
240 62
241 4
242 34
243 20
244 56
245 11
246 3
247 31
248 44
249 8
250 54
251 33
252 12
253 49
254 18
255 7
256 48
257 9
258 27
259 35
260 64
261 52
262 44
263 19
264 65
265 39
266 41
267 51
268 35
269 10
270 70
271 11
272 69
273 32
274 37
275 47
276 21
277 29
