0 16
1 37
2 61
3 54
4 87
5 36
6 64
7 82
8 38
9 83
10 86
11 33
12 86
13 79
14 37
15 38
16 90
17 63
18 42
19 76
20 78
21 31
22 87
23 14
24 86
25 20
26 30
27 87
28 63
29 28
30 22
31 34
32 70
33 82
34 20
35 95
36 70
37 60
38 75
39 84
40 10
41 88
42 4
43 59
44 26
45 51
46 72
47 97
48 40
49 86
50 51
51 29
52 4
53 73
54 47
55 74
56 69
57 3
58 93
59 77
60 70
61 53
62 84
63 99
64 66
65 72
66 20
67 3
68 11
69 81
70 14
71 45
72 99
73 3
74 3
75 93
76 34
77 25
78 5
79 76
80 26
81 17
82 1
83 8
84 28
85 77
86 91
87 91
88 34
89 82
90 89
91 52
92 45
93 78
94 38
95 10
96 98
97 81
98 90
99 8
100 67
101 78
102 47
103 86
104 39
105 13
106 71
107 16
108 26
109 12
110 49
111 93
112 25
113 47
114 11
115 71
116 80
117 63
118 96
119 26
120 63
121 40
122 66
123 57
124 43
125 68
126 72
127 68
128 95
129 6
130 43
131 68
132 32
133 92
134 67
135 1
136 41
137 17
138 17
139 92
140 74
141 57
142 24
143 34
144 66
145 22
146 83
147 59
148 18
149 27
150 11
151 19
152 12
153 1
154 56
155 27
156 71
157 13
158 3
159 13
160 37
161 74
162 92
163 75
164 77
165 13
166 56
167 80
168 84
169 1
170 47
171 93
172 70
173 67
174 35
175 70
176 100
177 73
178 94
179 18
180 6
181 18
182 25
183 60
184 99
185 43
186 3
187 73
188 80
189 63
190 76
191 56
192 43
193 69
194 97
195 19
196 37
197 9
198 8
199 61
200 55
201 73
202 60
203 54
204 22
205 83
206 75
207 91
208 60
209 89
210 90
211 70
212 85
213 14
214 66
215 71
216 99
217 17
218 6
219 81
220 82
221 96
222 82
223 100
224 26
225 27
226 91
227 10
228 69
229 56
230 47
231 2
232 13
233 61
234 79
235 55
236 20
237 76
238 8
239 28
240 15
241 58
242 84
243 27
244 42
245 66
246 9
247 33
248 16
249 79
250 35
251 47
252 95
253 81
254 32
255 41
256 97
257 68
258 23
259 89
260 8
261 63
262 99
263 45
264 38
265 99
266 2
267 18
268 98
269 4
270 97
271 16
272 15
273 2
274 42
275 52
276 80
277 49
278 95
279 95
280 16
281 75
282 50
283 10
284 13
285 66
286 10
287 68
288 32
289 42
290 19
291 60
292 47
293 91
294 77
295 17
296 14
297 82
298 59
299 47
300 50
301 37
302 15
303 48
304 17
305 62
306 77
307 36
308 69
309 60
310 83
311 7
312 83
313 13
314 81
315 44
316 59
317 77
318 52
319 71
320 40
321 72
322 2
323 74
324 97
325 80
326 90
327 99
328 53
329 46
330 4
331 5
332 23
333 37
334 13
335 63
336 33
337 59
338 49
339 60
340 41
341 41
342 66
343 73
344 44
345 63
346 57
347 21
348 86
349 97
350 86
351 88
352 44
353 34
354 49
355 54
356 64
357 77
358 44
359 94
360 87
361 98
362 100
363 14
364 42
365 54
366 5
367 100
368 17
369 71
370 14
371 100
372 52
373 5
374 81
375 84
376 18
377 11
378 68
379 44
380 62
381 63
382 38
383 33
384 69
385 92
386 17
387 3
388 36
389 44
390 18
391 75
392 31
393 84
394 95
395 96
396 33
397 95
398 73
399 39
400 7
401 32
402 47
403 28
404 55
405 75
406 67
407 23
408 15
409 54
410 19
411 35
412 30
413 82
414 68
415 23
416 9
417 39
418 63
419 85
420 98
421 40
422 89
423 40
424 37
425 92
426 2
427 97
428 5
429 52
430 14
431 76
432 81
433 45
434 69
435 13
436 13
437 24
438 35
439 64
440 98
441 32
442 99
443 25
444 36
445 82
446 46
447 37
448 79
449 58
450 52
451 70
452 58
453 70
454 29
455 97
456 70
457 78
458 93
459 9
460 39
461 49
462 12
463 44
464 7
465 74
466 68
467 67
468 81
469 23
470 69
471 70
472 6
473 25
474 69
475 58
476 4
477 72
478 73
479 53
480 85
481 50
482 63
483 60
484 19
485 54
486 83
