1 7 7 sd 7 7 18 saa8 7 112 15 
4 10 12 12 sd 12 12 215 17 
4 5 saa5 4 316 17 saa17 16 318 saa18 17 319 
1 7 8 saa8 7 410 10 sd 10 10 414 
4 7 14 15 16 18 
3 4 saa4 3 68 11 11 sd 11 11 613 
1 2 saa2 1 75 8 16 18 
3 6 11 13 13 sd 13 13 818 
1 4 11 16 17 saa17 16 917 sd 17 17 9
1 3 3 sd 3 3 105 17 18 saa18 17 10
2 5 9 13 15 16 
2 6 14 16 16 sd 16 16 1219 
0 0 sd 0 0 135 6 16 18 
2 2 sd 2 2 143 13 13 sd 13 13 1415 
2 3 6 8 10 16 
8 10 11 saa11 10 1616 16 sd 16 16 1618 
5 6 8 10 16 17 saa17 16 17
5 8 10 15 15 sd 15 15 1818 
1 2 saa2 1 199 11 13 16 
9 13 13 sd 13 13 2018 18 sd 18 18 2019 
1 7 12 12 sd 12 12 2112 sd 12 12 2114 
3 3 sd 3 3 2210 10 sd 10 10 2215 19 
5 11 12 13 saa13 12 2314 saa14 13 2315 
0 0 sd 0 0 2415 17 17 sd 17 17 2419 
4 13 15 15 sd 15 15 2519 19 sd 19 19 25
1 4 5 saa5 4 266 13 18 
4 7 11 11 sd 11 11 2714 17 
2 4 5 saa5 4 2810 16 18 
3 3 sd 3 3 297 9 18 19 
1 4 11 16 17 saa17 16 3019 
0 8 9 11 12 18 
6 13 15 15 sd 15 15 3216 18 
4 11 15 16 17 saa17 16 3318 saa18 17 33
2 4 6 7 saa7 6 348 saa8 7 349 
5 5 sd 5 5 359 13 14 saa14 13 3515 
0 4 9 9 sd 9 9 3617 18 saa18 17 36
2 4 10 13 16 16 sd 16 16 37
3 4 saa4 3 385 saa5 4 387 13 16 
7 7 sd 7 7 398 saa8 7 3915 16 18 
7 12 12 sd 12 12 4013 saa13 12 4013 sd 13 13 4014 saa14 13 40
0 1 saa1 0 414 5 saa5 4 418 17 
5 5 sd 5 5 4210 11 saa11 10 4212 19 
3 3 sd 3 3 437 12 15 18 
0 3 5 7 10 10 sd 10 10 44
0 0 sd 0 0 451 saa1 0 454 13 14 saa14 13 45
6 8 10 11 saa11 10 4614 17 
0 1 saa1 0 472 saa2 1 473 14 16 
0 4 4 sd 4 4 488 14 17 
2 6 8 10 10 sd 10 10 4919 
3 3 sd 3 3 505 10 14 15 
0 0 sd 0 0 514 4 sd 4 4 515 saa5 4 5119 
2 3 8 8 sd 8 8 5212 16 
1 1 sd 1 1 537 7 sd 7 7 538 saa8 7 5315 
7 11 14 16 16 sd 16 16 5419 
5 5 sd 5 5 5510 16 16 sd 16 16 5517 saa17 16 55
1 3 13 14 saa14 13 5615 19 
3 3 sd 3 3 575 7 10 14 
4 6 6 sd 6 6 5816 18 19 
8 9 11 11 sd 11 11 5913 14 saa14 13 59
0 1 saa1 0 606 8 15 17 
8 10 12 14 16 17 saa17 16 61
9 10 saa10 9 6211 saa11 10 6212 13 saa13 12 6219 
6 6 sd 6 6 6311 12 14 17 
3 3 sd 3 3 644 saa4 3 6411 12 16 
0 13 15 16 19 19 sd 19 19 65
1 5 9 10 saa10 9 6618 18 sd 18 18 66
0 1 saa1 0 675 8 11 12 
3 4 saa4 3 685 saa5 4 6813 14 saa14 13 6818 
2 3 7 15 15 sd 15 15 6916 
0 1 saa1 0 702 saa2 1 703 5 19 
6 8 11 12 12 sd 12 12 7116 
7 9 12 14 15 18 
0 1 saa1 0 738 10 15 15 sd 15 15 73
8 8 sd 8 8 7411 15 16 16 sd 16 16 74
8 9 11 12 16 18 
4 8 9 16 18 19 
3 5 7 12 14 16 
1 2 saa2 1 784 4 sd 4 4 786 17 
2 15 15 sd 15 15 7915 sd 15 15 7917 19 
2 3 5 6 16 17 saa17 16 80
6 8 14 18 18 sd 18 18 8118 sd 18 18 81
12 14 14 sd 14 14 8215 18 18 sd 18 18 82
1 14 14 sd 14 14 8316 17 saa17 16 8317 sd 17 17 83
0 4 12 18 19 19 sd 19 19 84
4 8 9 14 16 17 saa17 16 85
0 11 15 15 sd 15 15 8616 16 sd 16 16 86
3 3 sd 3 3 874 saa4 3 878 10 10 sd 10 10 87
2 7 10 13 16 19 
1 3 4 saa4 3 896 14 18 
3 5 15 15 sd 15 15 9017 19 
2 2 sd 2 2 913 10 12 12 sd 12 12 91
7 7 sd 7 7 9217 18 saa18 17 9219 19 sd 19 19 92
0 6 15 15 sd 15 15 9317 18 saa18 17 93
3 4 saa4 3 945 saa5 4 945 sd 5 5 9418 18 sd 18 18 94
0 8 12 14 16 17 saa17 16 95
1 2 saa2 1 964 10 11 saa11 10 9617 
2 4 7 8 saa8 7 978 sd 8 8 9714 
2 3 10 11 saa11 10 9812 16 
3 5 13 16 17 saa17 16 9919 
1 2 saa2 1 1003 10 16 18 
4 5 saa5 4 10111 15 16 19 
2 2 sd 2 2 1027 11 16 19 
9 10 saa10 9 10310 sd 10 10 10311 saa11 10 10312 16 
0 1 saa1 0 1041 sd 1 1 1042 saa2 1 1048 12 
7 8 saa8 7 10511 12 14 14 sd 14 14 105
2 3 9 16 16 sd 16 16 10618 
10 14 15 16 19 19 sd 19 19 107
3 4 saa4 3 1085 saa5 4 10810 14 16 
0 2 6 7 saa7 6 10912 13 saa13 12 109
5 9 10 saa10 9 11016 16 sd 16 16 11017 saa17 16 110
1 2 saa2 1 11111 12 15 17 
2 6 6 sd 6 6 1129 15 16 
3 7 16 16 sd 16 16 11317 saa17 16 11318 saa18 17 113
2 3 8 9 18 19 
2 5 6 8 16 19 
0 3 3 sd 3 3 11617 18 saa18 17 11618 sd 18 18 116
0 0 sd 0 0 1175 8 9 15 
8 10 12 17 18 saa18 17 11819 
4 9 13 16 17 saa17 16 11917 sd 17 17 119
0 6 10 13 15 19 
6 6 sd 6 6 1217 saa7 6 12111 14 16 
12 15 15 sd 15 15 12215 sd 15 15 12215 sd 15 15 12218 
7 7 sd 7 7 1238 saa8 7 1239 13 19 
2 5 6 11 15 16 
3 4 saa4 3 1255 saa5 4 1255 sd 5 5 12511 11 sd 11 11 125
3 5 6 7 saa7 6 1268 saa8 7 12614 
0 3 5 6 9 10 saa10 9 127
0 7 9 10 saa10 9 12813 18 
0 7 8 saa8 7 12911 19 19 sd 19 19 129
2 3 3 sd 3 3 1309 13 16 
2 4 9 10 saa10 9 13113 19 
11 11 sd 11 11 13212 13 saa13 12 13213 sd 13 13 13218 
2 5 11 11 sd 11 11 13312 16 
0 3 4 saa4 3 1347 7 sd 7 7 13411 
0 0 sd 0 0 1353 16 19 19 sd 19 19 135
0 6 7 saa7 6 1368 saa8 7 13611 16 
6 8 8 sd 8 8 13714 17 19 
11 12 15 16 16 sd 16 16 13816 sd 16 16 138
4 6 8 12 16 18 
4 4 sd 4 4 1405 saa5 4 1405 sd 5 5 14010 18 
0 4 5 saa5 4 14115 16 18 
0 6 8 11 13 19 
0 2 2 sd 2 2 1438 17 18 saa18 17 143
0 13 15 16 17 saa17 16 14419 
0 4 4 sd 4 4 1455 saa5 4 1458 11 
1 2 saa2 1 1466 9 13 19 
0 1 saa1 0 1475 7 18 19 
10 16 16 sd 16 16 14819 19 sd 19 19 14819 sd 19 19 148
0 3 10 11 saa11 10 14918 19 
0 1 saa1 0 1502 saa2 1 1504 10 12 
2 5 5 sd 5 5 1518 13 15 
4 4 sd 4 4 1526 8 10 16 
1 11 16 16 sd 16 16 15316 sd 16 16 15317 saa17 16 153
0 0 sd 0 0 15413 15 16 19 
3 5 6 15 17 19 
7 9 13 16 16 sd 16 16 15616 sd 16 16 156
2 8 10 11 saa11 10 15716 18 
0 0 sd 0 0 1582 5 8 12 
1 4 5 saa5 4 1595 sd 5 5 15910 12 
0 4 5 saa5 4 1606 15 16 
0 4 12 13 saa13 12 16115 16 
5 6 11 11 sd 11 11 16217 19 
5 7 11 12 14 18 
1 2 saa2 1 1644 7 9 15 
5 7 8 saa8 7 16514 14 sd 14 14 16519 
0 0 sd 0 0 16611 12 14 19 
4 4 sd 4 4 1674 sd 4 4 1677 9 16 
0 2 5 11 16 18 
3 9 13 15 16 18 
4 6 7 saa7 6 17010 12 12 sd 12 12 170
6 11 13 13 sd 13 13 17118 19 
0 7 9 11 14 16 
4 5 saa5 4 1739 17 18 saa18 17 17318 sd 18 18 173
1 4 5 saa5 4 1749 10 saa10 9 17414 
4 7 8 saa8 7 17512 12 sd 12 12 17516 
0 0 sd 0 0 1765 16 19 19 sd 19 19 176
2 2 sd 2 2 1773 13 18 19 
0 2 8 13 13 sd 13 13 17817 
0 11 14 14 sd 14 14 17917 19 
1 4 6 7 saa7 6 18012 15 
1 4 9 10 saa10 9 18112 15 
1 4 8 9 12 16 
2 2 sd 2 2 1839 11 14 18 
0 2 5 8 9 14 
0 6 6 sd 6 6 1858 12 13 saa13 12 185
1 2 saa2 1 18611 17 17 sd 17 17 18619 
7 8 saa8 7 18710 10 sd 10 10 18717 18 saa18 17 187
3 4 saa4 3 1884 sd 4 4 1886 10 19 
0 2 3 10 11 saa11 10 18917 
1 5 6 12 13 saa13 12 19018 
10 11 saa11 10 19117 17 sd 17 17 19117 sd 17 17 19118 saa18 17 191
0 6 8 11 11 sd 11 11 19212 
8 13 15 17 17 sd 17 17 19319 
1 8 15 17 17 sd 17 17 19419 
0 8 8 sd 8 8 19511 16 17 saa17 16 195
6 8 11 12 13 saa13 12 19617 
4 7 11 17 18 saa18 17 19719 
0 3 4 saa4 3 1989 12 18 
0 0 sd 0 0 1991 saa1 0 1995 7 13 
0 2 8 10 14 18 
1 5 8 14 17 19 
0 5 11 13 14 saa14 13 20217 
2 3 6 9 14 15 
12 17 17 sd 17 17 20417 sd 17 17 20418 saa18 17 20419 
4 14 17 17 sd 17 17 20518 saa18 17 20519 
0 2 11 15 17 18 saa18 17 206
0 2 2 sd 2 2 2079 17 19 
0 1 saa1 0 2082 saa2 1 2086 17 17 sd 17 17 208
0 0 sd 0 0 2094 7 8 saa8 7 20917 
3 17 17 sd 17 17 21018 saa18 17 21018 sd 18 18 21019 
4 8 12 13 saa13 12 21115 17 
3 4 saa4 3 2125 saa5 4 2127 9 17 
0 0 sd 0 0 2133 9 9 sd 9 9 21314 
3 5 8 12 17 17 sd 17 17 214
3 9 11 12 13 saa13 12 21513 sd 13 13 215
0 3 4 saa4 3 2167 17 18 saa18 17 216
5 6 9 10 saa10 9 21718 19 
0 5 7 15 16 18 
0 8 17 17 sd 17 17 21917 sd 17 17 21919 
0 0 sd 0 0 22012 18 18 sd 18 18 22018 sd 18 18 220
3 3 sd 3 3 2219 9 sd 9 9 22117 19 
4 15 17 17 sd 17 17 22218 saa18 17 22219 
1 8 14 15 17 18 saa18 17 223
2 3 3 sd 3 3 22413 17 18 saa18 17 224
0 4 6 11 15 19 
3 5 6 15 17 18 saa18 17 226
2 4 6 6 sd 6 6 2279 17 
3 4 saa4 3 2289 15 18 19 
3 5 8 11 17 17 sd 17 17 229
0 3 5 6 17 19 
1 7 12 15 17 17 sd 17 17 231
0 5 8 12 13 saa13 12 23219 
6 7 saa7 6 23311 11 sd 11 11 23315 17 
3 3 sd 3 3 2344 saa4 3 2348 10 18 
4 8 9 12 13 saa13 12 23517 
7 8 saa8 7 23610 13 15 17 
0 9 17 18 saa18 17 23718 sd 18 18 23719 
8 11 13 18 18 sd 18 18 23819 
0 0 sd 0 0 2391 saa1 0 2393 6 18 
5 6 9 10 saa10 9 24011 saa11 10 24015 
4 5 saa5 4 2419 9 sd 9 9 24110 saa10 9 24119 
9 9 sd 9 9 24210 saa10 9 24210 sd 10 10 24211 saa11 10 24219 
5 7 12 15 18 18 sd 18 18 243
5 6 9 12 15 19 
2 3 4 saa4 3 24513 14 saa14 13 24518 
0 3 11 15 18 18 sd 18 18 246
1 3 15 15 sd 15 15 24719 19 sd 19 19 247
4 6 9 9 sd 9 9 24815 18 
0 10 13 18 19 19 sd 19 19 249
0 13 14 saa14 13 25014 sd 14 14 25015 18 
0 0 sd 0 0 2515 12 18 19 
0 3 7 7 sd 7 7 25213 14 saa14 13 252
1 2 saa2 1 2533 7 14 18 
6 6 sd 6 6 2549 11 15 19 
1 1 sd 1 1 2551 sd 1 1 2553 13 19 
6 7 saa7 6 25612 14 14 sd 14 14 25619 
1 1 sd 1 1 2574 6 7 saa7 6 25719 
1 6 7 saa7 6 2588 saa8 7 25813 19 
1 5 9 11 14 19 
1 3 6 8 9 13 
1 3 5 9 15 19 
1 3 5 9 9 sd 9 9 26219 
1 1 sd 1 1 2636 7 saa7 6 2639 13 
1 1 sd 1 1 2644 6 11 15 
1 6 6 sd 6 6 2658 9 10 saa10 9 265
1 1 sd 1 1 2661 sd 1 1 2662 saa2 1 2669 9 sd 9 9 266
1 5 9 11 15 15 sd 15 15 267
1 1 sd 1 1 2683 8 11 15 
1 1 sd 1 1 2693 5 11 12 
1 1 sd 1 1 2701 sd 1 1 2702 saa2 1 27011 15 
1 3 3 sd 3 3 2719 11 13 
2 4 5 saa5 4 2726 13 15 
1 1 sd 1 1 2732 saa2 1 2736 7 saa7 6 2739 
1 1 sd 1 1 2745 5 sd 5 5 27412 12 sd 12 12 274
1 4 4 sd 4 4 27511 12 15 
1 1 sd 1 1 2762 saa2 1 2762 sd 2 2 2762 sd 2 2 27611 
1 1 sd 1 1 2773 5 8 9 
1 1 sd 1 1 2784 9 10 saa10 9 27811 saa11 10 278
1 1 sd 1 1 2792 saa2 1 2795 6 9 
1 1 sd 1 1 2802 saa2 1 2802 sd 2 2 2804 6 
1 1 sd 1 1 2812 saa2 1 2819 9 sd 9 9 28112 
6 9 10 saa10 9 28212 12 sd 12 12 28214 
1 1 sd 1 1 28311 12 12 sd 12 12 28315 
1 3 5 6 6 sd 6 6 2849 
1 2 saa2 1 2852 sd 2 2 2854 6 7 saa7 6 285
2 2 sd 2 2 2864 5 saa5 4 2868 9 
2 4 4 sd 4 4 2879 10 saa10 9 28715 
2 4 4 sd 4 4 2885 saa5 4 2885 sd 5 5 28812 
2 4 5 saa5 4 2896 9 12 
2 4 5 saa5 4 2905 sd 5 5 2906 12 
2 4 5 saa5 4 2915 sd 5 5 2917 9 
2 4 6 7 saa7 6 2929 10 saa10 9 292
2 4 6 8 12 15 
2 4 6 9 11 13 
2 6 7 saa7 6 2959 13 14 saa14 13 295
2 6 7 saa7 6 2967 sd 7 7 2968 saa8 7 2969 
2 6 7 saa7 6 2979 10 saa10 9 29715 
2 6 9 11 12 15 
2 6 7 saa7 6 29911 12 15 
6 7 saa7 6 3007 sd 7 7 3008 saa8 7 3009 11 
6 7 saa7 6 3017 sd 7 7 3018 saa8 7 30110 12 
6 7 saa7 6 3027 sd 7 7 3028 saa8 7 30210 12 
6 7 saa7 6 3037 sd 7 7 3038 saa8 7 30310 12 
6 7 saa7 6 30410 10 sd 10 10 30412 13 saa13 12 304
7 7 sd 7 7 3058 saa8 7 30510 12 13 saa13 12 305
7 7 sd 7 7 3068 saa8 7 30610 10 sd 10 10 30612 
7 10 10 sd 10 10 30710 sd 10 10 30712 13 saa13 12 307
7 10 10 sd 10 10 30810 sd 10 10 30812 13 saa13 12 308
10 10 sd 10 10 30912 13 saa13 12 30913 sd 13 13 30914 saa14 13 309
10 12 13 saa13 12 31013 sd 13 13 31014 saa14 13 31014 sd 14 14 310
10 12 13 saa13 12 31113 sd 13 13 31114 saa14 13 31114 sd 14 14 311
10 12 13 saa13 12 31213 sd 13 13 31214 saa14 13 31214 sd 14 14 312
12 13 saa13 12 31313 sd 13 13 31314 saa14 13 31314 sd 14 14 313
13 13 sd 13 13 31414 saa14 13 31414 sd 14 14 314
13 14 saa14 13 31514 sd 14 14 315
13 14 saa14 13 31614 sd 14 14 316
13 14 saa14 13 317
13 14 saa14 13 318
13 14 saa14 13 319
14 
14 
