0 2 3 6 15 
0 2 8 15 16 
7 
14 
18 19 
0 2 
7 
18 19 
18 19 
18 19 
18 19 
18 19 
2 12 15 16 
4 7 18 19 
3 11 16 
0 14 
21 
18 19 
18 
0 2 11 15 16 
9 18 19 
0 2 4 9 15 
0 2 14 15 
3 15 16 
0 9 16 
0 8 15 16 
8 9 11 14 15 
3 11 18 
0 2 3 12 15 
2 12 15 16 
1 3 18 
3 8 11 
3 5 19 22 
3 5 14 19 22 
5 11 15 16 19 
0 2 8 12 
4 6 
0 6 11 15 16 
3 11 16 
0 3 14 
1 5 14 16 19 22 
0 2 6 8 16 
16 19 22 
2 3 12 16 18 
11 16 19 22 
1 5 10 14 19 
10 12 18 19 22 
3 5 9 12 16 
0 2 6 9 16 
0 2 6 15 
3 
0 8 11 15 16 
2 5 8 11 15 
0 11 14 
0 2 5 12 18 
0 3 9 11 
2 15 16 18 
5 12 14 15 19 
12 15 25 
6 9 12 
5 15 
1 9 16 
2 5 6 9 
3 8 
3 5 9 
1 10 12 
0 5 11 12 
15 16 19 22 30 
1 8 9 15 16 
0 8 11 15 
5 8 9 15 16 
3 5 12 15 
6 11 12 
0 2 11 16 
0 2 
2 11 12 16 18 
2 5 11 15 
3 8 9 11 15 
2 8 9 11 
0 
3 11 25 
5 8 9 12 
0 11 19 
0 2 5 12 
2 5 11 
8 9 11 14 19 22 
5 8 9 11 16 
5 12 19 22 
3 11 14 
2 12 14 15 16 
5 14 16 19 22 
1 9 15 21 
8 9 11 14 16 
0 5 9 11 15 
8 11 21 
5 6 14 19 22 
5 14 15 22 
5 9 12 15 25 
1 3 12 18 
5 10 15 16 19 22 
2 6 9 11 
1 8 9 16 
0 2 4 11 12 
0 3 5 12 
2 14 15 18 
0 2 6 8 11 
1 15 16 19 
2 6 11 14 
2 5 11 14 16 
5 14 15 16 19 
2 5 9 12 
5 9 12 15 25 
5 
2 8 12 18 
10 14 15 16 19 22 
3 5 14 22 
2 3 11 12 16 
0 8 11 15 16 
0 4 8 15 
0 2 6 8 15 
5 7 16 19 22 
5 16 19 22 
13 16 
2 12 15 
2 3 5 12 15 
0 3 12 15 25 
3 8 10 16 19 
0 2 3 
0 2 6 8 12 
0 2 9 18 
5 9 16 
1 3 9 
0 5 9 15 
1 5 19 22 
1 8 9 11 14 15 
0 2 6 9 
2 11 12 15 
5 16 19 22 
0 2 14 16 
0 2 8 15 16 
3 5 12 15 
0 2 5 11 16 
1 12 14 15 19 
9 11 14 24 
5 10 14 16 19 22 
3 5 8 9 11 
2 5 9 16 19 22 
2 3 5 15 
0 2 5 6 15 
5 9 11 12 15 
5 10 16 19 22 
0 2 6 11 12 
11 18 
3 5 11 12 
2 5 6 11 14 
5 10 14 16 19 22 
1 8 9 11 14 
2 3 11 15 
21 
0 5 15 19 22 
0 2 6 12 18 
1 6 9 11 16 
5 14 19 21 22 
0 2 8 12 18 
0 9 11 15 21 22 
5 10 14 15 
16 
2 5 8 11 12 18 
1 3 
7 14 
11 12 19 
3 19 
7 
0 2 8 11 16 
3 12 
0 8 12 15 16 
24 
14 
1 4 14 18 
0 11 
0 2 12 21 
1 
1 9 
6 14 24 
1 5 7 10 16 19 
2 
14 24 
10 12 14 
21 
9 16 19 
6 
0 
1 4 10 
4 6 8 
0 2 3 6 8 
16 19 30 
4 10 
13 21 
15 16 19 
1 6 8 
1 10 
4 18 19 
7 
4 10 16 
1 4 10 
5 11 
0 4 10 
1 4 21 
10 25 
12 16 
6 16 
7 16 19 
4 
2 4 6 11 15 
7 11 15 19 24 
15 16 19 
3 5 8 16 
0 7 19 
0 16 21 
1 3 8 21 
0 6 
3 5 8 11 12 
1 4 
15 16 19 
7 
15 19 
1 6 11 16 
1 3 5 16 
13 16 
0 5 14 28 
0 14 15 16 19 
0 7 
22 
4 
15 16 19 
8 
7 12 
6 8 21 
4 8 11 12 
4 21 
1 4 12 16 
0 4 11 16 
5 15 19 
25 
15 16 19 
7 15 19 
1 7 18 19 
8 21 
4 18 
1 4 8 9 11 18 21 
1 18 19 
12 19 
0 4 10 13 
12 15 19 
4 16 21 
0 16 21 
15 16 
3 8 15 28 
0 11 14 
15 19 
16 21 
16 19 25 
15 16 19 
15 16 19 
1 6 
5 11 12 16 
15 
9 12 16 
15 16 19 
11 16 19 24 
7 
15 16 19 22 
6 8 
0 10 
4 7 18 19 
4 
0 
10 
4 21 
1 6 10 
4 8 10 
21 
0 14 15 
0 5 11 
1 3 21 
3 14 
7 
6 9 
9 15 19 
6 14 
22 
4 14 21 
16 19 
1 19 22 
16 
0 8 21 24 30 
1 10 
10 
0 2 5 
0 10 13 
16 18 19 24 
0 14 
18 24 
15 19 
10 14 21 
5 11 12 
0 8 
0 4 10 12 
0 7 
0 4 10 
4 6 16 
6 12 15 
1 7 18 
0 11 21 
16 19 
10 14 16 21 22 
0 8 11 12 
0 10 13 
4 9 14 16 18 
15 16 18 19 
0 
1 9 14 16 18 
1 10 
0 7 10 15 16 
0 10 13 
1 18 19 
2 11 15 
12 16 
0 15 19 
2 11 15 21 
0 12 14 
8 21 
16 19 21 24 
3 9 12 16 
15 16 
1 4 10 
1 3 
16 21 
7 15 19 
15 16 21 
14 15 18 19 
0 4 10 
7 14 
9 
1 4 
15 16 
0 2 21 
15 16 22 
15 19 
14 
7 
3 14 21 
1 6 
4 12 
9 15 16 18 
9 
0 5 15 21 
16 21 
4 10 14 
3 14 21 
1 10 14 
0 4 10 
0 3 5 8 14 
3 6 21 
19 
0 6 10 
16 19 
0 10 13 
2 4 12 18 
1 8 14 21 
1 4 7 9 
1 9 11 16 21 
12 15 16 21 
7 
15 19 
1 4 9 14 16 
1 9 11 14 18 
0 5 12 18 
6 
15 16 19 
0 4 7 13 
1 10 
0 11 21 
0 4 10 13 
1 3 10 
0 
0 14 
0 4 7 10 
1 4 19 
0 11 
1 4 
1 8 14 21 
7 14 
3 12 15 
1 3 
0 11 14 
14 
12 15 16 21 
0 2 3 5 16 
0 4 7 13 
14 
15 
15 16 19 22 
4 13 15 16 19 
18 
14 16 21 
11 16 21 
0 3 
18 19 
6 9 
4 10 
7 19 
7 
11 12 
0 7 19 
15 16 19 
2 3 5 12 
0 4 11 15 
14 15 19 
3 21 
2 7 10 21 
4 18 19 21 
0 4 10 
0 3 7 12 
1 4 7 19 
2 7 
9 12 14 15 18 19 
5 15 19 
12 
1 7 18 19 
2 5 6 11 14 
6 8 
11 14 
0 
1 9 12 14 16 18 
15 16 19 
0 5 15 30 
0 
0 2 4 6 8 
3 11 16 
5 7 9 11 14 15 18 27 
0 10 13 
1 4 8 11 14 16 
4 9 14 16 18 
1 14 18 
1 7 18 19 
1 4 9 11 14 16 
1 4 8 9 16 18 
0 2 
0 10 
1 9 14 16 21 
0 5 11 12 
0 2 
1 9 14 16 
0 2 4 8 11 
8 14 18 21 
4 6 14 
14 
15 16 19 22 
9 11 15 16 18 22 
8 9 11 12 25 28 
15 16 19 
7 
7 12 16 
4 9 14 16 18 
1 4 6 
3 14 21 
0 8 12 16 
12 15 16 21 
3 6 
9 16 18 19 21 
1 9 14 16 18 
1 4 10 
4 14 
1 9 16 21 
7 
0 3 5 8 14 
1 6 9 16 21 
4 16 18 19 
2 15 18 
1 4 
16 
0 
19 22 28 
6 9 14 18 19 
0 8 15 16 
0 2 8 11 15 
9 14 19 
16 
2 4 18 
12 15 19 
0 3 9 
0 
21 24 
16 22 
0 2 4 
8 12 14 24 28 30 
6 8 28 
8 12 18 19 28 
1 8 11 14 28 30 
0 4 21 22 
6 16 28 30 
4 6 16 28 
12 16 21 28 30 
5 8 12 21 28 30 
6 8 11 27 28 
0 5 11 14 25 28 
5 8 11 12 28 
12 16 21 28 30 
11 16 
12 16 21 28 30 
0 
13 18 
0 14 21 
3 5 6 12 
3 15 18 28 
2 4 6 8 
12 
9 18 22 27 
0 6 8 9 
0 11 15 16 
2 
6 9 28 
9 15 16 24 30 
3 5 18 21 
6 12 19 28 
1 6 8 16 30 
2 5 6 12 
6 8 16 19 28 
12 14 16 18 19 
3 7 9 18 25 
9 11 14 18 21 24 
0 9 11 14 21 24 
5 19 21 22 24 30 
0 2 6 9 15 
2 4 12 15 18 
0 2 11 14 15 21 
5 11 14 15 
0 3 15 18 
0 2 9 11 
0 2 11 
5 9 12 19 28 
11 12 14 15 22 28 
9 11 18 19 21 24 
8 12 21 28 30 
9 11 15 19 
8 11 15 19 22 27 
12 16 
2 5 8 9 
6 9 19 22 
1 5 8 28 30 
8 12 14 28 
2 9 15 18 19 24 
5 19 22 24 
16 
0 7 9 15 19 
11 19 25 
5 7 
8 11 16 21 30 
6 8 28 30 
6 8 14 28 30 
6 14 16 28 
16 18 
7 16 
3 6 15 18 19 
3 5 15 28 
2 11 14 15 
0 4 6 25 
2 4 12 18 19 
8 16 28 30 
6 8 28 
6 8 11 16 
5 6 9 16 19 
4 
12 18 19 
16 19 24 
11 16 21 28 30 
4 9 19 24 
1 6 9 14 
9 11 19 22 
16 
9 11 16 19 28 30 
6 12 19 28 
9 11 28 
4 6 9 14 16 
6 9 16 19 
4 9 11 19 
1 9 16 
11 15 19 21 22 25 
6 14 16 24 28 30 
4 8 14 
5 16 
0 2 8 11 14 21 
6 8 22 25 
0 4 6 8 11 
3 5 15 18 24 30 
0 4 8 9 
7 12 16 21 
2 4 12 15 18 
16 
2 4 15 16 
13 
0 4 18 19 
4 12 19 
8 13 15 18 21 
0 6 8 30 
6 28 
0 
6 8 16 19 28 
9 15 16 24 30 
11 12 14 24 
4 9 14 19 
6 9 14 16 28 
8 9 11 28 30 
4 11 12 15 22 
3 8 15 21 28 
8 16 
11 14 18 24 
5 7 9 14 28 
2 24 25 
5 8 27 28 
9 12 15 
8 9 14 15 21 24 
5 8 18 21 
12 18 28 
5 7 9 14 15 28 
13 16 
3 14 15 27 
9 14 19 22 
8 11 12 21 28 30 
6 8 28 
5 6 16 
0 5 9 15 19 22 
0 4 9 27 
2 4 12 15 18 
12 
5 6 8 14 16 28 
8 16 21 28 30 
16 
11 12 19 21 24 
11 16 
0 2 12 25 
5 6 9 16 19 
6 11 13 16 19 
3 15 16 30 
6 11 18 19 
12 16 22 
0 14 19 22 31 
6 11 16 19 
14 
8 12 21 28 30 
1 3 11 14 15 28 
9 14 16 28 30 
6 12 16 
5 6 8 21 
6 14 18 19 22 
0 4 6 8 
28 
0 2 13 18 
8 9 12 15 28 
8 9 15 
5 14 15 25 28 
5 6 9 11 12 16 28 
0 12 25 28 
2 15 18 19 
5 12 14 16 21 
0 4 6 
6 19 28 
8 13 24 
1 9 16 24 30 
6 8 28 
8 12 16 30 
4 6 14 19 28 
0 4 11 19 
6 8 12 22 
9 16 19 24 
9 16 
0 9 11 16 18 19 27 
12 16 
11 16 
5 9 14 15 28 
11 14 16 28 30 
16 
1 12 18 24 
3 7 9 15 19 
6 8 24 30 
12 14 16 28 
4 11 
2 4 12 15 18 
11 15 18 19 
6 9 24 30 
0 8 27 28 
12 14 28 
6 8 14 19 28 
6 9 15 19 
4 6 8 11 15 22 
0 3 18 19 24 
4 6 14 28 
1 11 21 25 
8 11 14 18 21 
16 
6 8 22 
2 8 14 21 
3 9 11 15 19 27 
2 4 7 12 15 18 
0 4 12 25 
2 4 9 
10 14 15 18 
0 2 8 21 
6 9 28 
1 6 8 11 30 
1 12 
8 9 12 
1 6 8 9 
7 12 
14 15 25 28 
4 6 8 14 16 28 
2 14 18 
11 18 19 24 
4 9 14 15 19 
1 9 11 18 30 
5 6 11 16 28 
8 9 14 28 
0 8 14 15 28 
6 16 24 25 30 
4 6 8 18 
1 6 14 28 30 
1 6 16 
2 4 8 9 
11 12 15 18 22 
13 16 
2 4 15 16 18 22 
1 8 9 14 22 30 
8 25 27 28 
7 16 
6 8 11 16 28 
0 6 18 19 22 
8 14 21 24 25 30 
0 2 12 21 22 
4 6 16 18 
8 11 12 14 28 30 
8 14 16 28 30 
2 4 15 18 
8 12 28 
4 6 11 15 19 21 
2 4 12 15 18 
4 6 8 12 16 28 
1 5 24 
2 9 15 18 19 24 
5 11 14 19 22 28 
0 4 6 8 
9 18 19 22 28 
6 14 16 24 28 30 
1 14 16 22 30 
6 8 14 16 28 30 
1 6 9 12 
9 16 19 24 
2 4 9 15 18 
2 4 12 15 18 
2 11 15 19 
9 14 19 22 
0 3 14 18 21 24 
6 14 16 28 
1 6 14 15 16 
8 9 21 24 30 
4 15 16 22 24 30 
4 8 13 
2 5 12 15 
7 12 14 
11 12 14 21 24 
0 8 14 25 28 
8 14 16 24 28 30 
2 8 21 
8 9 14 21 28 
2 4 15 21 25 27 
16 
14 19 25 28 
4 9 19 
11 14 18 21 22 24 
4 6 8 14 24 30 
5 12 21 22 
4 8 11 15 21 22 
2 4 15 18 22 
6 8 28 
0 2 21 
6 16 24 30 
4 6 9 28 
6 11 14 28 
5 8 14 19 28 
0 2 21 
4 8 9 15 
0 2 5 19 
0 2 5 14 21 
0 2 4 15 18 22 
4 8 11 15 18 
0 2 6 15 
5 8 16 24 30 
1 9 14 18 
0 6 9 19 24 
0 4 6 
6 8 11 14 21 25 
0 9 11 12 15 24 
8 11 14 24 30 
8 11 12 21 
4 18 19 22 
0 4 9 
3 12 16 21 
16 19 21 24 27 30 
0 4 9 
8 11 12 21 28 30 
0 11 12 15 21 
2 4 15 16 18 
11 14 15 18 
4 24 
5 9 14 15 28 
2 13 
1 3 14 15 27 
2 11 14 18 22 
2 9 15 16 18 19 
5 12 14 18 21 
0 4 9 16 24 30 
6 8 19 28 
1 6 16 22 
6 8 11 16 28 
1 6 12 14 16 30 
1 6 9 14 16 
4 11 15 19 21 22 
6 8 18 22 24 
1 4 6 14 16 30 
7 12 16 19 22 28 
0 2 11 12 
2 4 15 16 18 19 
19 28 
12 
0 9 19 22 24 
4 8 9 
4 6 9 14 16 
0 5 16 
5 11 14 18 21 
4 6 18 19 
2 8 19 22 
4 8 30 
2 5 21 22 
6 9 16 21 22 
0 2 3 8 11 21 
0 14 25 28 
15 19 
4 6 14 16 28 
2 6 11 19 
2 9 16 19 22 
9 12 14 21 24 
0 2 3 11 21 24 
0 6 9 16 
1 15 18 19 
0 2 8 11 21 
7 16 
16 
1 3 14 15 18 24 
1 8 14 18 29 30 saa30 29 A936686262
8 9 27 
2 8 15 18 
12 16 18 24 
5 9 11 14 15 18 
4 8 11 15 21 22 
2 4 15 18 19 
0 16 25 
4 16 
0 2 11 13 
4 6 11 15 19 21 
5 11 12 21 
2 4 6 8 
0 2 5 9 12 16 
15 19 
1 6 8 21 22 30 
11 15 19 21 22 25 
9 14 15 18 19 24 
4 8 11 15 21 22 
9 12 19 24 
0 4 9 
7 14 16 29 
5 15 19 25 
0 19 
0 2 12 21 22 
9 11 15 19 
6 8 16 24 
0 11 15 19 21 22 
9 14 15 18 19 22 
8 11 15 21 22 30 
4 16 
15 16 19 22 
0 6 8 14 18 
4 11 15 22 27 
0 2 3 21 25 
4 11 12 15 19 22 
2 4 12 15 18 
1 9 28 30 
0 8 15 19 21 27 
5 6 8 18 30 
6 14 
19 
8 9 16 19 22 
0 4 15 16 25 
5 9 11 15 19 22 
6 14 19 28 
4 16 
9 14 15 28 
11 12 18 22 28 
8 11 14 27 28 
2 12 14 15 18 
6 8 28 
2 3 5 21 22 
11 12 22 24 28 31 
13 16 
9 12 14 28 
2 30 
1 11 21 24 25 
0 3 15 
16 
8 12 14 27 28 
0 8 15 19 21 30 
1 3 14 15 28 
0 3 7 15 
16 
16 30 
11 12 28 
6 9 19 
2 4 
2 4 15 18 
4 24 
2 4 15 18 
5 7 
0 15 16 19 
12 28 
25 
7 12 28 
2 15 
2 15 
2 15 
2 15 
2 4 15 18 
2 15 
2 15 
2 4 15 18 
2 15 
2 15 
2 15 
2 15 
2 15 
2 15 
2 15 
2 15 
2 15 
2 15 
1 6 
12 28 
9 11 12 14 15 18 
11 
2 4 15 18 
1 4 8 9 11 16 
5 15 16 
3 7 
2 15 
2 15 
0 
18 19 24 
4 6 11 15 21 22 
8 16 
16 
7 16 27 
12 28 
12 28 
6 19 
4 6 10 
11 16 
0 4 18 19 
10 21 
0 6 
6 16 
4 8 9 11 
2 7 11 24 
27 
0 2 7 11 
0 2 25 
0 2 7 24 
5 
5 16 18 
9 12 14 16 24 
0 4 10 14 
5 8 11 12 
11 
8 9 11 
11 
11 19 
11 
25 
0 9 11 14 18 19 
0 9 14 18 19 
5 11 15 
5 15 
0 5 15 25 30 
4 15 18 27 
4 15 18 27 
4 15 18 27 
4 15 18 27 
4 15 18 27 
4 15 18 27 
0 15 
4 15 18 27 
4 15 18 27 
4 15 18 27 
4 15 18 27 
4 15 18 27 
0 15 
4 15 18 27 
4 6 30 
16 
3 7 9 15 16 
9 16 
0 27 
0 2 5 27 
0 2 7 
1 
6 16 19 
11 15 19 27 29 
12 14 18 29 
14 15 18 19 
5 12 18 25 
11 15 19 27 29 
2 4 15 16 27 
2 11 14 29 
11 15 19 22 
2 9 11 14 
7 12 18 19 24 28 
2 4 15 21 22 27 
9 15 19 
5 15 
6 12 24 27 
6 16 18 24 
5 9 18 24 25 
4 11 29 
15 19 27 
5 7 9 12 19 28 
6 16 21 
8 24 25 30 
5 16 22 
4 11 14 27 29 
1 15 19 27 29 
11 14 15 18 29 30 saa30 29 A940012459
15 19 
6 12 18 25 28 
11 15 19 27 29 
8 18 24 30 
6 16 18 24 28 
4 12 15 16 24 27 
4 19 27 
4 6 14 16 29 
1 12 14 18 29 
4 15 19 27 29 
0 2 9 
2 22 
2 18 
6 12 18 25 28 
12 18 21 24 27 
2 15 19 
2 3 5 15 18 
6 18 24 
4 9 19 27 
11 14 29 
11 14 15 21 29 31 
16 18 22 25 
12 14 18 29 
6 11 14 16 29 
5 7 21 22 24 31 
6 11 15 16 29 
2 15 19 
3 6 12 18 24 
0 3 14 18 27 
4 11 14 27 29 
4 15 19 27 
5 12 22 24 25 
12 15 19 
4 11 14 27 29 
5 8 16 22 30 
6 12 21 22 24 
2 6 11 14 15 29 
2 9 15 
0 5 7 12 16 28 
6 12 25 28 
4 11 14 27 29 
2 6 22 
4 14 27 29 
0 2 9 
6 18 22 25 29 
5 18 30 
5 8 18 25 30 
6 11 15 16 29 
9 11 14 15 19 29 
6 12 18 19 24 
2 6 9 16 
3 15 18 
4 19 27 
0 2 
2 11 14 29 
9 11 14 15 16 29 
12 15 19 
5 8 22 
4 12 18 27 
4 11 14 15 27 29 
6 18 24 
7 11 16 18 22 25 
6 12 15 19 
5 7 9 11 12 15 28 
2 9 18 
11 14 29 
6 11 12 14 15 29 
2 6 22 
11 15 19 27 29 
1 6 15 16 29 
6 14 15 16 29 
5 8 16 
0 5 16 18 
11 14 15 27 29 
15 19 27 29 
11 14 15 18 21 29 
4 12 18 21 24 
5 7 12 16 19 21 
6 11 14 18 24 
11 14 15 27 28 29 saa29 28 A940016424
15 
4 11 15 27 29 
2 15 
5 6 16 22 25 
12 14 18 21 24 
11 14 29 
2 15 19 
2 4 15 17 21 27 
6 8 18 30 
6 11 12 15 24 
2 9 19 27 
6 12 21 24 31 
0 2 15 21 
4 6 11 15 16 29 
2 4 15 16 22 27 
11 14 29 
6 9 12 24 30 
14 15 19 27 29 
15 19 27 29 
11 14 29 
2 4 12 15 27 
5 16 18 
15 19 21 25 
6 15 19 24 
2 3 9 16 
6 11 14 15 29 30 saa30 29 A940017812
6 16 24 
6 18 21 22 25 
5 7 9 14 22 28 
2 12 18 22 25 
12 14 15 19 
15 19 27 29 
6 12 15 19 
15 19 27 29 
6 14 18 21 24 
7 11 12 19 28 30 
7 15 16 22 
12 15 19 25 
15 18 19 
11 15 19 27 29 
2 14 21 
8 18 24 25 
4 6 25 
4 11 14 27 29 
11 14 19 27 29 
11 15 19 27 29 
4 6 
0 2 
8 16 
4 6 14 16 29 
2 15 19 
11 14 15 27 29 
0 2 
15 19 30 
2 9 19 
0 2 9 
2 22 24 
5 8 30 
9 15 19 
5 8 22 30 
8 15 19 29 
8 11 14 15 29 
5 7 11 19 22 24 
5 15 19 21 
4 27 
5 12 15 28 
7 15 19 25 
2 15 19 
12 16 18 
12 15 19 31 
2 4 16 
6 18 25 
6 11 15 16 29 
12 18 21 25 31 
0 5 11 14 15 29 
2 4 12 15 27 
0 11 14 15 18 29 
4 11 15 27 29 
3 8 16 
4 9 19 21 
6 15 19 21 
2 6 11 14 15 29 
11 12 14 29 30 saa30 29 A940021059
0 16 
3 6 16 
11 14 15 27 29 
8 12 18 19 24 
0 2 4 15 17 27 
4 11 14 27 29 
8 15 19 
11 14 15 19 
6 15 16 29 
15 19 27 29 
12 14 18 29 
16 18 
1 4 19 27 
16 
2 9 19 
14 16 18 
19 22 27 28 31 
4 14 27 29 
2 4 8 15 25 27 
5 6 16 22 25 
8 12 21 30 31 
11 14 15 21 29 31 
3 12 14 18 
5 12 16 22 
9 30 
5 11 15 22 24 27 31 
8 15 19 21 
8 15 30 
5 8 12 16 18 30 
4 11 14 27 29 
5 6 12 18 24 
2 7 14 18 
5 6 14 16 
5 8 16 22 30 
0 12 18 25 29 
12 14 18 29 
2 8 
4 18 19 25 27 
11 14 15 16 22 29 
5 9 12 22 30 
5 12 16 19 27 
2 24 25 
5 15 19 21 
4 27 
8 15 30 
5 15 18 
15 19 25 28 
2 4 12 15 27 
9 12 19 24 25 
4 6 16 
6 12 16 
5 8 22 30 
5 6 12 24 
0 2 31 
5 6 7 saa7 6 A94002375412 16 18 
3 7 9 18 21 
11 14 15 21 27 29 
5 16 22 
3 5 7 15 18 22 
6 12 16 
8 16 22 30 
5 12 18 21 25 
15 19 27 29 
8 12 16 25 30 
5 6 8 18 24 
1 12 14 18 29 
4 19 27 
4 27 
2 4 12 15 27 
5 12 30 
0 2 9 
0 2 9 
5 18 19 30 
14 19 27 29 
5 11 14 15 29 
8 24 30 
2 
5 7 12 15 19 27 28 
6 12 21 24 
5 16 22 24 25 
2 12 24 25 
2 4 11 29 
6 8 18 24 30 
0 3 5 7 15 18 
5 12 16 19 27 
8 18 30 
2 4 12 15 27 
8 16 21 
11 15 19 27 29 
11 14 19 27 29 
8 11 14 15 29 
2 11 14 15 29 
12 18 
6 18 21 24 31 
16 22 31 
0 3 12 18 
2 11 14 29 
5 11 12 14 15 29 
6 16 19 27 
0 11 14 15 22 29 
6 16 18 22 24 
15 19 27 29 
8 16 
14 15 19 21 
5 6 18 25 28 
6 18 24 
8 22 30 
15 
11 12 14 29 30 saa30 29 A940027084
5 12 16 18 30 
3 6 18 24 25 
9 12 18 19 25 
6 15 19 
4 14 29 
11 15 27 29 
8 18 22 30 
2 4 30 
3 5 9 18 21 
4 14 29 
5 16 22 31 
3 11 14 15 19 29 
4 11 14 27 29 
5 12 18 25 
5 27 30 
15 19 30 
2 4 12 15 27 
12 15 19 24 
11 14 15 29 
4 14 15 27 29 
8 16 22 30 
11 14 15 21 22 29 
6 9 12 22 24 
9 15 19 
15 16 19 
2 11 14 29 
11 14 15 24 27 29 
11 12 16 18 
4 11 14 27 29 
5 14 16 22 30 
2 19 27 
0 2 
3 7 15 
12 18 30 
8 30 
5 8 30 
3 5 9 18 
5 16 22 30 
4 6 11 14 16 29 
2 6 12 24 
15 18 30 
5 14 16 21 22 
16 19 21 
2 12 18 
3 9 18 22 30 
11 14 27 29 
2 4 27 
11 15 29 
0 11 14 15 16 29 
6 11 14 15 25 29 
11 14 29 
8 18 30 
2 4 12 15 18 27 
5 8 16 22 30 
2 6 12 24 
9 12 15 19 
5 16 18 22 30 
4 25 
5 8 16 22 30 
2 4 15 22 27 30 
16 18 21 
1 15 19 27 29 
5 11 12 14 15 29 
1 4 6 14 16 29 
5 11 12 14 15 29 
8 22 30 
5 12 15 28 
6 8 18 25 30 
4 14 21 
3 19 
9 15 19 25 
15 22 
2 4 15 21 22 27 
6 18 19 27 
2 4 6 16 
16 18 30 
3 7 14 16 21 
2 4 15 21 27 
2 7 18 29 
9 12 16 
9 12 15 19 
1 6 15 16 18 31 
2 
6 12 31 
5 18 30 
2 3 
5 22 30 
0 5 6 18 24 
15 19 30 
9 12 18 19 24 
5 11 12 14 15 29 
2 9 18 
5 11 14 15 16 29 
15 19 27 29 
5 12 16 22 
5 8 22 30 
2 18 19 
5 12 16 22 
8 15 16 
1 15 19 27 29 
8 12 18 19 30 
4 11 29 
15 19 
3 7 18 24 25 
11 14 15 29 
8 28 30 
4 6 11 14 15 29 
5 12 16 22 
6 9 18 22 24 
5 8 16 22 25 
5 16 22 
6 9 12 18 19 
12 16 22 25 
5 12 15 
8 24 30 
6 18 21 24 
9 12 24 25 
5 8 16 22 30 
1 5 18 30 
5 8 16 18 22 30 
4 6 14 16 29 
5 8 12 30 
5 30 
5 6 11 14 15 29 
2 4 21 30 
8 22 30 
6 9 18 24 25 
12 18 25 30 
2 6 31 
2 9 25 
6 9 12 19 24 
5 15 
9 18 24 25 
6 9 18 24 
12 14 18 29 
8 11 14 15 29 
11 14 15 29 
8 24 25 30 
8 16 
5 8 30 
15 19 
0 6 18 24 25 
2 15 19 
5 16 22 
5 16 22 25 30 
5 11 12 19 
6 18 24 
5 15 22 28 
4 
4 11 15 27 29 
5 12 16 22 
5 6 22 25 
5 15 16 22 30 
0 4 
5 12 16 22 30 
2 3 8 
5 9 16 22 
5 16 22 31 
5 12 16 22 
5 12 16 22 
4 6 18 19 27 
5 9 16 22 27 
2 5 
5 7 12 28 
16 22 
16 22 
11 25 29 
5 7 14 16 19 24 
1 12 28 
19 
4 15 18 27 
11 22 
5 11 12 22 24 
5 11 12 22 24 
2 5 7 22 24 
0 3 6 12 30 
2 16 18 
11 12 16 18 
6 8 22 30 
2 3 9 15 
12 14 
4 16 22 24 27 
2 14 
0 5 11 12 
6 8 10 14 24 
8 25 27 
9 12 18 21 27 
2 5 6 9 22 
14 15 22 24 30 
0 18 
11 
4 
5 7 14 
16 
0 19 
5 31 
2 
16 
0 15 
0 2 3 6 12 
0 2 25 
5 12 21 25 
6 15 16 21 
4 11 14 21 31 
6 8 14 
2 12 15 
18 25 
4 15 19 
19 22 
0 9 11 12 
14 15 16 
0 6 9 15 25 
1 3 11 16 
1 4 19 
6 12 14 18 
7 22 
0 15 
2 11 14 15 29 
7 22 
12 28 
7 22 27 
9 
14 24 25 
2 6 15 24 
4 12 15 16 24 
2 6 15 24 
1 6 25 
5 16 
2 6 15 
4 16 
3 5 6 9 16 
5 7 16 28 
5 19 27 30 
3 5 8 18 19 
5 7 22 24 28 
11 12 14 18 29 
6 12 24 
2 11 14 15 29 
8 15 19 31 
1 6 15 29 
5 12 16 22 
2 4 14 15 18 27 
11 15 19 29 
2 15 19 
8 12 18 25 30 
11 14 15 22 29 
4 12 14 18 27 29 
4 12 18 27 
12 15 19 
12 15 19 
2 5 6 
4 19 27 
0 11 14 15 29 
14 15 19 27 29 
2 15 19 
2 16 
5 8 15 19 
7 9 15 18 
12 18 27 
15 19 
12 16 18 24 
8 15 19 
6 16 18 
5 6 11 14 15 29 
5 7 12 16 27 29 
4 6 11 16 29 
1 12 18 27 
4 19 27 
1 5 9 30 
6 11 14 16 29 
6 11 14 16 29 
0 3 9 16 18 
2 4 27 
2 8 30 
0 2 5 9 
6 16 19 
6 8 18 25 30 
12 18 30 
4 19 27 
5 16 22 31 
12 14 18 29 
0 5 7 11 12 28 
2 3 9 15 
2 4 12 15 27 
11 14 29 
4 6 15 19 
6 16 
12 14 18 29 
0 2 5 9 
4 15 29 
15 19 
3 7 12 18 25 
6 11 14 15 22 29 
5 16 22 25 30 
2 4 6 15 27 30 
6 8 12 30 
16 18 
5 16 22 
2 9 14 21 
4 9 
6 
5 
1 3 14 22 
12 
9 
3 5 6 11 15 
5 
5 
5 
6 8 16 
19 
0 10 
3 6 9 11 12 
1 4 7 10 21 
1 5 11 12 16 
8 21 
6 11 12 15 16 
2 3 9 11 16 
6 8 18 28 
3 5 15 16 
15 19 21 22 
3 5 11 16 22 
3 5 12 18 
3 5 9 12 16 
6 14 15 16 21 
8 9 14 15 18 21 
14 15 21 25 
3 6 15 16 21 
15 16 21 25 
6 11 12 16 22 
15 18 21 25 27 
7 10 
1 7 12 
10 15 
0 2 5 11 19 
0 8 15 21 22 27 
6 8 9 16 
0 5 7 
6 8 15 16 21 
14 15 16 21 27 
6 15 16 21 
10 15 
6 8 16 21 22 
5 11 12 16 
14 15 21 24 
9 11 12 15 18 
1 7 
14 16 21 24 
5 8 10 
0 8 
16 21 
0 5 15 16 21 
16 18 21 
10 15 
1 12 19 
3 12 14 16 25 
8 10 
3 6 8 21 
3 5 6 11 16 
3 16 19 
0 5 12 
1 8 
1 5 12 27 
7 10 18 
3 5 16 18 19 
5 7 10 
0 3 10 
5 6 11 14 16 
3 5 16 19 
1 5 6 11 16 
7 10 18 
8 16 18 
8 14 
16 21 
3 6 11 12 16 
1 6 11 12 16 
9 12 16 19 
0 16 21 
6 11 12 16 
1 7 
1 4 8 22 
3 6 16 18 
3 6 12 16 19 
7 10 18 
6 8 9 11 15 21 
3 8 9 15 19 21 
10 18 
1 7 
3 9 12 19 
3 6 8 11 14 
1 12 16 19 
18 19 
6 9 16 18 
3 6 11 12 18 21 
10 18 
10 18 
3 6 11 12 18 
3 5 21 
1 7 
10 
6 8 15 16 
3 8 16 21 
0 5 15 
0 6 9 12 15 
0 
5 11 12 16 
1 3 5 22 
3 9 16 19 
10 12 18 
7 10 18 
3 5 9 25 
5 6 16 21 
6 11 12 16 
1 6 11 12 15 
7 10 
1 7 
3 6 12 15 18 
5 15 16 18 
5 
0 7 10 
3 19 21 22 
3 6 15 16 
10 18 
1 3 16 
3 5 11 12 15 
3 6 16 18 
8 
7 10 18 
2 12 16 
3 6 12 16 
6 11 12 15 16 
1 4 7 10 21 
6 8 18 
10 
1 7 19 
6 16 19 28 
3 6 11 16 
8 22 
0 21 
8 14 16 21 24 
0 8 
5 12 21 27 
7 11 15 19 31 
6 9 12 15 18 
0 8 16 
1 3 16 18 
6 8 16 
3 5 6 12 14 
3 6 11 15 16 
0 6 8 9 18 
3 5 9 11 19 
1 5 7 
2 3 5 6 8 
7 10 12 
1 7 
5 21 
1 3 8 16 
3 6 16 
3 5 6 18 19 
1 7 
0 6 8 16 
9 16 19 
3 5 12 16 19 
3 16 19 
1 5 6 12 18 
3 5 15 
11 15 16 18 
16 18 19 21 
6 11 16 18 21 
3 6 8 18 
3 6 11 12 18 
3 5 16 
3 9 11 15 22 
3 12 16 27 
3 6 11 12 22 
5 16 18 21 
1 11 12 14 22 
3 6 16 19 
7 10 12 
2 
6 16 
6 8 9 12 21 24 
6 8 16 18 
6 8 9 18 
1 7 
6 8 16 
8 14 
0 7 10 
3 6 12 15 16 
11 12 15 16 
3 6 12 16 18 
1 5 7 
3 6 12 16 
8 14 15 21 22 
1 3 5 12 16 
3 5 9 11 16 
8 9 15 21 24 25 
7 10 
6 8 15 16 21 24 
5 15 19 22 
0 9 11 15 16 
1 11 12 15 16 
1 5 12 21 
1 7 
1 6 16 21 
1 7 
0 6 11 12 15 
6 8 18 
11 15 16 18 
5 6 8 11 14 
12 18 
5 6 16 
7 10 
3 8 12 16 
3 8 15 
3 5 12 16 
7 10 18 
1 7 
3 10 18 
6 8 16 18 
3 5 6 12 22 
5 10 12 
3 6 11 18 
3 8 12 22 24 
7 10 12 
7 10 18 
6 8 9 15 18 
10 12 18 
5 6 16 
3 12 16 25 
1 7 25 
8 
0 8 10 15 22 
5 6 9 11 12 
8 12 15 21 24 
8 14 18 21 
3 15 16 22 
7 10 24 
1 3 6 11 12 
5 8 16 
7 10 12 
8 22 
5 9 15 18 21 
0 6 9 12 15 
6 8 15 21 
1 3 8 16 
1 3 6 8 14 
7 10 
3 6 16 18 
8 12 
2 6 8 
5 10 12 
7 10 18 
6 12 15 16 
3 5 8 14 22 
8 14 
1 7 
8 15 18 21 24 
3 6 16 19 
3 6 11 12 16 
3 11 12 15 16 
7 10 
3 6 16 19 
8 14 18 21 24 
8 15 16 18 21 
3 6 16 25 
3 8 22 
8 14 15 18 21 
8 12 15 21 24 
1 7 
1 3 6 12 15 
3 5 8 14 22 
1 18 
6 15 16 18 
8 11 15 16 21 
10 12 18 
1 3 5 6 11 
8 14 18 21 24 
6 12 16 19 
8 9 16 18 
1 4 7 10 21 
5 6 11 16 
0 3 9 15 22 
1 7 
8 15 21 24 
5 12 16 18 31 
6 16 19 
8 14 
3 5 11 21 
3 6 8 11 21 24 
1 3 8 12 14 
3 5 6 8 14 
5 6 8 11 14 
7 10 12 
1 4 7 10 21 
5 8 12 15 21 
3 6 12 18 19 
1 7 
8 12 14 15 18 21 
7 10 
3 6 16 
9 12 16 19 
3 6 11 12 16 
3 12 14 22 
1 7 
3 8 12 16 
1 5 6 16 
6 16 19 
1 4 7 10 21 
1 4 7 10 21 
5 6 11 16 24 
1 7 
1 6 12 16 
5 8 11 14 22 
6 9 16 19 
3 5 6 11 12 
1 6 11 12 16 
6 12 15 16 18 
7 10 18 
3 8 22 
3 8 15 21 
3 5 6 11 16 
6 11 12 15 16 
7 10 
8 12 15 21 24 
5 21 
7 10 12 
10 25 
5 11 12 19 25 
3 5 16 21 
5 12 27 
0 3 5 11 18 
8 14 15 21 
1 4 7 10 21 
3 6 9 16 
6 11 12 15 16 
8 18 21 22 24 
1 4 7 10 21 
8 14 15 16 21 
6 9 11 12 15 
1 7 
1 7 
5 27 
5 
1 10 18 
2 10 
5 10 12 
3 8 12 16 
1 6 11 12 16 
1 8 11 14 22 
10 12 
5 22 
18 19 
3 8 12 22 
7 10 
0 5 
3 6 11 12 15 
3 5 8 15 
1 7 
6 8 14 15 21 24 
5 18 19 21 
3 9 11 15 16 
3 6 9 11 12 
3 6 8 11 18 
1 4 7 10 21 
8 9 14 16 21 
0 2 4 
3 8 15 16 21 22 
8 12 15 21 22 
12 15 16 18 24 31 
6 11 12 15 16 
1 19 
8 14 18 21 24 
3 6 16 19 
3 8 22 
5 12 19 21 
0 5 
3 5 6 12 16 
1 3 8 16 
6 11 12 15 16 
5 15 
3 11 12 15 16 
0 18 
1 4 7 10 21 
3 6 8 12 14 
3 12 14 15 
5 10 14 
1 7 
0 5 
7 10 
1 7 9 
1 4 7 10 21 
3 8 14 15 16 
14 18 19 21 
1 7 
1 4 7 10 21 
8 14 15 16 18 21 
3 5 
1 7 10 
1 7 
3 8 9 25 
1 7 27 
1 4 7 10 21 
3 5 8 14 22 
1 7 
1 3 8 14 22 
5 9 16 18 
0 3 9 11 15 
1 7 
0 6 8 12 21 22 
8 14 15 22 
3 21 
16 19 
1 6 11 12 16 
8 15 16 21 24 
6 9 16 22 
10 15 
5 12 19 
3 6 11 12 16 
5 6 8 
1 7 
6 11 12 15 16 
1 4 7 10 21 
3 5 21 
8 15 16 21 
7 10 
6 8 11 15 21 
1 4 7 10 21 
10 12 18 
0 10 
7 10 
1 5 16 
8 10 15 
8 
1 5 12 27 
18 
1 4 7 10 21 
3 6 16 19 
3 5 8 15 
1 4 7 10 21 
2 5 10 27 
5 21 25 
3 5 6 8 14 
1 7 14 
10 
8 14 
5 7 10 
1 7 14 
0 5 10 
3 5 6 11 14 
8 10 
10 
1 3 6 11 12 
1 4 7 10 21 
5 19 21 22 
2 3 22 25 
8 
3 8 10 
8 
1 4 7 10 21 
6 8 9 16 
10 
3 6 8 9 12 
8 14 18 21 
8 14 16 18 21 
7 10 18 
8 27 
0 2 4 
6 8 11 21 22 
0 2 4 
0 5 15 
10 15 
1 4 7 10 21 
7 10 
3 5 12 15 16 
12 16 18 24 25 31 
3 6 11 15 16 
1 3 5 6 18 
1 4 7 10 21 
0 3 16 18 
3 8 9 16 
1 3 6 8 14 
1 7 
3 6 11 12 18 
8 21 
0 5 9 11 12 
1 5 16 21 
11 16 
6 11 12 18 
6 8 9 15 18 
6 8 
8 14 15 22 
3 5 11 12 16 
3 11 12 19 
6 11 16 
3 5 8 12 
8 12 15 19 21 24 
6 8 15 21 24 
8 11 15 21 
8 11 21 22 
5 21 22 
0 10 
8 15 
1 7 
12 14 16 18 
5 9 16 18 31 
12 15 16 18 31 
1 4 7 10 21 
3 5 6 11 15 18 
3 5 12 16 
6 8 16 25 
0 10 12 
8 12 22 
3 10 
8 
8 15 18 21 24 
3 8 12 25 
27 
1 7 
0 3 5 8 14 15 
0 8 14 
5 11 15 18 19 
1 7 
1 4 7 10 21 
5 6 8 9 18 
1 4 7 10 21 
3 8 9 16 
1 4 7 10 21 
8 
3 8 16 25 
1 8 18 
1 5 21 
8 
0 3 5 8 
8 9 11 12 
1 7 
0 5 
6 8 9 11 18 
19 21 25 
1 9 16 19 
8 15 16 21 24 
3 6 12 15 18 
1 7 
1 7 
1 4 7 10 21 
8 15 21 25 
1 4 7 10 21 
0 5 6 16 
6 8 9 18 
10 18 
3 5 8 
7 10 
3 5 11 12 16 
0 3 10 
7 10 12 
7 10 
3 5 15 21 
1 12 16 21 
5 7 10 
3 6 11 12 16 
7 10 12 
3 8 14 21 25 
7 10 
2 5 12 16 
7 10 
5 
7 10 18 
0 5 21 
0 3 8 
5 10 
1 4 8 14 
5 8 10 15 
8 21 22 24 
8 
0 8 10 15 
3 8 15 16 18 21 
8 15 21 24 
1 3 6 12 15 
7 10 12 
8 24 
8 14 
5 
0 6 9 12 15 
10 12 
6 8 18 
5 15 
8 11 12 15 21 24 
8 15 16 21 
8 15 21 24 
8 14 18 21 24 
3 8 15 25 
5 
7 10 18 
9 11 16 21 
8 
3 14 
5 12 15 21 22 
8 9 16 21 22 
5 11 12 15 
5 11 12 15 
3 5 14 15 
1 5 14 27 
5 
1 5 14 27 
8 15 19 21 24 
0 2 4 
5 12 
5 18 19 21 
18 19 30 
3 18 
6 9 11 18 
18 24 
0 18 19 21 
3 15 16 19 
0 2 4 
5 12 18 19 21 
18 
6 8 18 28 
0 5 9 11 15 
3 12 16 19 
14 18 19 21 
18 24 
5 6 8 27 
0 15 16 18 31 
18 
12 16 18 28 31 
16 18 24 27 30 31 
0 18 19 21 
0 18 19 21 
3 5 16 19 21 
0 14 
5 9 11 16 19 
0 16 21 
0 3 16 19 
0 16 21 
5 18 
1 19 
0 18 
0 4 
0 4 
1 4 
1 4 
0 4 
0 4 
0 4 
0 4 
0 4 
0 4 
1 4 
1 4 
0 4 
5 11 16 19 21 
5 18 19 21 
8 21 31 
0 16 21 
0 16 21 
0 2 4 
5 18 19 21 
14 18 19 21 
3 5 19 22 
14 18 19 21 
1 19 
5 10 14 
0 18 
9 11 21 25 28 
0 2 4 
0 18 19 21 
0 16 21 
5 18 
5 18 
0 5 12 16 18 31 
1 19 
5 18 
12 16 18 24 31 
0 2 4 
18 
6 8 11 18 
3 16 19 
3 5 16 19 
1 18 
18 
18 24 
3 16 19 22 
9 18 
18 19 
5 18 
0 18 
0 10 
18 24 
12 18 
5 14 
0 16 21 
0 16 21 
3 18 
0 12 16 18 27 31 
9 18 
3 14 22 
9 11 15 22 30 
18 27 
3 18 
6 8 9 18 24 
14 18 19 21 
1 19 
0 2 4 
5 6 8 18 
5 18 
0 18 19 21 
11 12 18 19 21 
18 19 21 27 
5 18 19 21 
3 18 
11 12 16 22 
18 25 
5 18 19 21 
5 18 
0 18 
0 2 18 
18 
18 
0 2 4 
14 18 19 21 
3 16 19 
0 16 21 
0 18 19 21 
18 19 
0 6 8 18 24 
3 5 11 
0 18 
9 18 
9 18 
0 3 12 14 
18 30 
3 9 16 19 
12 15 16 18 31 
0 2 4 
9 18 19 21 28 
0 18 
12 16 18 24 28 31 
3 14 16 19 
18 
3 18 
3 6 9 16 19 22 
6 8 18 28 30 
1 19 
18 19 
5 18 19 21 
6 8 25 
12 18 
0 18 19 21 
2 6 9 11 22 25 
8 11 25 
5 14 16 18 21 31 
11 12 16 18 31 
0 16 21 
0 2 4 
0 9 11 12 
0 2 4 
18 22 
5 11 18 19 21 
18 
0 18 19 21 
18 19 
0 2 18 
9 18 
8 11 21 24 25 
14 18 19 21 
5 18 
3 16 19 
18 29 
3 18 
0 18 19 21 
12 18 
3 9 14 19 
18 19 21 25 27 
3 9 14 16 
6 11 18 25 
5 18 19 21 
18 19 
16 18 27 28 31 
0 16 21 
14 18 19 21 
3 6 16 19 
2 3 16 19 
6 8 11 18 24 
0 18 
3 18 
5 18 19 21 
6 8 11 18 
1 19 
18 19 
1 8 11 12 27 
18 25 
0 18 
18 
12 18 
0 2 4 
0 18 
1 5 12 
14 18 19 21 
18 19 
14 18 19 21 
16 18 28 31 
9 18 
3 18 
18 19 
3 18 
0 2 4 
12 15 16 22 30 
9 11 12 25 
6 8 11 18 
5 15 18 19 21 
12 18 
18 19 21 22 27 
1 16 18 27 30 31 
12 18 
3 5 6 8 18 
0 5 12 16 18 31 
14 18 19 21 
6 11 18 25 
3 16 22 27 
0 2 4 
9 18 
18 
1 16 18 24 30 31 
12 16 18 31 
6 8 18 28 
5 14 19 21 22 
16 18 30 31 
3 7 11 14 
5 14 27 
5 12 16 18 31 
3 5 9 14 16 19 
0 18 19 21 27 
18 19 
6 8 11 18 
9 11 14 18 22 
0 18 19 21 
6 8 11 21 31 
0 2 4 
0 2 4 
2 18 
5 
9 11 16 19 27 
6 8 11 18 
14 18 19 21 
18 
14 18 19 21 
0 6 8 18 
14 18 19 21 
18 25 
12 18 19 
0 5 16 19 
0 2 4 
18 
0 8 11 25 
1 5 14 
3 18 
18 
18 19 
5 18 
5 8 11 25 
18 29 
5 18 
0 16 21 
5 19 
18 
18 19 
14 15 21 22 30 
5 18 
14 18 19 21 
1 19 
0 18 19 21 
5 18 19 21 
0 2 4 
18 
9 18 
18 19 21 27 
18 24 
14 18 19 21 
0 18 19 21 
15 16 18 24 30 31 
14 18 19 21 
0 5 16 18 31 
0 18 19 21 
0 16 21 
6 8 11 21 31 
5 18 19 21 
5 18 
14 18 19 21 
18 
5 18 19 21 
0 8 11 12 
18 
0 18 
12 18 
0 6 8 18 
5 27 
1 8 9 11 21 
5 18 
0 16 21 
5 18 
0 16 21 
14 15 16 18 28 31 
9 12 14 16 18 31 
0 16 21 
5 
18 24 
0 2 4 
4 15 22 25 27 
16 18 27 28 31 
5 12 16 18 31 
11 12 18 
12 18 
3 15 16 18 31 
6 11 12 18 
0 18 19 21 
0 2 4 
16 18 28 31 
5 
4 9 11 12 14 
6 11 12 18 
15 18 19 21 22 
0 16 21 
14 18 19 21 
0 11 12 22 25 
3 5 16 19 
1 19 
3 15 16 19 
3 14 15 22 
8 11 12 21 22 
8 9 11 
6 11 18 25 
1 18 
0 18 19 21 
0 16 21 
0 5 11 16 18 31 
0 16 21 
3 16 19 22 
5 11 18 19 21 
0 2 4 
0 16 18 24 31 
3 9 16 19 
5 18 
5 18 
1 5 12 14 
0 5 16 18 19 31 
15 16 18 24 30 31 
3 9 14 19 
5 18 19 21 
3 18 
9 15 16 18 22 31 
9 15 16 18 27 31 
0 18 19 21 
0 16 21 
0 18 19 21 
0 16 18 28 31 
12 15 16 18 31 
0 16 21 
0 8 11 14 
0 16 21 
0 2 4 
9 15 16 18 22 31 
5 18 19 21 
3 16 19 
3 5 8 19 
11 16 18 
0 16 21 
14 15 16 18 31 
5 18 19 21 
0 16 21 
1 19 
5 18 19 21 
5 27 
6 8 11 18 28 
12 15 16 18 27 31 
2 3 9 16 
0 18 
18 
0 18 19 21 
3 5 21 
0 16 18 19 31 
0 16 21 
3 5 14 
0 5 
15 16 18 19 27 31 
0 16 21 
3 5 12 18 25 
0 18 19 21 
0 16 21 
0 5 11 16 18 31 
0 16 21 
12 18 
0 18 
0 2 4 
0 2 4 
5 
5 16 18 24 
18 
0 16 21 
0 18 19 21 
15 16 18 31 
14 18 19 21 
16 18 28 31 
0 18 19 21 
10 22 
0 16 21 
16 18 27 28 31 
0 2 8 18 
6 8 11 18 
11 12 16 18 31 
11 16 18 22 27 
1 5 12 
3 15 16 19 
6 8 11 18 
14 16 18 27 28 31 
0 2 4 
10 22 27 
3 11 19 
16 18 27 28 31 
0 8 11 16 
9 18 
0 18 19 21 
16 18 27 28 31 
0 9 15 16 18 31 
0 18 19 21 
0 12 18 19 21 
0 5 12 16 18 31 
1 19 
1 19 
12 18 
0 18 19 21 
15 16 18 19 27 31 
11 12 15 18 
11 15 25 28 
18 25 
12 18 
12 15 16 18 27 31 
14 18 19 21 
3 16 19 22 
0 16 21 
9 18 19 21 
3 16 19 29 
0 5 16 18 19 31 
5 9 11 19 24 
5 10 14 
11 16 18 19 31 
5 14 
6 11 18 22 
6 8 18 
18 
0 2 4 
5 14 
0 2 4 
12 18 
0 18 19 21 
12 18 
5 12 16 18 25 31 
5 9 18 19 21 
0 18 
6 11 16 18 
5 12 14 
0 5 16 18 31 
14 18 19 21 
1 19 
0 2 4 
18 19 
0 2 4 
0 2 4 
0 2 4 
5 18 19 21 
1 19 
0 2 4 
18 
0 3 16 19 
12 18 
3 11 14 
14 18 19 21 
1 18 
0 9 16 18 21 31 
15 16 18 21 31 
5 10 
0 2 4 
2 18 
0 6 8 18 
0 16 21 
3 6 12 14 16 19 
1 19 
1 19 
0 5 12 16 18 31 
0 16 21 
15 16 18 24 30 31 
0 2 4 
0 16 21 
1 19 
1 19 
3 15 16 19 
0 10 14 27 
3 5 
18 
0 2 4 
6 8 9 16 18 31 
14 18 19 21 
0 18 19 21 
0 18 
14 15 16 18 28 31 
15 16 18 24 31 
5 15 16 18 31 
5 
8 9 11 14 
3 6 9 14 16 19 
10 
5 16 18 24 27 31 
0 18 
5 18 19 21 
3 15 16 19 
0 18 19 21 
9 18 
16 18 28 31 
3 9 16 19 
3 5 9 16 19 
16 18 31 
16 18 28 31 
16 18 24 30 
18 
5 11 12 25 
0 5 12 16 18 31 
9 18 19 21 22 
14 16 18 28 31 
3 9 12 16 19 
3 5 22 
6 18 
10 12 
3 9 16 19 21 
1 19 
9 11 12 28 
16 18 27 28 31 
10 
5 10 
16 18 24 30 31 
12 16 18 31 
5 18 19 21 
1 19 
12 14 15 16 18 31 
3 19 27 
0 10 14 
8 11 22 27 
10 21 22 
5 14 
5 14 
3 12 16 19 
18 25 
3 15 16 19 
5 16 19 22 28 
3 16 19 
5 18 19 21 
0 16 21 
5 12 14 
0 5 12 16 18 31 
5 12 16 18 31 
0 18 19 21 
3 16 19 
1 19 
10 12 14 
1 19 
0 3 12 14 
10 
8 15 16 18 31 
1 19 
6 8 11 18 
0 3 14 27 
5 9 16 18 19 
3 9 14 19 
15 16 18 22 31 
3 6 8 
0 3 8 21 
0 16 21 
5 10 14 
5 18 
0 2 4 
0 18 19 21 
18 19 
5 18 
0 16 21 
0 18 
1 19 
5 10 14 
3 6 8 17 21 
15 22 24 30 
0 18 
22 
3 6 9 14 16 19 
0 16 21 
3 6 8 25 
15 16 18 22 31 
0 2 4 
3 10 14 21 24 30 
0 22 24 25 
3 14 25 
3 14 25 
1 5 
1 5 
0 16 21 
6 11 18 25 
3 14 16 19 
10 
18 
0 18 19 21 
11 12 21 25 
6 8 11 21 31 
0 2 4 
6 11 16 18 
1 19 
0 2 4 
18 
10 14 27 
0 2 4 
1 19 
0 2 4 
10 
11 12 25 
8 16 18 28 31 
0 16 21 
3 9 16 19 
3 12 16 21 
3 5 14 
10 14 
1 8 9 11 21 
1 19 
1 5 11 16 21 
1 19 
0 3 14 
9 12 16 18 31 
0 2 4 
3 12 16 19 
9 12 16 18 27 31 
0 6 8 18 
12 16 18 19 25 31 
5 9 19 31 
1 5 12 
9 15 16 18 31 
3 5 14 21 
12 18 
6 9 14 16 19 
5 11 12 16 18 31 
3 14 24 
5 11 12 14 21 
18 
0 18 
0 2 4 
0 16 21 
5 10 12 16 18 31 
0 2 4 
0 9 22 24 
15 16 18 27 31 
5 11 12 15 25 
24 
1 19 
18 
3 16 19 27 
0 3 5 24 
0 2 4 
2 4 11 13 
1 19 
0 8 12 18 21 
1 7 
1 16 
8 
1 6 16 24 
3 8 16 22 
1 7 
1 7 
8 14 
12 17 
1 5 
8 17 25 
5 
0 16 21 
1 5 21 
0 18 19 21 
0 2 4 
2 4 11 13 
15 16 18 24 31 
5 8 15 21 
3 5 16 
16 18 24 31 
0 18 19 21 
11 12 18 19 21 
0 2 4 
9 19 
6 8 11 21 31 
5 12 16 24 
6 8 27 31 
6 8 11 21 31 
6 8 11 21 31 
6 8 11 21 31 
6 8 11 21 31 
8 15 29 31 
16 18 24 30 
6 8 11 21 31 
6 8 11 21 31 
3 16 18 24 
6 8 11 21 31 
5 16 18 24 
1 4 11 21 31 
6 8 11 21 31 
10 14 21 24 25 30 
3 16 18 24 
6 8 11 21 31 
6 8 19 31 
6 8 11 21 31 
0 8 9 24 
3 16 18 24 
10 12 14 24 28 30 31 
6 8 11 21 31 
6 8 11 21 31 
3 6 8 
6 8 11 21 31 
0 5 21 24 31 
2 10 12 14 24 30 
15 21 22 30 
1 4 11 21 31 
6 8 11 21 31 
6 8 11 21 31 
3 16 18 24 
0 8 24 27 
8 12 28 31 
3 9 16 19 
4 11 16 21 31 
5 15 21 22 30 
6 8 11 21 31 
8 16 18 24 
3 10 14 21 24 30 
0 3 5 24 
14 15 22 25 29 
2 16 18 21 24 
2 14 15 24 27 29 
1 5 7 15 
6 8 11 21 31 
5 8 9 31 
2 9 18 19 21 
6 8 11 21 31 
9 15 16 22 
6 8 11 21 31 
6 8 11 21 31 
6 8 11 21 31 
6 8 11 21 31 
3 10 14 21 24 30 
6 8 11 21 31 
3 10 12 14 18 24 30 
6 8 11 21 31 
0 2 5 21 24 
1 5 7 15 
6 8 11 21 31 
6 8 11 21 31 
6 8 11 21 31 
10 14 19 21 24 25 30 
0 8 24 25 
1 4 11 21 31 
0 5 6 21 24 
6 8 11 21 31 
0 5 7 12 24 
0 3 5 24 
0 3 22 24 
5 16 18 24 
11 21 24 27 31 
6 8 11 21 31 
10 14 24 25 30 
8 15 17 22 31 
14 15 22 28 29 saa29 28 B940014109
5 8 22 31 
8 15 25 31 
6 8 11 21 31 
6 8 11 21 31 
6 8 19 31 
3 6 8 17 25 
0 2 24 29 30 saa30 29 B940014486
2 13 16 24 30 
6 8 11 21 31 
9 18 19 25 31 
9 14 15 22 29 
9 14 15 19 29 
2 10 14 24 25 30 31 
6 8 11 21 31 
1 5 7 15 
1 5 7 15 
1 5 7 15 
1 5 7 15 
5 8 16 24 
5 16 18 24 
5 8 16 24 
1 5 7 15 
6 8 11 21 31 
3 16 19 24 
6 10 12 14 24 30 
11 14 15 22 29 
3 14 15 24 29 
9 12 18 19 31 
6 11 21 29 31 
6 8 11 21 31 
3 16 18 24 
2 16 22 24 
8 11 13 25 31 
5 6 10 14 22 24 30 
5 16 18 21 24 30 
15 21 22 30 31 
2 3 6 21 28 
3 16 19 24 
14 15 22 27 29 
1 5 7 15 
0 5 7 22 24 
1 5 7 15 
10 12 14 16 24 30 
10 12 15 22 30 
6 8 11 21 31 
1 5 7 15 
9 11 19 21 31 
6 8 11 21 31 
0 5 8 31 
6 8 11 21 31 
5 16 18 24 
1 5 7 15 
6 8 11 21 31 
0 5 24 30 
8 16 22 31 
6 8 11 21 31 
6 8 11 21 31 
8 16 22 31 
6 8 11 21 31 
16 18 21 24 31 
0 2 11 21 31 
15 16 21 22 30 
5 15 21 22 30 
6 8 11 21 31 
0 5 7 12 24 
5 15 21 22 30 
0 2 8 10 14 24 30 
6 10 14 18 24 30 
9 14 18 19 21 
6 8 15 18 31 
6 15 22 25 
1 5 7 15 
11 21 27 29 31 
1 4 11 21 31 
6 8 11 21 31 
6 8 11 21 31 
6 8 11 21 31 
8 16 19 24 
3 9 17 19 25 
0 19 22 24 
3 16 21 24 
6 8 11 21 31 
3 6 17 19 25 
1 5 7 15 
1 4 11 21 31 
6 8 11 21 31 
3 6 16 18 24 
0 5 8 31 
15 21 22 30 31 
9 14 15 22 29 
6 8 11 21 31 
3 12 15 16 22 
6 8 11 21 31 
8 16 18 24 
0 5 9 21 24 
1 5 7 15 
3 16 19 24 
6 8 11 21 31 
16 18 24 28 31 
6 8 21 31 
6 8 11 21 31 
4 15 19 22 27 
0 10 12 14 24 30 
1 5 7 15 
6 8 11 21 31 
6 8 11 21 31 
6 8 11 21 31 
6 14 15 22 29 
6 8 11 21 31 
6 8 11 21 31 
16 18 24 30 
6 8 11 21 31 
6 8 11 21 31 
3 8 9 31 
5 6 11 21 31 
2 10 14 21 24 25 30 
0 3 5 24 
5 16 18 24 
6 8 11 21 31 
14 15 21 22 29 
3 6 17 19 25 
9 15 22 24 30 
0 8 24 25 
4 15 22 27 
2 16 18 24 
6 8 11 21 31 
6 8 11 21 31 
5 9 14 19 25 
4 15 22 27 29 
8 18 28 31 
6 8 11 21 31 
5 15 21 22 30 
0 11 13 22 24 
6 8 11 21 31 
6 8 11 21 31 
8 14 18 31 
6 8 31 
6 8 11 21 31 
6 8 11 21 31 
0 5 8 31 
6 8 11 21 31 
5 16 18 24 
1 5 7 15 
16 21 24 30 
6 8 11 21 31 
6 8 11 21 31 
6 8 11 21 31 
6 8 11 21 31 
6 8 11 21 31 
8 15 22 28 30 
4 15 22 27 29 
6 8 11 21 31 
5 15 16 21 22 
8 19 22 31 
0 5 22 24 
8 9 22 31 
3 16 18 24 
0 7 11 22 24 
5 16 18 24 
6 8 11 21 31 
7 10 14 24 25 30 31 
5 15 21 22 30 
10 14 16 22 24 30 
6 8 11 21 31 
1 5 7 15 
15 16 22 24 25 30 
6 8 11 21 31 
0 8 18 24 
5 16 18 24 
15 21 22 28 30 
6 8 11 21 31 
1 4 11 21 31 
9 14 17 19 21 
15 21 22 30 
6 8 11 21 31 
11 12 21 24 31 
0 8 9 24 
14 15 22 29 
0 5 21 22 24 
2 10 14 24 25 30 
9 12 18 19 25 
6 8 11 21 31 
9 18 19 21 31 
0 5 7 12 24 
5 9 15 19 21 
6 15 22 28 30 
14 15 22 27 29 
5 15 21 22 30 
15 22 30 31 
5 8 15 19 22 
5 15 21 22 30 
8 9 14 31 
6 8 10 14 24 30 31 
6 15 22 28 
1 5 7 15 
0 2 22 24 
2 4 11 13 
14 15 22 25 29 
0 3 5 24 
0 2 16 18 24 
1 5 7 15 
2 4 11 13 
6 10 14 18 24 25 30 
9 16 19 
3 8 12 21 31 
0 22 24 25 
2 4 11 13 
0 15 22 29 30 saa30 29 B940024083
14 15 21 22 29 
0 12 24 28 31 
6 8 11 21 31 
9 15 19 21 27 31 
10 11 saa11 10 B94002439314 22 24 30 31 
6 8 11 21 31 
3 16 18 24 
0 2 9 24 30 
5 11 16 18 24 
6 8 11 21 31 
9 11 14 19 29 
1 4 11 21 31 
1 5 7 15 
0 14 22 24 
6 8 11 21 31 
1 5 7 15 
5 16 18 24 
5 15 21 22 30 
5 15 21 22 30 
3 11 12 18 21 31 
2 4 11 13 
0 21 22 24 
6 9 18 19 24 
16 18 24 30 
4 15 22 27 30 
3 10 14 21 24 30 
14 15 17 22 29 
1 4 11 21 31 
2 5 10 14 19 24 30 
3 15 17 21 25 
4 10 12 14 24 30 
0 9 13 15 19 22 
3 16 18 24 
1 5 7 15 
5 16 18 24 
3 16 18 24 
6 8 11 21 31 
4 7 15 22 27 
5 9 15 21 22 
15 21 22 30 31 
3 17 19 21 28 
4 15 21 22 27 
1 5 7 15 
6 8 11 21 31 
16 18 24 30 
3 6 17 21 25 
1 5 7 15 
3 5 8 17 21 
3 10 14 21 24 30 
2 4 11 13 
5 6 8 11 21 
3 14 15 24 29 
3 8 17 19 25 
6 14 15 22 29 
1 5 7 15 
9 11 19 25 29 
3 16 18 24 
3 8 17 21 25 
5 16 18 24 
6 8 11 21 31 
1 4 11 21 31 
6 8 11 21 31 
1 4 11 21 31 
7 10 14 22 24 28 30 
6 8 11 21 31 
3 16 18 24 
9 14 15 24 29 
3 6 9 19 21 
6 10 12 14 24 30 
9 12 14 19 21 
3 6 8 16 
3 6 8 17 25 
24 
14 15 22 28 29 saa29 28 B940028667
1 4 11 21 31 
6 8 11 21 31 
2 4 11 13 
3 6 8 9 11 
2 4 11 13 
5 15 16 18 22 
5 9 19 21 31 
6 8 17 19 25 
5 15 21 22 30 
1 5 7 15 
6 8 11 21 31 
8 15 21 22 30 
1 5 7 15 
3 17 19 25 31 
7 15 19 21 22 
1 5 7 15 
11 19 21 24 31 
1 5 7 15 
6 15 19 22 
15 19 22 
0 2 19 24 30 
5 15 21 22 30 
16 18 24 25 28 
2 4 11 13 
3 17 21 
2 4 11 13 
8 9 11 19 
2 4 11 13 
2 4 11 13 
14 15 19 22 29 
3 9 17 19 21 
1 5 7 15 
0 7 12 24 28 
6 8 11 21 31 
2 4 11 13 
15 16 21 22 30 
2 4 11 13 
2 16 18 24 25 
6 8 11 21 31 
1 5 7 15 
6 14 15 22 29 
6 10 14 24 25 27 30 
3 6 8 17 25 
2 4 11 13 
9 12 16 19 
1 5 7 15 
5 15 21 22 30 
6 8 17 19 25 
3 6 8 15 30 
5 16 18 24 
5 15 21 22 30 
6 8 11 21 31 
0 19 22 24 
5 16 18 24 
3 16 18 24 
3 5 8 19 21 
3 10 14 21 24 30 
6 14 15 22 29 
6 8 11 21 31 
1 5 7 15 
3 6 17 21 25 
3 5 9 19 25 
3 15 22 30 
5 15 21 22 30 
10 14 17 24 25 30 
5 9 18 19 
8 9 12 19 
4 6 15 22 27 
4 15 22 27 30 
2 4 11 13 
15 22 
1 5 7 15 
5 15 21 22 30 
6 8 11 21 31 
6 15 16 22 25 
6 8 11 21 31 
6 8 11 21 31 
8 15 22 30 
1 5 7 15 
8 9 12 19 
3 6 8 17 25 
8 14 15 27 30 31 
6 8 11 21 31 
6 8 11 21 31 
1 5 7 15 
0 14 15 22 29 
2 4 11 13 
5 15 21 22 30 
5 9 19 21 31 
3 16 18 24 25 
1 4 11 21 31 
5 8 9 19 
0 9 14 18 19 
8 12 31 
10 14 17 24 25 30 
6 8 11 21 31 
3 6 17 21 25 
6 8 11 21 31 
3 10 14 21 24 30 
0 9 22 24 
0 8 9 24 
6 8 11 21 31 
6 10 14 24 25 30 31 
3 6 8 11 
8 11 13 15 31 
9 14 15 22 29 
3 10 14 21 24 30 
3 5 6 8 25 
6 8 11 21 31 
6 8 11 21 31 
3 8 17 21 25 
0 3 19 24 
2 8 11 13 31 
3 5 6 8 21 
10 12 14 16 24 30 
2 4 11 13 
3 10 14 21 24 30 
6 8 11 21 
3 17 19 21 25 
5 15 21 22 30 
0 5 8 17 25 
5 15 21 22 30 
3 5 6 21 28 
1 5 7 15 
6 8 11 21 31 
5 6 8 18 21 
2 15 22 
3 6 8 17 21 
6 8 11 21 31 
16 18 24 30 
5 15 21 22 30 
3 6 8 12 29 
16 18 24 25 
0 22 24 25 
0 3 6 8 
3 10 14 21 24 30 
6 8 11 21 31 
10 14 24 25 30 
3 10 14 21 24 30 
1 5 7 15 
1 5 7 15 
3 6 8 12 29 
0 5 21 24 30 
6 8 11 21 31 
5 15 21 22 30 
0 9 14 18 19 
1 5 7 15 
6 10 14 24 25 30 
3 6 17 21 25 
0 2 8 24 
0 3 5 24 
5 15 16 22 30 
6 8 9 21 22 
5 15 21 22 30 
5 12 17 19 25 
1 5 7 15 
14 15 22 28 30 
6 8 11 21 31 
3 6 8 21 25 
15 19 22 30 
3 9 15 22 
3 9 15 22 25 
0 22 24 27 
0 3 5 24 
6 8 11 21 31 
3 6 17 21 25 
3 10 14 21 24 30 
9 14 15 18 22 
1 5 7 15 
6 8 11 21 31 
3 8 17 21 25 
6 10 12 14 24 30 
3 5 6 8 21 
9 19 
1 5 7 15 
16 18 24 30 
1 9 18 19 
2 4 11 13 
10 14 22 24 28 30 31 
8 31 
2 4 11 13 
15 19 22 
3 6 8 17 21 
0 3 6 8 9 
2 3 10 14 24 25 30 
3 10 14 21 24 30 
1 5 7 15 
5 9 19 21 31 
1 5 7 15 
5 15 21 22 30 
5 15 21 22 30 
15 22 25 28 30 
3 8 17 21 25 
3 6 8 
10 12 14 21 24 30 
6 8 11 21 31 
1 5 7 15 
6 8 11 21 31 
1 5 7 15 
8 22 31 
0 15 22 25 30 
0 8 31 
9 19 24 25 
6 8 11 21 31 
6 15 22 30 
5 16 18 24 
3 10 14 21 24 30 
9 14 15 19 29 
1 5 7 15 
15 21 22 30 31 
6 10 14 21 24 30 
0 5 8 31 
2 3 6 8 
5 6 15 22 30 
0 15 22 24 30 
8 10 12 31 
0 3 24 30 
6 10 12 14 24 30 
0 2 3 24 25 
1 8 12 19 
0 8 15 16 18 19 
2 18 19 
3 9 10 saa10 9 B94004269612 15 
0 8 11 12 15 31 
2 12 14 15 
0 5 6 18 
2 12 14 17 
6 9 12 22 27 
9 11 12 18 27 
6 8 18 19 21 
3 8 9 18 30 
2 3 14 16 31 
8 15 18 19 21 
0 3 12 14 22 
6 8 19 21 22 
5 8 15 18 
5 6 
1 8 11 
14 19 22 25 
4 9 12 18 22 
2 18 
6 8 25 
2 3 6 25 
2 6 15 
5 11 12 16 18 31 
18 19 21 22 27 
0 5 12 16 18 31 
0 2 4 
0 16 21 
0 16 21 
7 11 12 25 
1 7 10 
12 16 18 19 27 31 
0 2 4 
6 
0 6 12 21 
8 10 16 
16 31 
0 6 11 21 
0 5 18 21 22 
2 3 5 21 
3 5 15 16 31 
5 14 21 27 
8 15 21 
11 18 19 21 31 
6 8 11 21 31 
8 11 15 16 18 
6 8 11 21 31 
15 21 
11 19 21 22 31 
5 6 12 15 27 
6 8 11 21 31 
6 8 11 21 31 
0 3 5 6 11 12 
6 8 11 21 31 
15 21 
6 8 11 21 31 
0 8 19 24 
0 6 12 18 
15 19 22 24 30 
6 8 11 21 31 
0 5 6 12 14 15 
6 8 11 21 31 
0 5 6 15 21 
0 5 9 12 15 
6 8 11 21 31 
6 8 11 21 31 
6 8 11 21 31 
11 16 21 25 31 
6 8 11 21 31 
0 5 9 15 
2 11 15 21 30 31 
6 8 11 21 31 
6 8 11 21 31 
6 8 11 21 31 
3 9 11 12 
6 8 11 21 31 
6 8 11 21 31 
6 8 11 21 31 
0 6 8 12 15 
6 15 19 22 
14 15 22 25 29 
6 14 15 22 29 
6 14 15 22 29 
14 15 22 27 29 
6 14 15 22 29 
0 5 6 9 
0 6 8 9 11 
2 5 6 12 15 27 
5 15 21 22 30 
5 15 21 22 30 
3 5 24 
5 15 21 22 30 
0 8 18 24 
2 5 9 19 31 
10 11 saa11 10 B94004726612 14 24 28 30 
3 5 6 24 
3 11 21 31 
3 6 8 
3 6 8 
0 3 19 21 25 
3 5 17 25 
6 17 25 27 28 
6 21 27 
17 18 saa18 17 B94004741719 21 25 
0 3 5 6 
8 12 21 31 
6 8 9 31 
3 12 21 31 
0 2 22 24 
8 31 
6 8 9 31 
8 22 29 31 
8 9 16 31 
8 15 25 31 
8 25 29 31 
6 8 9 31 
0 7 12 24 28 
0 5 7 12 24 
7 16 18 24 
0 2 22 24 
16 
24 
0 22 24 
3 5 24 
0 3 5 24 
5 15 18 
0 2 5 8 24 
5 16 18 24 31 
3 16 18 24 
0 2 22 24 
1 5 7 15 
9 19 25 31 
5 6 9 18 19 
6 9 19 24 31 
0 9 12 19 30 
2 4 11 13 
2 4 11 13 
1 5 7 15 
1 5 7 15 
8 21 
8 25 
6 25 
6 25 
17 21 25 
0 5 12 15 18 
3 5 24 
3 12 27 
3 5 11 21 
3 5 8 21 25 
0 5 12 15 18 
15 21 
8 11 15 16 18 
11 15 16 27 
0 5 6 11 12 
8 11 15 16 18 
3 5 6 24 
1 7 
5 6 14 15 27 
5 11 12 14 21 22 
14 19 21 31 
1 21 31 
3 6 8 22 25 
8 16 28 
5 18 21 22 
6 11 
5 6 18 31 
3 11 12 21 
0 6 11 16 
5 18 21 22 
0 3 12 21 27 
0 3 12 21 
0 15 18 19 21 
18 19 21 22 27 
16 18 22 24 
0 6 11 14 15 16 21 
0 5 6 11 14 15 16 21 
0 6 11 14 15 16 21 
0 6 11 14 15 16 21 
3 5 
6 8 11 21 31 
1 5 7 15 
3 6 8 
7 10 14 22 24 28 30 
7 10 14 22 24 28 30 
0 6 11 14 15 16 21 
1 4 7 9 
1 4 7 9 
1 4 7 9 
1 4 7 9 
1 4 7 9 
1 4 7 9 
1 4 7 9 
1 4 7 9 
1 4 7 9 
1 4 7 9 
1 4 7 9 
1 4 7 9 
1 4 7 9 
0 6 11 14 15 16 21 
1 4 7 9 
0 6 11 14 15 16 21 
0 6 11 14 16 21 
0 6 11 14 15 16 21 
1 4 7 9 
0 5 24 30 
1 5 7 15 
11 14 15 18 
14 16 18 22 
3 11 14 18 
11 14 16 27 
11 14 16 27 
0 2 22 24 
1 4 
1 4 
4 
4 
4 
1 4 
1 4 
4 
2 4 11 13 
8 9 31 
0 8 31 
3 21 
2 3 5 19 
2 5 19 21 
2 5 19 21 
2 5 19 21 
2 5 19 21 
2 5 19 21 
2 5 19 21 
2 3 5 19 
2 5 19 21 
2 5 19 21 
5 7 
2 3 9 15 18 
0 2 4 13 
0 7 10 
1 4 
1 4 6 8 9 13 
5 9 16 
3 5 7 
2 4 13 27 
1 3 5 
1 11 14 16 19 21 
4 7 9 
4 6 
1 3 5 
0 2 4 13 
4 11 18 
2 4 13 15 27 
1 4 15 
1 4 6 19 
0 9 11 14 15 25 30 31 
3 5 9 
13 
9 11 14 18 
2 4 9 13 27 
11 15 16 18 19 27 28 
0 2 4 13 
2 7 
1 3 5 
1 4 11 22 
1 3 7 
1 3 5 
1 3 5 
1 3 7 
0 2 4 13 
1 3 5 
3 5 7 15 
4 6 
1 4 
0 3 5 8 12 
1 4 11 
0 15 21 
0 5 10 
6 8 12 
5 
0 2 4 13 
1 6 8 9 13 
1 4 18 
11 15 16 18 19 27 
4 6 
1 3 12 14 16 
1 4 6 8 9 13 
5 8 9 15 
1 3 5 14 16 
0 5 6 9 16 
1 4 6 19 
2 6 
1 3 12 14 16 
4 10 
0 5 10 
4 10 
1 6 8 9 13 
0 5 10 
0 3 5 8 12 18 
1 3 14 15 16 
1 3 12 14 16 
8 15 16 19 
0 7 10 
5 12 15 18 
1 6 8 9 13 
5 8 11 12 14 
4 7 9 14 15 16 
0 2 4 13 
0 2 4 13 
4 9 11 
5 8 12 15 
1 3 12 14 16 
18 
0 2 4 13 
0 2 4 13 
0 8 15 16 
0 2 4 13 
10 27 
0 4 8 19 
2 10 
6 10 
0 16 21 
7 13 
0 9 15 16 
9 
1 6 8 9 13 
0 9 16 19 
1 4 6 8 9 13 
1 4 6 19 
0 2 4 13 
1 3 14 15 16 
1 4 8 9 
1 3 12 14 16 
0 2 4 13 
8 12 22 
5 15 16 19 
1 6 8 9 13 
0 5 15 16 
0 16 21 
0 3 8 12 15 18 
5 9 12 15 18 
1 6 8 9 13 
4 6 
1 4 6 19 
2 3 5 9 11 
1 3 12 14 16 
4 7 9 
1 6 8 9 13 
0 5 8 10 15 
1 12 14 16 18 
0 2 4 13 
0 3 5 8 12 18 
0 2 4 13 
1 4 8 9 
5 
1 4 6 19 
8 15 16 19 
0 5 8 10 15 
2 4 
13 
1 4 6 8 9 13 
5 9 11 16 19 21 
5 13 
7 10 
0 2 4 13 
0 2 4 13 
1 3 5 14 16 
2 4 13 19 
0 2 16 
4 6 
7 10 
2 4 
1 4 6 19 
1 3 12 14 16 
1 8 9 15 18 
5 7 10 
1 4 7 
0 5 8 16 
5 9 12 18 19 
0 5 16 18 
0 2 4 13 
0 2 4 13 
1 4 6 8 9 13 
0 3 8 12 18 
1 3 12 14 16 
0 2 4 13 
4 7 9 16 19 
2 7 
1 4 6 19 
1 6 8 9 13 
1 3 14 15 16 
1 6 8 9 13 
1 10 
0 2 4 13 
0 2 4 13 
1 9 15 16 
1 12 14 16 18 
5 8 9 14 
0 7 
4 7 
5 12 16 
4 10 
5 12 16 18 
5 7 10 
1 3 6 14 16 
1 6 8 9 13 
0 2 4 13 
1 6 8 9 13 
0 2 4 13 
1 12 14 16 18 
0 5 7 
0 9 15 16 19 
0 2 4 13 
13 
1 4 6 8 9 13 
8 12 15 
0 21 22 
0 2 4 13 
0 9 15 19 27 
0 3 8 12 15 18 
4 6 
5 9 11 16 19 21 
1 3 12 14 16 
4 11 
2 4 
1 6 8 9 13 
4 7 
0 2 4 13 
1 3 11 12 14 16 
1 3 12 14 16 
0 3 8 9 11 16 19 
7 13 
8 9 15 19 
3 5 7 15 
2 4 9 13 18 
0 2 4 13 
0 2 4 13 
12 18 19 
0 3 8 19 
8 15 16 
2 4 9 13 27 
2 6 
7 10 
0 5 15 16 
1 6 8 9 13 
0 3 5 6 8 
0 2 4 13 
15 
0 2 4 13 
0 11 15 16 19 21 
2 4 
0 2 4 13 
2 4 9 13 27 
4 7 
0 5 7 
0 9 16 
0 3 5 6 8 
0 9 16 19 
0 2 4 13 
1 4 6 8 9 13 
4 7 
1 5 8 18 
8 9 15 
0 3 5 8 12 
0 2 4 13 
1 6 8 9 13 
1 4 6 19 
1 6 8 9 13 
6 19 21 
1 4 6 8 9 13 
0 2 4 13 
1 6 8 9 13 
1 4 6 19 
1 4 6 19 
0 9 16 
2 4 
0 8 12 15 16 
6 9 12 18 
0 2 4 13 
1 6 8 9 13 
5 8 14 15 16 
0 2 4 13 
1 3 14 15 16 
1 3 12 14 16 
3 8 14 
6 12 14 15 
1 4 6 19 
1 3 14 16 19 
1 4 6 19 
4 6 8 11 
0 2 4 13 
0 7 
2 3 15 30 
3 5 6 
1 3 14 15 16 
5 9 12 15 18 
1 6 8 9 13 
1 12 14 16 18 
1 9 12 14 16 
1 3 14 15 16 
1 4 7 11 
8 12 15 19 
6 9 14 15 
0 8 12 15 18 
7 10 
1 4 8 9 14 
0 2 4 13 
1 4 7 
4 7 9 12 14 16 
2 6 
2 5 7 
3 6 15 16 19 
4 6 
0 2 4 13 
1 6 8 9 13 
1 6 8 9 13 
1 4 6 19 
1 8 21 22 
6 11 21 28 
1 12 14 16 18 
1 6 8 9 13 
2 3 5 7 
1 6 8 9 13 
1 8 12 18 
0 2 4 13 
0 2 4 13 
7 
1 6 8 9 13 
0 3 8 9 11 16 19 
2 7 9 15 
0 2 4 13 
1 3 12 14 16 
0 2 4 13 
1 3 14 15 16 
4 7 
0 3 5 8 12 18 
1 3 12 14 16 
1 6 8 9 13 
1 6 8 9 13 
3 9 12 16 19 
12 15 21 
1 4 6 19 
1 4 6 8 9 13 
7 10 
5 7 10 
1 6 8 9 13 
0 2 4 13 
4 9 
1 4 6 19 
1 6 8 9 13 
0 2 4 13 
1 6 8 9 13 
4 10 
9 14 15 21 
1 6 8 9 13 
2 4 13 19 
1 4 6 19 
0 4 
0 2 4 13 
1 3 12 14 16 
1 6 8 9 13 
1 4 7 
1 3 14 16 28 
0 3 8 12 15 18 
3 5 7 15 
1 3 12 14 16 
4 8 15 19 
1 6 9 15 16 
0 9 11 16 18 
2 10 
1 3 12 14 16 
1 6 9 15 16 
1 6 8 9 13 
3 5 7 15 
1 4 6 8 9 13 
0 2 4 13 
2 6 
1 6 8 9 13 
4 7 
1 4 6 8 9 13 
0 2 4 13 
4 7 
0 2 4 13 
10 
1 6 8 9 13 
1 6 8 9 13 
1 6 8 9 13 
1 6 8 9 13 
1 6 8 9 13 
1 4 6 8 9 13 
0 2 4 13 
1 10 
0 2 4 13 
0 8 15 16 
0 2 4 13 
1 4 6 19 
11 15 16 19 27 
0 2 4 13 
2 3 9 11 12 
2 4 13 15 27 
1 4 6 8 9 13 
2 4 
11 15 16 18 19 27 
4 7 
0 5 8 11 31 
1 6 8 9 13 
1 4 6 8 9 13 
1 6 8 9 13 
1 4 
1 4 6 19 
5 8 12 15 
0 2 4 13 
4 7 9 12 14 16 
1 3 12 14 16 
1 4 6 19 
2 4 13 15 27 
1 12 14 22 
1 3 12 14 16 
1 6 8 9 13 
3 5 7 15 
0 16 21 
0 15 21 
3 5 7 15 
10 13 
1 3 5 
5 7 
1 6 8 9 13 
1 12 14 16 18 
0 5 9 19 
2 4 6 21 
1 6 8 9 13 
4 10 
1 6 8 9 13 
0 2 4 13 
2 4 6 13 
0 2 4 13 
1 12 14 16 18 
1 4 6 19 
1 6 8 9 13 
4 6 
2 3 9 15 18 
4 7 9 12 14 16 
0 3 5 8 12 
1 6 8 9 13 
0 2 4 13 
1 4 9 
1 4 11 
4 6 
1 3 12 14 16 
1 4 6 19 
1 6 8 9 13 
2 13 
0 2 4 13 
4 7 9 12 14 16 
0 2 4 13 
2 3 5 7 
1 4 
1 3 12 14 16 
5 
2 6 
4 8 18 
5 13 
0 7 
4 7 9 12 14 16 
4 10 
2 3 9 11 12 
0 2 4 13 
4 6 
0 3 8 11 16 19 
0 4 
8 9 14 
0 9 15 16 
4 10 
1 4 6 19 
4 18 
1 6 8 9 13 
2 13 
0 2 4 13 
1 6 8 9 13 
1 6 8 9 13 
0 2 4 13 
1 4 6 8 9 13 
0 2 4 13 
1 3 12 14 16 
1 4 6 19 
1 3 12 14 16 
1 6 8 9 13 
1 3 12 14 16 
0 3 8 9 11 16 19 
0 4 7 12 14 16 
2 6 
4 10 
1 5 12 18 
1 3 12 14 16 
11 15 16 19 27 
4 7 
0 3 5 6 8 
4 7 9 12 14 16 
1 6 8 9 13 
0 2 4 13 
0 2 4 13 
9 15 16 
2 6 
0 15 16 21 
7 13 
2 7 9 15 
1 3 14 15 16 
2 4 
5 10 16 
0 2 4 13 
1 6 8 9 13 
2 4 18 
2 6 
0 2 4 13 
1 3 12 14 16 
9 11 15 16 19 21 
0 6 8 
1 4 7 
0 2 4 13 
0 2 4 13 
4 7 
1 6 8 9 13 
4 7 9 
1 4 6 19 
0 7 
0 6 8 16 
4 10 
1 6 8 9 13 
2 4 
1 3 12 14 16 
1 3 14 15 16 
0 2 4 13 
1 3 12 14 16 
0 2 4 13 
0 2 4 13 
1 6 8 9 13 
1 4 6 19 
4 10 
1 6 8 9 13 
0 4 
1 6 8 9 13 
2 3 5 7 
4 10 
4 6 
5 8 9 18 
4 7 
1 6 8 9 13 
1 6 8 9 13 
1 4 6 19 
4 10 
0 9 16 19 
0 3 8 9 11 16 19 
0 2 4 13 
13 
4 10 
0 3 5 6 8 
0 2 4 13 
4 8 18 
4 9 
1 3 12 14 16 
1 6 8 9 13 
1 3 12 14 16 
5 
2 10 
0 16 21 
2 9 11 16 21 
1 6 8 9 13 
1 4 11 
1 4 6 8 9 13 
7 15 16 
5 8 12 15 18 
0 2 4 13 
0 2 4 13 
1 6 8 9 13 
3 9 14 15 16 19 
1 3 12 14 16 
7 
0 2 4 13 
8 9 15 16 
0 2 4 13 
1 10 
1 4 6 19 
6 10 
1 3 12 14 16 
1 3 8 14 16 
0 2 4 13 
0 5 10 
0 2 4 13 
0 2 4 13 
1 6 8 9 13 
4 7 
4 11 18 
4 10 
1 3 12 14 16 
5 10 14 19 24 30 
3 8 10 18 
2 7 
2 4 
1 3 12 14 16 
1 3 5 14 16 
0 3 10 
4 7 11 
7 10 
2 10 
1 6 8 9 13 
1 4 
0 3 5 6 8 
0 6 8 9 
4 6 
0 2 4 13 
2 4 13 15 18 
1 3 12 14 16 
13 
1 4 18 
1 3 12 14 16 
1 4 18 
7 13 
0 2 4 13 
0 2 
4 10 
1 6 8 9 13 
0 10 
1 4 6 19 
4 9 
1 6 8 9 13 
1 6 8 9 13 
8 15 16 19 
1 4 6 8 9 13 
4 11 
2 6 
1 6 8 9 13 
1 6 8 9 13 
5 9 11 15 18 
0 3 5 8 12 
1 4 6 8 9 13 
10 13 
0 2 4 13 
1 3 12 14 16 
4 11 
4 7 9 
2 3 5 7 
2 7 
2 6 
0 7 
1 6 8 9 13 
1 6 8 9 13 
1 6 8 9 13 
1 6 8 9 13 
1 6 8 9 13 
0 2 4 13 
4 11 15 
2 4 13 15 27 
2 6 
1 3 14 15 16 
0 2 4 13 
0 
2 6 
2 4 13 15 27 
1 3 12 14 16 
3 5 7 15 
1 6 8 9 13 
2 6 
1 4 
3 
14 15 16 27 
4 10 
0 7 
5 
1 4 18 
5 6 
5 7 
2 6 
8 9 15 
1 4 
3 7 10 
2 5 6 12 15 
1 3 12 14 16 
2 3 13 
2 7 
1 3 5 14 16 
4 6 
0 16 21 
1 3 14 15 16 
0 2 4 13 
1 4 7 10 13 
2 6 
1 3 14 15 16 
4 7 9 11 
9 14 15 21 
5 
10 
4 10 
1 3 12 14 16 
12 15 21 
7 13 
1 3 14 16 28 
1 3 5 14 16 
1 3 12 14 16 
5 7 
4 10 
1 10 
1 3 7 
13 
4 10 
2 4 
0 2 4 13 
4 10 
1 3 7 
1 4 9 25 
0 2 4 6 13 
1 4 6 19 
15 18 21 
7 10 
1 3 14 15 16 
0 6 8 15 
5 6 9 14 16 
18 
4 11 21 
3 14 15 18 24 
0 14 18 
0 2 3 15 
0 16 21 
5 14 21 
12 15 21 
0 3 5 14 
2 3 9 11 12 
0 2 3 9 12 
1 4 7 10 13 
3 5 18 
5 
2 3 5 
3 
3 5 
3 5 18 
3 5 
0 5 7 10 15 
5 14 21 
2 3 6 21 
3 15 19 
2 15 16 18 31 
0 16 21 
3 5 14 21 
2 3 7 9 15 
6 9 14 16 
2 3 9 11 12 
0 3 6 8 12 14 
0 16 21 
12 14 15 21 
6 8 12 18 21 
0 3 6 8 12 14 
1 4 7 10 13 
0 9 14 18 
0 3 6 8 12 14 
2 3 9 11 12 
0 3 6 8 12 14 
4 11 21 
2 9 15 18 
2 6 9 21 
5 6 8 11 14 16 21 
0 3 6 8 12 14 
2 3 9 11 24 
0 10 17 22 28 
5 8 15 27 31 
0 3 6 8 12 14 
6 9 14 16 19 
3 6 9 14 16 19 
0 3 6 8 12 14 
2 6 9 11 21 
3 9 11 14 18 
1 4 7 10 13 
12 14 15 21 
12 14 15 21 
12 15 21 
0 3 6 8 12 14 
2 4 21 
4 11 21 
0 3 6 8 12 14 
12 14 15 21 
2 3 5 6 16 31 
0 3 6 8 12 14 
3 14 15 19 
0 16 21 
0 3 6 8 12 14 
12 14 15 21 
2 3 9 11 12 
2 3 9 11 12 
0 3 6 8 12 14 
2 9 11 21 
0 11 14 
3 6 9 14 16 
2 3 5 9 11 
3 14 18 19 
2 5 13 19 21 
1 4 7 10 13 
0 3 6 8 12 14 
12 15 21 27 
0 3 6 8 12 14 
3 5 11 19 
12 14 15 21 
12 15 21 
2 6 15 16 19 24 
0 3 6 8 12 14 
0 2 3 6 9 14 
2 4 21 
0 3 6 8 12 14 
3 12 16 19 
1 4 7 10 13 
12 14 15 21 
12 14 15 21 
2 3 5 18 
2 3 9 11 12 
0 3 6 8 12 14 
1 4 7 10 13 
3 9 11 12 14 21 
2 3 9 11 12 
0 3 6 8 12 14 
6 9 12 16 
2 3 5 16 31 
3 6 9 14 19 
0 3 6 8 12 14 
3 9 16 
12 14 15 21 
0 2 3 11 15 
0 3 6 8 12 14 
4 11 21 
3 6 9 16 19 
2 9 15 18 
6 8 12 18 21 
2 3 9 11 12 
1 4 7 10 13 
0 3 6 8 12 14 
2 3 9 11 12 
0 3 6 8 12 14 
1 4 7 10 13 
1 4 7 10 13 
12 15 21 
1 4 7 10 13 
3 6 9 14 16 19 
2 7 9 15 
2 3 15 19 
1 4 7 10 
12 15 21 
12 14 15 21 
4 11 21 
1 3 5 15 16 31 
5 9 16 19 
0 2 16 19 
3 6 8 16 19 22 
1 4 7 10 13 
0 3 6 8 12 14 
12 15 21 
3 6 8 9 14 
4 6 9 14 
0 2 3 6 9 14 
2 3 9 11 12 
0 3 6 8 12 14 
12 15 21 
1 4 7 10 
0 3 6 8 12 14 
0 2 3 6 14 15 
2 3 5 9 11 
12 15 19 21 
0 3 9 14 15 
2 3 9 11 12 
0 3 6 8 12 14 
2 3 9 11 12 
0 3 6 8 12 14 
0 3 6 8 12 14 
3 5 6 16 19 
5 8 9 16 24 
5 14 21 
12 14 15 21 
1 4 7 10 13 
0 3 6 8 12 14 
2 3 15 19 21 
2 3 9 11 12 
1 4 7 10 13 
12 14 15 21 
12 14 15 21 
12 14 15 21 
12 14 15 21 
0 2 3 6 9 14 
3 9 11 18 21 
1 4 7 10 
2 3 9 11 12 
3 11 14 15 
2 3 9 11 12 
0 16 21 
0 3 6 8 12 14 
0 14 15 18 
3 6 19 31 
0 3 6 8 12 14 
2 7 9 15 
0 3 6 8 12 14 
0 2 3 6 9 14 
12 15 21 
1 4 7 10 13 
12 14 15 21 
5 9 14 16 
0 3 6 8 12 14 
1 4 7 10 13 
6 8 12 18 19 21 
4 11 21 
9 14 16 21 
0 3 6 8 12 14 
6 8 12 18 21 
2 3 9 11 12 
2 6 15 21 
0 3 6 8 12 14 
1 4 7 10 13 
8 12 15 21 
3 5 9 14 16 
2 3 9 11 12 
2 3 9 11 12 
0 3 6 8 12 14 
2 4 11 
1 3 5 7 
1 3 5 15 16 31 
0 8 9 14 15 
0 16 21 
0 3 18 19 
2 9 14 16 19 25 
5 8 9 16 27 31 
2 3 9 11 12 
0 3 6 8 12 14 
0 14 18 19 
0 3 6 8 12 14 
0 3 6 8 12 14 
5 6 9 14 16 
6 9 14 15 16 19 
0 3 6 8 12 14 
0 3 6 8 12 14 
2 3 9 11 12 
0 3 6 8 12 14 
1 4 7 10 13 
2 3 9 11 24 
1 4 7 10 13 
6 8 12 16 18 31 
2 3 9 11 12 
2 7 10 15 21 
3 14 15 
2 3 9 11 12 
12 15 21 
2 3 18 22 
0 3 6 8 12 14 
2 15 16 18 31 
2 3 9 11 12 
0 14 18 
0 3 14 18 
0 2 6 8 9 14 
0 3 6 8 12 14 
2 3 9 11 12 
0 3 11 12 19 22 
3 6 8 15 16 31 
2 7 9 11 15 
2 3 9 11 12 
5 12 15 21 
0 3 6 8 12 14 
2 3 6 15 18 
3 6 8 9 14 
2 3 9 15 
6 9 11 16 21 
0 11 14 
12 15 21 
2 3 8 9 12 
12 15 21 
12 14 15 21 
1 4 7 10 13 
12 14 15 21 
1 4 7 10 13 
12 15 21 
12 14 15 21 
2 3 9 11 12 
1 4 7 10 
5 8 9 15 16 31 
1 4 7 10 13 
0 3 6 8 12 14 
0 3 6 8 12 14 
1 4 7 10 13 
1 4 7 10 13 
5 6 9 14 16 19 
1 4 7 10 13 
3 5 8 9 14 
2 3 5 9 11 
1 4 7 10 13 
1 4 7 10 
2 6 9 11 21 
0 3 6 8 12 14 
1 4 7 10 13 
1 4 7 10 13 
12 14 15 21 
0 3 6 8 12 14 
0 9 14 18 24 
1 4 7 10 13 
12 15 21 
0 5 8 9 16 31 
12 15 21 
3 6 8 9 14 
2 3 9 11 12 
0 2 3 6 14 15 
0 3 6 8 12 14 
12 14 15 21 
12 14 15 21 
3 14 15 18 
2 7 9 15 18 
0 3 6 8 12 14 
12 15 21 
12 14 15 21 
3 14 18 21 
4 11 21 
0 3 6 14 
12 14 15 21 
0 16 21 
3 6 11 21 
0 16 21 
5 15 16 21 31 
2 4 11 21 
0 3 6 8 12 14 
0 14 18 19 
12 14 15 21 
3 5 13 19 
0 3 6 8 12 14 
2 3 9 11 12 
2 7 9 15 
4 11 21 
2 3 9 11 25 
2 3 9 11 12 
12 15 21 
12 14 15 21 
0 3 15 19 
12 14 15 21 
0 3 6 8 12 14 
2 6 9 11 21 
1 4 7 10 13 
2 5 6 12 15 
2 3 9 11 19 
2 3 9 11 16 27 
4 11 21 
2 9 11 15 
12 15 21 
1 4 7 10 13 
2 4 21 
12 14 15 21 
2 9 11 16 21 
9 11 14 18 21 
1 4 7 10 13 
12 14 15 21 
12 14 15 21 
0 3 6 8 12 14 
2 4 21 
0 3 15 19 
2 3 9 11 12 
1 4 7 10 13 
4 11 21 
0 3 6 8 12 14 
7 10 14 15 19 
0 3 6 8 12 14 
12 14 15 21 
2 3 9 11 12 
4 11 21 
12 15 16 21 
12 14 15 21 
12 15 21 
2 7 9 15 28 
0 2 5 6 16 
12 14 15 21 
12 15 21 
12 14 15 21 
5 8 9 14 28 
3 9 11 12 21 
2 3 9 11 12 
6 10 14 17 24 25 30 
6 8 12 18 21 
1 4 7 10 13 
2 16 18 27 31 
0 16 21 
0 3 6 8 12 14 
2 3 9 11 12 
3 9 11 12 21 27 
10 14 15 24 30 
1 4 7 10 13 
2 4 21 
2 3 9 11 12 
0 3 6 8 12 14 
6 8 12 16 18 31 
0 3 6 8 12 14 
1 4 7 10 13 
1 4 7 10 
1 4 7 10 
0 3 6 8 12 14 
1 4 7 10 
1 4 7 10 
2 3 9 11 12 
5 
0 3 6 8 12 14 
1 4 7 10 
12 14 15 21 
0 3 6 8 12 14 
0 16 21 
2 7 10 15 19 
1 4 7 10 13 
2 3 5 9 11 
2 4 21 
6 8 12 16 24 31 
1 4 7 10 13 
1 4 7 10 13 
12 15 21 
4 11 21 
4 11 21 
0 3 18 19 
1 3 5 7 
2 3 9 15 
1 4 7 10 13 
3 9 14 16 19 
0 16 21 
1 4 7 10 13 
12 15 21 
1 3 14 16 
1 4 7 10 13 
12 14 15 21 
12 15 21 27 
1 4 7 10 13 
3 6 8 16 22 31 
1 4 7 10 13 
2 5 6 12 15 
0 2 3 6 14 15 
12 14 15 21 
1 4 7 10 
1 4 7 10 13 
1 4 7 10 13 
2 3 9 11 21 
6 8 12 18 21 
0 14 18 19 
2 3 9 11 12 
12 14 15 21 
1 4 7 10 
0 16 21 
2 3 9 15 
0 9 11 14 16 25 27 30 31 
2 9 15 18 
12 14 15 21 
1 4 7 10 13 
0 2 3 6 15 
2 9 11 18 21 
2 3 5 16 31 
0 14 15 18 
11 12 15 21 
0 3 6 8 12 14 
12 14 15 21 
12 14 15 21 
12 14 15 21 
0 3 6 8 12 14 
1 4 7 10 13 
2 3 9 11 12 
0 2 3 6 14 15 
12 14 15 21 
2 7 9 15 
7 10 14 15 21 
1 4 7 10 13 
2 3 9 11 12 
12 14 15 21 
2 3 7 9 15 
1 4 7 10 13 
1 4 7 10 13 
12 14 15 21 
1 4 7 10 13 
1 4 7 10 13 
2 4 21 
5 8 9 16 18 31 
5 6 14 16 19 
12 14 15 18 21 
2 3 9 11 12 
1 4 7 10 13 
6 8 12 16 24 31 
2 3 5 16 31 
2 3 7 9 15 
1 4 7 10 13 
2 7 9 15 
1 4 7 10 13 
1 4 7 10 13 
0 3 9 14 15 
1 4 7 10 13 
12 15 21 
2 3 9 11 12 
12 15 18 21 
2 3 9 11 12 
8 12 15 21 
12 14 15 21 
2 7 9 15 
1 3 5 7 
2 3 7 9 15 
2 4 21 
1 4 7 10 13 
0 16 21 
1 4 7 10 13 
12 15 19 21 
1 4 7 10 13 
12 15 21 
5 6 16 19 
12 14 15 21 
2 3 9 11 12 
0 3 6 8 12 14 
1 4 7 10 13 
1 4 7 10 13 
1 4 7 10 13 
6 8 12 16 22 31 
1 3 5 7 
1 4 7 10 13 
6 11 21 25 
1 4 7 10 13 
0 3 6 8 12 14 
0 3 6 8 12 14 
2 3 9 11 12 
1 4 7 10 13 
3 15 18 19 
2 7 9 15 
4 11 21 
12 15 19 21 
0 3 14 15 18 
1 4 7 10 13 
1 4 7 10 13 
1 4 7 10 
2 3 9 15 
0 3 6 8 12 14 
0 3 6 8 12 14 
0 3 6 8 12 14 
3 6 9 14 16 
0 3 6 8 12 14 
3 9 11 12 21 27 
5 11 13 19 
2 3 9 11 12 
12 15 21 
2 16 18 27 31 
3 5 7 16 31 
9 12 19 
12 14 15 21 
5 11 13 19 21 
2 3 9 11 21 
12 14 15 21 
3 6 15 19 
0 5 6 8 21 
2 3 9 11 12 
2 9 12 15 
1 4 7 10 13 
1 4 7 10 13 
2 7 10 15 19 
1 4 7 10 13 
2 4 11 21 
0 3 5 14 18 
0 2 7 10 15 
2 9 15 28 
1 4 7 10 13 
1 4 7 10 13 
2 5 6 8 9 15 
1 4 7 10 13 
2 9 15 18 
1 4 7 10 
12 14 15 21 
12 14 15 21 
6 8 9 12 16 31 
4 11 21 
0 3 6 8 12 14 
0 14 18 19 
12 14 15 21 
1 4 7 10 13 
2 3 9 11 12 
0 3 6 8 12 14 
2 3 5 18 21 
3 9 14 16 
2 7 9 12 15 
4 11 21 
2 3 9 15 18 
5 11 13 19 21 
2 3 9 11 12 
1 4 7 10 13 
0 3 18 19 
12 14 15 21 
2 16 18 27 31 
12 14 15 21 
1 3 5 7 
0 2 3 9 11 
12 14 15 21 
1 4 7 10 13 
2 3 9 15 
2 3 9 11 12 
0 3 6 8 12 14 
1 4 7 10 13 
1 3 5 7 
5 14 21 
0 6 15 16 
0 3 9 14 15 
0 16 21 
2 3 9 11 21 
1 4 7 10 13 
1 4 7 10 
0 3 6 8 12 14 
5 6 8 14 
10 12 14 16 24 30 
0 3 18 19 
5 14 21 
2 7 9 15 
0 8 9 11 14 16 25 30 31 
0 11 14 15 
12 15 21 
1 4 7 10 13 
0 14 18 19 
3 6 9 14 16 19 
3 5 13 19 
0 3 6 8 12 14 
1 4 7 10 13 
12 15 21 
0 3 18 19 
0 7 10 14 15 
2 12 16 18 31 
0 16 21 
1 4 7 10 13 
1 4 7 10 
5 6 8 12 
3 9 11 12 21 
2 7 9 11 15 
1 4 7 10 13 
0 2 3 6 9 14 
0 3 6 8 12 14 
3 5 7 16 31 
2 3 9 11 12 
5 8 9 11 12 15 
2 5 6 8 9 15 
12 14 15 21 
12 15 21 
0 2 3 6 14 15 
2 3 15 19 
12 15 21 
2 3 9 11 12 
2 3 9 11 12 
0 11 18 19 
1 4 7 10 13 
1 4 7 10 13 
2 7 10 15 19 
2 6 9 15 19 22 
0 3 14 18 21 
12 14 15 21 
1 4 7 10 13 
2 5 6 12 15 
6 15 19 
8 9 11 14 16 
1 4 7 10 13 
2 3 9 11 12 
0 3 6 8 12 14 
2 7 9 15 
1 4 7 10 
3 9 11 12 21 
0 2 3 9 18 
8 12 15 21 
0 3 14 15 18 
2 7 9 15 18 
2 3 11 21 
5 14 21 
6 8 9 12 16 31 
2 9 11 21 
1 11 15 22 25 30 
0 14 18 
2 3 15 19 
2 7 9 15 
0 11 18 19 
12 15 21 
12 15 21 
0 3 18 19 
2 3 9 11 12 
0 16 21 
2 3 9 11 12 
1 4 7 10 13 
0 2 7 10 15 
2 3 9 11 19 
0 3 15 19 
1 4 7 10 
0 9 18 19 
0 3 6 8 12 14 
12 15 21 
0 2 3 6 9 14 
0 3 6 8 12 14 
1 3 5 7 
1 4 7 10 13 
12 14 15 21 
12 14 15 21 
2 3 15 19 
0 3 8 11 22 28 
3 14 18 
2 9 11 21 
2 7 9 15 
1 4 7 10 13 
2 3 9 11 12 
1 4 7 10 13 
5 11 13 19 
12 14 15 21 
1 4 7 10 13 
1 4 7 10 13 
1 4 7 10 13 
2 3 9 11 12 
2 5 6 15 19 22 
2 7 9 15 18 
12 15 21 
0 2 3 6 14 15 
2 3 9 11 12 
0 14 18 19 
2 9 15 18 
3 5 19 21 
2 9 11 21 
0 3 18 19 
0 2 3 6 9 14 
0 2 7 10 15 
4 11 21 27 
8 15 18 19 31 
0 3 6 8 12 14 
2 3 9 11 12 
3 5 13 19 
0 14 18 
1 4 7 10 13 
0 11 14 18 
3 9 11 12 21 
2 3 9 11 12 
2 3 9 11 12 
1 3 5 15 16 31 
1 4 7 10 13 
3 16 19 
1 4 7 10 13 
0 11 14 18 
2 7 9 11 15 
2 3 9 11 12 
12 15 21 
3 5 14 21 
2 3 9 11 19 
2 5 6 12 15 
2 6 9 11 21 
1 3 5 15 16 31 
9 11 16 18 21 
2 3 9 11 15 
3 5 7 16 31 
3 5 13 19 
1 4 7 10 13 
2 7 10 15 19 
2 6 16 21 
2 3 9 11 21 
0 3 6 8 12 14 
0 2 7 10 15 
3 9 11 12 21 27 
0 3 14 18 
2 3 5 18 21 
2 7 9 15 
12 15 21 
5 14 16 21 
2 7 9 15 18 
5 6 9 14 16 
12 15 21 
1 4 7 10 13 
4 11 21 
3 16 18 27 31 
2 7 9 15 18 
2 9 15 18 
0 8 9 11 14 16 25 30 31 
1 4 7 10 
1 4 7 10 
0 9 14 18 
0 12 14 15 21 
5 14 21 
0 9 18 19 
2 6 9 15 19 22 
1 3 5 7 
2 3 5 9 11 
3 6 9 14 16 
14 15 18 
1 4 
1 4 
2 15 16 18 31 
1 3 5 7 
2 3 9 15 18 
0 14 18 19 
12 15 21 
12 14 15 21 
2 3 9 11 12 
2 3 9 11 12 
5 14 21 
0 7 10 14 15 
2 9 11 21 
2 3 9 11 12 
1 4 7 10 13 
2 3 9 11 12 
2 3 9 11 12 
1 4 7 10 13 
2 9 11 18 21 
1 4 7 10 13 
2 7 9 15 
0 9 14 18 
0 3 18 19 
2 7 10 15 19 
2 7 9 11 15 
5 19 
0 14 18 
1 4 7 10 13 
0 3 14 
3 6 9 14 25 
3 6 14 15 18 
0 2 6 9 16 
1 4 7 10 13 
1 4 7 10 13 
1 4 7 10 13 
0 3 6 8 12 14 
1 4 7 10 13 
5 14 16 21 
2 7 10 15 19 
2 3 9 11 12 
2 4 21 
2 3 7 9 15 
2 5 6 12 15 
2 3 9 11 12 
5 14 21 
0 3 6 8 12 14 
1 4 7 10 13 
12 14 15 21 
1 4 7 10 13 
2 4 
2 4 
2 4 
2 4 
2 4 
2 4 
2 4 
2 4 
2 4 
2 4 
2 4 
2 4 
2 4 
2 4 
2 4 
1 7 
1 7 
1 7 
1 7 
1 7 
2 4 
1 7 
2 4 
2 4 
2 4 
2 4 
0 5 9 12 
1 4 7 10 
5 6 9 10 saa10 9 D94001126714 24 30 
1 4 7 10 
0 6 17 22 25 
1 5 9 11 12 15 
2 3 5 18 21 
2 5 9 14 18 30 31 
1 4 7 10 
3 9 12 19 
3 9 12 19 
5 10 14 16 19 24 27 30 
2 3 5 18 21 
5 9 12 19 
1 4 7 10 
3 5 12 19 
9 12 19 
0 5 9 11 14 16 25 30 31 
0 8 9 11 14 16 25 30 31 
2 3 12 18 31 
0 5 8 9 14 16 25 30 31 
4 6 11 21 
3 9 12 19 
1 4 7 10 
5 10 14 19 24 30 
8 9 12 19 
9 12 19 
5 9 12 19 
2 3 18 24 
5 12 19 27 
2 3 5 18 21 
0 9 14 16 24 25 30 31 
1 3 9 11 15 25 
2 3 18 24 
1 5 9 11 12 15 
2 3 5 18 21 
2 3 18 
4 11 21 25 
1 4 7 10 
0 3 17 22 25 
0 5 9 11 14 16 25 30 31 
1 4 7 10 
8 18 25 30 31 
0 6 17 22 25 
2 3 18 24 
0 2 3 18 21 
0 5 9 14 16 25 30 31 
0 5 8 9 14 16 25 30 31 
3 9 12 19 
0 14 17 22 25 30 
0 2 3 18 
6 10 14 24 27 30 
3 9 12 19 
2 3 18 22 
0 4 17 22 25 
3 9 12 19 
2 3 18 
2 3 18 22 
2 3 5 18 21 
2 3 5 12 18 
5 9 12 
2 3 5 18 21 
2 3 5 18 21 
1 5 9 11 12 15 
1 3 9 11 15 25 
2 3 5 9 14 18 30 31 
5 9 12 19 
1 4 7 10 
6 21 22 
3 9 12 19 
0 2 3 18 21 
1 4 7 10 
9 12 19 
3 10 14 19 24 30 
0 5 9 12 
1 4 7 10 
1 5 9 11 12 15 
2 3 5 9 14 18 30 31 
1 5 9 11 12 15 
1 4 7 10 
3 5 9 12 19 
5 10 14 21 24 30 
0 6 10 14 24 30 
5 8 12 19 
1 4 7 10 
0 5 9 14 16 25 27 30 31 
2 3 5 8 9 18 
1 4 7 10 
2 3 5 18 21 
3 5 12 19 
0 9 11 14 16 25 27 30 31 
0 9 11 14 16 25 27 30 31 
2 3 5 18 21 
0 9 14 16 25 27 28 30 31 
1 3 9 11 15 25 
1 4 9 11 12 14 15 
0 8 9 11 14 16 25 30 31 
1 4 7 10 
0 14 17 22 25 30 
1 4 7 10 
0 2 3 18 
2 3 18 
2 3 5 18 21 
0 9 11 14 15 25 30 31 
2 3 18 
1 4 7 10 
3 9 12 19 
1 3 9 11 15 25 
2 3 18 22 
1 6 11 15 22 25 
1 3 9 11 12 15 
0 2 3 18 
0 2 3 18 
2 3 5 12 18 
1 4 7 10 
1 11 15 22 25 30 
2 3 5 18 21 
21 22 30 
0 17 22 25 
0 5 9 11 14 16 25 30 31 
2 3 5 6 18 
0 9 11 14 15 25 30 31 
2 3 18 30 
1 4 9 11 14 15 25 
1 4 7 10 
3 9 12 19 
2 3 5 18 21 
1 5 9 11 12 15 
0 14 17 22 25 30 
0 9 14 16 25 27 30 31 
2 3 5 18 21 
0 14 17 22 25 30 
0 14 17 22 25 30 
5 9 12 19 
2 3 5 18 27 
3 9 12 19 
2 3 18 
1 3 9 11 15 25 
1 5 9 11 12 15 
1 5 9 11 12 15 
0 9 12 
8 9 12 19 
6 9 12 19 
2 5 9 14 18 30 31 
2 3 5 6 18 
5 8 11 21 
11 21 25 28 
5 8 11 21 
3 9 12 19 
9 12 19 
1 4 9 11 14 15 25 
0 9 14 16 19 25 30 31 
1 4 7 10 
1 5 9 11 12 15 
1 4 7 10 
2 3 5 8 18 
0 2 17 22 25 
2 3 5 9 14 18 30 31 
0 2 9 14 16 25 30 31 
3 5 10 14 19 24 30 
2 3 18 24 
2 3 18 
2 3 5 18 21 
5 8 15 25 31 
2 3 7 18 22 
2 3 18 
1 11 15 22 25 30 
1 11 15 22 25 30 
0 2 9 14 16 25 30 31 
2 4 11 21 
5 9 12 19 
0 5 9 14 16 25 27 30 31 
2 3 5 18 21 
2 3 5 18 21 
1 3 9 11 15 25 
0 5 9 11 14 16 25 30 31 
2 3 5 9 14 18 30 31 
0 5 9 12 
5 9 12 19 
0 14 17 22 25 30 
0 17 19 22 25 
0 9 14 16 25 27 30 31 
1 5 9 11 12 15 
2 3 5 18 21 
0 5 9 12 
2 3 5 18 21 
1 3 9 11 15 25 
2 3 18 
0 5 9 11 14 16 25 30 31 
2 3 5 9 14 18 30 31 
0 9 14 16 19 25 30 31 
2 3 18 24 
0 5 17 22 25 
5 9 12 19 
0 9 12 19 
0 9 14 16 25 30 31 
0 2 3 15 18 
0 9 14 16 25 30 31 
2 3 18 22 31 
0 17 22 25 
3 5 9 19 
2 3 18 24 
0 8 9 14 16 25 27 30 31 
2 3 18 22 
1 4 7 10 
8 9 12 19 
2 3 5 6 18 
0 14 17 22 25 30 
0 5 9 14 16 25 27 30 31 
1 4 7 10 
0 8 21 31 
1 4 7 10 
0 9 14 16 24 25 30 31 
0 9 11 14 16 25 27 30 31 
0 2 9 14 16 25 30 31 
0 5 9 11 14 16 25 30 31 
0 9 17 22 25 
1 4 7 10 
2 11 21 28 
5 9 11 12 15 
1 4 7 10 
0 9 17 22 25 
0 3 17 22 25 
0 9 12 14 16 25 30 31 
0 5 9 14 16 25 30 31 
0 9 12 17 22 
1 3 9 11 15 25 
0 9 12 14 16 25 30 31 
2 3 11 12 18 
0 9 11 14 15 25 30 31 
0 17 22 25 
3 10 14 19 24 30 
5 9 12 19 
4 11 21 25 
2 3 18 
0 2 3 11 18 31 
0 2 3 15 18 
2 3 12 18 31 
2 3 18 
0 9 14 16 25 27 30 31 
2 3 5 18 21 
2 3 5 9 14 18 30 31 
0 8 9 11 14 16 25 30 31 
1 4 7 10 
0 9 14 16 25 30 31 
0 17 22 24 
0 8 9 11 14 16 25 30 31 
2 3 5 18 21 
2 3 5 18 21 
2 3 5 15 18 27 
2 3 5 18 21 
5 9 12 19 
2 3 5 9 14 18 30 31 
2 3 10 14 24 30 
0 12 15 16 17 saa17 16 D94001991922 
0 9 14 16 24 25 27 30 31 
0 4 17 22 25 
6 10 14 19 24 30 
1 4 7 10 
2 10 14 19 24 30 
0 9 14 16 19 25 30 31 
5 9 12 19 
0 9 11 14 15 25 30 31 
3 5 9 12 
5 8 12 19 
3 6 10 14 18 24 27 30 
0 14 17 22 25 30 
2 4 11 21 
0 5 9 11 14 16 25 30 31 
0 2 3 18 
0 8 9 11 14 16 25 30 31 
2 3 18 
2 3 8 9 11 14 18 
2 3 5 14 18 21 
0 5 9 14 16 30 31 
0 10 17 22 24 25 
0 17 19 22 25 
0 12 19 
0 9 11 14 15 25 30 31 
0 9 17 22 25 
2 3 18 24 
0 5 9 11 14 16 25 30 31 
1 3 9 11 15 25 
0 3 12 17 22 
2 3 5 18 21 
2 3 18 22 
8 15 18 25 31 
0 9 11 14 15 25 30 31 
0 5 9 12 
3 9 12 
9 12 19 27 
3 5 9 12 19 
0 8 31 
1 9 11 12 15 
0 4 17 22 25 
10 14 24 30 
0 9 11 14 16 25 27 30 31 
8 9 12 19 
1 4 7 10 
3 9 12 19 
2 3 18 
0 5 9 12 
1 3 9 11 15 25 
1 4 7 10 
2 3 11 21 
0 8 9 11 14 16 25 30 31 
3 9 12 19 
1 5 9 11 12 15 
3 5 10 14 22 24 30 
1 3 9 11 15 25 
0 5 8 9 14 16 25 30 31 
2 3 18 
0 12 19 
2 3 9 11 14 18 31 
1 3 9 11 15 25 
2 3 18 24 
3 10 14 19 24 30 
2 3 18 
4 11 21 25 
1 4 7 10 
1 4 7 10 
1 3 9 11 15 25 
0 2 3 18 22 
0 17 22 25 
1 4 7 10 
5 9 12 19 
0 14 17 22 25 30 
0 5 8 9 14 16 25 30 31 
3 9 12 19 
2 3 10 14 21 24 30 
0 12 19 
0 8 9 11 14 16 25 30 31 
1 4 7 10 
3 5 10 14 19 24 30 
1 4 7 10 
0 17 19 22 25 
0 9 12 14 16 25 30 31 
0 9 12 17 22 
1 5 9 11 12 15 
6 11 19 21 
3 10 14 16 24 30 
2 5 9 14 18 30 31 
7 9 11 12 14 25 30 31 
4 11 21 25 
0 9 11 14 15 25 30 31 
2 3 18 22 
4 11 21 25 
0 17 22 25 
0 14 17 22 25 30 
3 9 12 19 
0 10 12 17 22 
2 6 11 21 
6 10 14 24 25 30 
0 12 17 22 
9 12 19 
0 17 22 25 
0 12 17 22 
3 9 12 
0 17 22 25 
8 15 18 31 
1 4 7 10 
0 2 3 15 18 
1 5 9 11 12 15 
8 19 27 31 
2 3 18 
0 9 14 16 18 25 30 31 
4 11 21 25 
1 4 7 10 
2 4 11 21 
2 3 9 15 18 21 
1 5 9 11 12 15 
1 3 9 11 15 19 
5 9 12 27 
1 4 7 10 
8 13 18 31 
1 4 9 11 14 15 25 
1 5 9 11 12 15 
2 3 18 19 31 
1 5 9 11 12 15 
0 17 19 22 25 
2 3 18 
6 11 21 28 
0 8 9 11 14 16 25 30 31 
0 5 8 9 14 16 25 30 31 
0 5 9 11 14 16 25 30 31 
8 28 31 
2 3 18 
1 4 7 10 
5 9 12 27 
0 9 11 14 15 25 30 31 
0 14 17 22 25 30 
15 22 30 
0 14 17 22 25 30 
0 9 12 19 
1 4 7 10 
1 4 7 10 
0 8 9 11 14 16 25 30 31 
5 9 12 19 
1 4 7 10 
0 17 22 25 
9 12 19 
11 21 25 28 
0 3 17 22 25 
0 3 9 12 
1 3 9 11 12 15 
5 9 12 27 
0 17 22 25 
2 3 5 9 14 18 30 31 
0 9 14 16 25 28 30 31 
0 14 17 22 25 30 
2 15 22 
1 4 7 10 
3 10 14 19 24 30 
1 3 9 11 12 15 
4 8 31 
2 4 11 21 
0 17 22 25 
0 2 3 10 18 24 30 
0 17 22 25 
2 3 5 18 21 
1 4 7 10 
0 9 11 14 16 25 27 30 31 
1 4 7 10 
0 5 8 9 14 16 25 30 31 
1 5 9 11 12 15 
2 3 5 18 21 
1 11 15 18 22 25 27 
5 9 12 19 
0 4 17 22 25 
0 8 9 14 16 25 27 30 31 
0 9 14 16 18 25 30 31 
1 3 9 11 15 25 
1 11 15 22 25 30 
0 14 17 22 25 30 
8 21 22 31 
1 3 9 11 15 25 
1 5 9 11 12 15 
5 9 12 19 
2 3 18 24 
0 6 17 22 25 
5 9 12 19 
1 4 7 10 
2 3 18 24 
2 3 18 24 
9 12 19 30 
3 12 19 27 
0 9 11 14 16 25 27 30 31 
0 11 17 22 25 31 
2 3 18 24 
0 5 8 9 14 16 25 30 31 
6 10 14 17 24 25 30 
1 4 7 10 
0 5 17 22 25 
6 10 14 24 25 30 31 
1 4 7 10 
0 9 14 16 21 25 30 31 
5 10 14 24 25 27 30 
0 17 22 25 28 
1 5 9 11 12 15 
3 9 12 19 
6 10 14 19 24 30 
2 3 18 
0 9 17 22 25 
1 4 7 10 
0 5 9 14 16 25 27 30 31 
1 3 9 11 15 25 
1 4 7 10 
2 3 18 22 24 30 
0 17 22 25 
0 8 9 14 16 25 27 30 31 
2 4 11 21 
0 9 12 
3 9 12 
1 4 7 10 
1 5 9 11 12 15 
1 4 7 10 
1 11 15 22 25 30 
9 12 19 
2 3 18 24 
1 4 7 10 
1 3 9 11 15 25 
0 9 14 16 19 25 30 31 
0 9 11 14 15 25 30 31 
2 3 11 18 31 
2 3 9 14 18 30 31 
3 9 12 19 
3 5 9 12 
0 9 11 14 15 25 30 31 
1 4 7 10 
2 3 5 18 21 
0 5 9 14 16 25 30 31 
2 5 9 14 18 30 31 
0 9 11 14 15 25 30 31 
0 5 8 9 14 16 25 30 31 
1 4 7 10 
2 3 5 18 21 
0 17 22 25 
3 10 14 19 24 30 
0 3 17 22 25 
8 12 19 27 
0 5 9 12 
9 12 19 
0 8 9 11 14 16 25 30 31 
0 5 8 9 14 16 25 30 31 
5 9 12 19 
0 5 8 9 14 16 25 30 31 
1 4 9 11 14 15 25 
4 6 11 21 
0 9 19 
2 3 6 9 11 18 
0 3 17 22 25 
5 8 9 31 
0 14 17 22 25 30 
1 5 9 11 12 15 
1 3 11 21 
0 9 14 16 25 30 31 
0 9 14 16 25 30 31 
5 9 12 19 
1 5 9 11 12 15 
2 3 18 22 
2 3 18 24 
0 9 19 27 
3 10 14 19 24 30 
0 2 3 5 18 
2 3 5 18 21 
2 3 18 22 
0 14 17 22 25 30 
0 4 17 22 25 
1 5 9 11 12 15 27 
0 8 9 11 14 16 25 30 31 
1 4 7 10 
1 4 7 10 
1 4 7 10 
0 14 17 22 25 30 
0 2 3 18 21 
0 11 17 22 25 30 
0 8 9 11 14 16 25 30 31 
0 3 12 17 22 
2 4 11 21 
3 9 12 19 
1 4 7 10 
5 10 14 19 24 30 
2 3 15 18 21 
5 6 11 21 
0 9 11 14 15 25 30 31 
0 17 22 25 
5 9 12 19 
0 17 22 25 
2 3 9 14 18 21 
2 6 10 14 24 25 30 
0 5 8 9 14 16 25 30 31 
0 5 8 9 14 16 25 30 31 
2 3 5 18 21 
0 17 22 25 
2 4 11 21 
0 5 9 12 
0 9 11 14 15 25 30 31 
2 15 22 
2 3 5 18 21 
3 9 12 
0 5 17 22 25 
2 3 18 22 
0 2 3 10 18 24 30 
0 3 5 10 14 24 30 
2 3 5 9 14 18 30 31 
0 2 3 10 18 24 30 
0 5 10 14 24 25 27 30 
2 3 18 24 
2 4 11 21 
1 4 7 10 
0 9 14 17 22 25 
1 4 7 10 
8 9 12 19 
2 4 11 21 
0 9 12 17 22 
0 5 9 14 16 25 27 30 31 
0 17 22 25 
2 3 18 
0 5 9 12 
1 5 9 11 12 15 
1 4 7 10 
1 4 7 10 
2 3 18 22 
1 4 7 10 
1 5 9 11 12 15 
0 5 9 11 14 16 25 30 31 
3 10 14 19 24 30 
5 8 11 21 
11 21 22 28 
0 2 3 10 18 24 30 
2 3 5 18 21 
1 4 7 10 
0 9 17 22 25 
1 4 7 10 
1 4 7 10 
0 5 17 22 25 
0 3 17 22 25 
0 9 12 19 
11 18 21 25 
2 3 18 
1 5 9 11 12 15 
0 5 9 14 16 25 30 31 
1 5 9 11 12 15 
0 5 9 12 
0 4 17 22 25 
2 3 5 18 21 
0 9 11 17 22 25 
0 9 12 17 22 
0 9 11 14 15 25 30 31 
15 21 22 31 
2 3 18 19 21 
2 3 18 24 
5 8 11 21 
7 9 11 14 22 25 30 31 
1 11 15 22 25 28 
1 5 9 11 12 15 
3 8 12 19 
2 3 18 
3 5 6 10 14 24 30 
0 17 22 25 
1 3 9 11 15 25 
0 8 9 11 14 16 25 30 31 
0 5 9 11 14 16 25 30 31 
3 10 14 19 24 30 
0 17 21 22 25 
1 3 9 11 15 25 
1 4 7 10 
2 3 11 12 18 
1 4 7 10 
0 9 12 
0 17 22 25 
5 11 21 22 
1 5 9 11 15 19 
0 9 11 14 15 25 30 31 
0 8 9 11 14 16 25 30 31 
0 9 11 14 15 25 30 31 
0 4 17 22 25 
3 9 12 19 
5 10 14 21 24 30 
8 9 12 19 
6 11 15 21 27 
5 8 11 21 
1 4 7 10 
1 4 7 10 
5 10 14 21 24 30 
5 9 12 19 
0 9 11 14 16 25 27 30 31 
1 5 9 11 15 19 
3 9 12 19 
3 9 12 
2 3 9 14 18 30 31 
8 9 12 19 
8 9 12 19 
0 2 3 5 18 
5 9 12 19 
0 17 19 22 25 
0 4 17 22 25 
1 4 7 10 
3 10 14 19 24 30 
9 12 19 
0 5 9 14 16 25 27 30 31 
3 5 9 12 
2 3 18 22 31 
0 17 22 25 27 
2 3 18 24 
2 4 11 21 
2 4 11 21 
3 9 12 19 
0 9 11 14 16 25 27 30 31 
1 3 9 11 15 25 
1 4 7 10 
2 9 11 21 
2 4 11 21 
3 10 12 14 24 30 
1 4 9 11 12 14 15 
1 3 9 11 12 15 
0 10 12 17 22 
0 3 12 17 22 
8 9 12 19 
2 4 11 21 
1 4 7 10 
1 4 7 10 
2 3 18 24 
0 14 17 22 25 30 
5 10 14 19 24 30 
0 10 12 17 22 
2 3 18 
5 6 10 12 14 24 30 
0 9 12 14 17 22 
3 12 18 19 27 
0 5 8 31 
1 4 7 10 
6 10 14 21 24 30 
1 3 9 11 15 25 
1 4 9 11 12 14 15 
5 9 12 19 
0 8 9 11 14 16 25 30 31 
1 5 9 11 12 15 
1 4 7 10 
1 4 7 10 
1 4 7 10 
0 2 3 18 
1 3 9 11 12 15 
6 10 14 24 25 30 
3 10 14 19 24 30 
5 9 12 
2 3 18 22 
6 9 12 19 
2 3 18 19 22 
1 4 7 10 
1 4 7 10 
1 4 7 10 
1 11 15 22 25 28 
1 4 7 10 
3 5 12 19 
0 5 8 9 14 16 25 30 31 
0 9 11 14 15 25 30 31 
0 12 15 17 18 saa18 17 D94003470522 
5 9 12 19 
1 4 9 11 12 15 
5 9 12 19 
2 4 11 21 
1 5 9 11 12 15 
3 6 9 12 19 
0 4 17 22 25 
12 19 27 
9 12 19 
0 10 12 17 22 
8 9 12 19 
0 3 17 22 25 
2 15 22 
5 9 12 19 
9 12 19 
0 9 14 16 19 25 30 31 
0 5 9 14 16 25 27 30 31 
6 11 21 28 
1 11 15 21 22 25 
0 6 12 17 22 
5 8 12 19 
3 8 12 19 
1 4 7 10 
1 4 7 10 
1 4 7 10 
0 5 9 14 16 25 30 31 
0 9 14 16 19 25 30 31 
0 17 22 25 
2 4 11 21 
2 5 6 10 14 24 30 
2 4 11 21 
4 11 21 25 
1 4 7 10 
0 16 17 saa17 16 D94003647722 25 
1 3 11 21 
0 6 17 22 25 
5 12 16 19 
1 9 11 12 15 19 
2 6 11 19 
3 7 12 19 
8 9 12 19 
0 9 12 17 22 
9 12 19 
1 4 7 10 
3 5 9 19 
3 5 9 19 
1 4 7 10 
1 3 9 11 15 25 
2 3 18 24 
0 5 8 9 14 16 25 30 31 
3 10 14 19 24 30 
5 10 14 21 24 30 
1 4 7 10 
2 3 18 
5 9 12 19 
1 4 7 10 
0 17 22 
9 12 19 
5 9 12 19 
9 12 19 
0 12 19 
1 4 7 10 
0 17 22 25 27 
0 12 19 27 
11 21 22 
2 6 9 11 21 
0 9 11 14 16 25 27 30 31 
1 4 7 10 
9 12 19 
1 11 15 22 25 30 
1 4 7 10 
1 4 7 10 
8 15 31 
3 10 14 24 30 
0 5 8 9 14 16 25 30 31 
0 5 9 14 16 25 30 31 
2 3 18 
2 4 
1 4 7 10 
1 4 7 10 
3 5 18 
3 5 
3 5 
3 5 18 
3 5 
3 5 
2 3 5 
3 5 
3 5 
3 5 18 
2 3 5 18 
3 5 
5 18 
3 5 18 
5 
3 5 18 
2 3 5 18 
3 5 18 
3 5 
5 8 31 
5 
3 5 13 
0 17 22 25 
3 5 18 
2 3 9 11 12 
0 3 6 8 12 14 
2 3 5 
2 3 9 11 12 
2 3 7 11 15 
1 4 18 
1 4 
1 4 
2 3 9 15 18 
2 3 7 11 15 
2 6 11 16 21 
2 12 15 18 21 
2 4 7 15 
2 3 5 
2 3 5 6 8 9 
3 9 11 16 
6 9 
1 3 12 
3 5 18 
5 
2 12 15 18 21 
2 3 5 
3 5 8 13 
3 5 
3 5 
3 5 
3 18 
3 5 
3 
3 5 
3 5 18 
3 5 18 
3 5 
3 5 
3 5 18 
2 3 5 
3 5 
2 5 18 
5 18 
3 5 18 
8 9 15 24 25 28 
9 15 16 
12 14 15 16 19 
5 
3 5 
3 5 18 
5 
0 2 4 15 
2 5 18 
2 3 5 18 
3 6 9 14 16 19 
6 11 21 25 
2 3 5 19 
21 22 
0 9 17 22 25 
1 4 7 10 
7 9 14 22 25 27 30 31 
1 4 7 10 
0 5 9 11 14 16 25 30 31 
7 9 14 22 25 30 31 
5 21 22 
5 8 18 27 31 
0 8 9 11 14 16 25 30 31 
1 4 7 10 
0 9 14 16 25 27 30 31 
1 4 9 11 14 15 
5 14 16 21 
3 7 13 
3 5 18 
2 3 5 18 21 
2 3 18 22 
5 8 12 19 
5 9 
1 4 7 10 
1 4 7 10 
6 10 14 17 19 24 30 
2 6 11 21 
4 8 31 
1 3 9 11 15 25 
2 3 18 22 
5 11 12 15 19 
6 10 14 24 30 
1 3 9 11 12 15 
3 9 12 19 
0 2 3 10 18 24 30 
3 10 14 19 24 30 
5 10 14 21 24 30 
8 19 28 31 
0 6 10 14 24 25 30 
1 4 7 10 
2 3 18 
1 4 7 10 
0 2 11 21 
1 4 7 10 
1 4 7 10 
0 5 9 12 
0 12 14 15 17 22 
5 9 12 19 
0 2 3 18 22 
0 17 22 25 28 
5 9 12 19 
0 9 14 16 19 25 30 31 
1 3 9 11 15 25 
1 4 7 10 
0 8 9 11 14 16 25 30 31 
1 11 15 22 25 28 
1 3 11 15 22 25 
3 10 14 19 24 30 
3 5 9 19 
0 4 17 22 25 
9 12 15 19 27 
8 9 12 19 
0 3 17 22 25 
9 12 19 
5 9 16 
0 2 3 11 22 
2 12 14 
4 8 12 21 24 
0 2 4 6 10 
2 3 8 9 14 
2 4 7 12 14 
8 11 15 16 18 21 
3 15 
2 3 9 15 18 
8 9 12 14 15 19 
6 16 22 25 
8 11 15 
5 9 14 16 19 22 
1 8 12 21 22 
2 4 7 14 21 
4 15 16 19 22 
0 3 11 15 
2 4 7 14 16 
6 8 15 16 18 
4 9 16 19 22 
0 2 4 6 10 
6 8 15 16 19 
4 12 18 21 24 
4 8 11 18 19 22 
0 8 11 16 18 
6 8 11 18 21 
2 10 12 14 15 
2 4 7 14 16 
2 4 7 21 24 
1 4 8 11 15 16 18 
2 4 7 12 16 
4 8 9 19 22 
2 4 7 14 21 
5 11 18 21 22 
11 15 16 21 
4 8 11 14 18 22 
4 12 21 24 
3 11 12 18 21 
0 4 11 14 15 19 
14 15 16 18 22 
2 4 7 12 16 
2 4 7 14 
2 4 7 12 14 
9 15 16 21 22 
2 4 7 12 14 
8 11 12 19 22 
4 12 18 19 21 22 
0 2 4 7 14 
8 11 12 16 19 22 
0 11 18 19 22 
2 4 7 12 16 
4 9 14 15 22 
11 12 14 15 16 19 
2 4 7 14 22 
1 4 9 12 21 
2 3 6 9 14 
4 8 9 14 19 
11 12 14 18 22 
4 8 11 14 18 
0 2 4 7 
2 8 14 19 22 
8 12 14 19 22 
3 9 12 18 21 
2 4 7 14 16 
2 4 7 14 
0 6 15 16 21 
2 4 7 14 16 
2 3 8 12 14 21 
1 5 11 16 
2 4 7 
5 8 10 19 
0 7 9 16 22 
15 16 18 22 25 
8 9 14 19 22 
0 8 11 15 18 
5 15 16 19 
0 3 15 22 
4 11 14 16 18 21 
5 8 9 12 19 22 
8 15 16 18 19 
2 4 7 22 
2 4 7 14 
2 4 7 16 
6 15 18 22 
2 10 12 15 16 
2 4 7 22 
8 9 16 
8 9 12 19 22 
4 8 9 19 22 
8 11 16 18 19 21 
9 11 12 18 21 
8 11 14 15 19 21 
2 10 12 15 19 
3 5 6 9 14 
8 9 12 18 21 
8 11 12 19 22 
2 4 7 16 22 
0 3 11 15 
8 11 16 21 22 
2 4 7 14 
2 4 7 14 21 
5 8 9 15 19 22 
4 8 9 14 19 
3 5 11 15 
4 9 12 18 21 
3 9 14 16 22 24 
5 7 10 14 16 
3 5 11 12 18 
8 9 14 15 22 
0 2 4 7 
3 6 8 9 14 
4 6 11 16 24 
5 8 11 15 16 18 
10 15 16 18 19 
2 4 7 12 16 
0 6 8 11 18 
1 4 12 15 21 
0 8 15 16 25 
3 5 15 22 
0 6 12 15 19 
4 15 16 21 22 
2 4 7 16 22 
2 4 7 22 
8 9 11 16 19 22 
5 8 9 14 16 19 
0 4 8 11 12 14 
8 9 11 14 19 22 
5 9 11 14 19 22 
3 12 18 21 24 
0 5 7 12 24 
0 8 11 16 18 
8 9 19 22 24 
0 6 8 15 16 
5 8 12 21 22 
2 4 7 12 16 
6 11 12 18 19 22 
2 6 10 12 15 
2 3 6 9 14 
2 6 10 15 19 
3 5 6 9 14 
2 10 15 16 19 
5 7 10 12 16 
5 7 10 14 16 
8 9 11 12 16 22 
8 9 15 16 19 22 
5 7 10 14 16 
9 12 18 19 
5 7 10 14 16 
1 5 10 14 
5 7 10 14 16 
8 9 15 16 21 22 
3 10 14 15 
9 15 16 19 21 22 
5 7 10 14 16 
8 9 14 15 19 22 
3 10 12 15 18 21 
6 11 12 16 18 
4 9 12 18 21 
5 7 10 12 16 
8 9 15 16 21 22 
2 6 8 9 22 24 
0 2 10 15 16 
3 5 6 9 14 
0 2 8 9 16 
0 5 10 16 
2 8 14 22 
8 11 16 18 21 
6 10 15 18 19 
11 18 19 21 22 
2 6 10 14 15 
5 8 9 11 14 19 
1 4 8 12 24 
8 9 14 15 19 22 
5 7 10 14 16 
2 6 10 15 16 
8 9 14 19 22 24 
5 7 10 16 
5 7 10 14 16 
6 11 12 18 19 
8 15 19 21 
6 11 16 18 19 
2 5 10 14 15 
14 15 16 19 21 22 
5 7 10 16 
5 7 10 14 16 
3 14 21 
3 5 8 12 
5 10 15 18 19 
9 11 12 16 19 22 
5 6 11 16 18 
5 7 10 16 
5 7 10 14 16 
8 9 15 19 21 22 
5 7 10 14 16 
8 9 12 14 19 22 
0 2 10 14 15 
1 9 12 21 27 
8 11 16 18 21 
0 5 7 10 16 
2 5 7 10 16 
1 4 8 12 21 
5 7 10 12 16 
5 7 10 14 16 
0 2 3 22 
9 11 12 16 18 22 
0 2 6 10 15 
10 14 15 16 
3 6 10 15 18 21 
8 12 15 22 
2 5 10 15 19 
1 8 12 15 27 
5 7 10 14 16 
9 11 14 16 19 22 
8 11 16 18 19 21 
2 5 7 10 16 
5 8 9 14 15 22 
2 10 14 15 19 
8 9 14 15 19 22 
6 10 15 18 19 
3 11 12 18 21 
2 6 10 15 19 
3 11 12 18 21 
3 5 10 24 
12 
3 10 12 15 18 21 
6 11 16 18 21 
9 14 15 19 21 22 
5 7 10 14 16 
6 8 11 18 21 
9 11 15 16 19 22 
8 9 14 15 19 22 
1 10 14 15 
5 7 10 14 16 
5 6 16 
3 8 10 15 
1 4 9 12 24 
6 11 16 18 19 21 22 
3 10 15 
11 12 18 19 22 
8 11 12 18 21 
0 8 15 21 
3 5 6 9 14 
5 7 10 16 
2 6 10 14 15 
11 12 18 19 22 
5 7 10 14 16 
3 10 12 14 15 21 
0 6 10 14 15 16 
3 5 10 
5 8 11 18 
2 3 8 9 14 
2 5 6 10 15 
6 11 12 18 21 
11 12 18 22 
2 3 6 9 14 
6 8 9 
0 2 10 15 19 
0 11 12 18 24 
3 8 10 15 
8 11 12 22 
9 11 12 18 21 
2 6 8 11 12 14 
3 5 10 15 
3 5 10 15 
0 2 3 5 11 12 
5 8 11 18 19 21 
0 2 4 6 10 
9 12 16 18 19 22 
8 9 11 12 14 22 
1 4 12 22 27 
0 3 11 15 
2 6 10 15 16 
5 7 10 14 16 
2 10 15 16 27 
6 11 12 18 19 22 24 
2 6 10 12 15 
8 11 12 16 18 21 
6 10 15 18 19 
3 5 8 9 14 
2 3 8 9 14 
2 3 8 9 14 
3 5 10 15 
5 7 10 16 
5 6 11 18 24 
1 3 8 11 15 
1 4 8 12 24 
2 3 5 9 14 
8 9 14 15 19 22 
5 7 10 14 16 
8 11 14 15 19 22 
8 11 18 19 21 
5 7 10 16 
5 7 10 14 16 
8 9 11 16 21 22 
5 7 10 16 
0 12 16 18 21 
9 11 12 16 18 19 
0 3 15 18 
2 5 7 10 16 
8 9 14 15 21 22 
8 9 11 15 19 22 
8 9 12 15 19 22 
4 9 12 18 21 
9 11 12 22 
2 8 9 14 15 22 
5 6 11 18 19 22 
5 7 10 16 
2 6 10 14 15 
5 7 10 14 16 
8 9 12 15 16 22 
6 10 14 15 19 22 
2 10 14 15 19 
5 8 11 14 
8 14 15 22 
5 10 14 15 16 22 
0 2 3 10 15 21 
2 10 12 14 15 
9 12 18 22 
5 7 10 14 16 
5 8 9 11 14 22 
0 8 11 12 18 19 
3 5 6 9 14 
9 11 14 15 19 22 
0 6 10 14 15 22 
2 10 14 15 19 
0 2 10 14 15 
5 7 10 14 16 
8 11 12 16 18 19 
1 9 12 21 27 
3 6 10 12 15 21 24 
5 7 10 14 16 
5 9 11 14 19 22 
2 11 19 22 
9 12 15 18 19 22 
6 11 12 18 19 21 22 
5 8 9 14 15 22 
0 2 5 6 14 15 
5 15 16 22 
6 10 15 18 19 
2 8 9 16 21 
8 9 12 14 19 22 
0 2 4 6 10 
0 2 8 16 
5 7 10 12 16 
5 7 10 14 16 
3 8 9 14 19 22 
12 
5 7 10 14 16 
1 8 9 12 21 
8 14 15 22 
5 7 10 14 16 
8 9 12 15 18 22 
2 3 5 9 14 
9 15 16 19 21 22 
8 11 16 18 21 
5 9 12 18 21 
6 11 18 19 21 22 
5 7 10 14 16 
0 2 10 14 15 
6 11 12 16 18 19 22 
10 14 15 16 
5 7 10 14 16 
6 8 11 18 21 
1 4 8 12 24 
8 9 12 22 
0 2 5 15 
1 8 9 12 21 
0 6 11 16 18 19 22 
3 5 10 15 
4 8 12 21 24 
0 2 8 9 16 
11 12 16 18 19 
3 5 9 12 18 
0 2 4 6 10 
6 8 11 18 21 
5 7 10 14 16 
3 5 6 9 14 
5 7 10 16 
0 2 6 8 9 15 
3 5 6 10 12 15 21 
8 9 12 15 19 22 
2 3 22 25 
0 3 15 22 
0 2 4 7 11 13 
2 3 9 14 25 
0 2 10 15 19 
1 8 11 15 
0 3 11 15 
3 5 6 9 14 
11 18 
9 12 18 21 27 
2 6 10 15 19 
8 9 14 15 19 22 
0 2 4 7 11 13 
2 9 11 14 16 18 
11 12 18 19 22 
1 12 22 24 
8 12 15 16 19 22 
8 9 11 12 14 22 
6 8 11 12 18 
6 11 18 19 
0 7 11 12 18 
3 6 8 9 15 19 22 
8 9 11 12 14 19 
3 10 12 14 15 21 24 
2 6 10 12 15 
8 11 12 18 21 
5 7 10 16 
5 7 10 14 16 
5 7 10 14 16 
5 6 8 11 18 24 
5 7 10 14 16 
8 9 15 19 22 24 
5 7 10 12 16 
5 8 9 12 19 22 
3 6 8 11 21 
6 11 12 16 18 
2 3 6 9 14 
3 6 10 12 15 21 24 
0 3 11 15 
3 12 15 22 
3 11 12 22 
0 9 11 18 
3 8 15 24 
3 10 12 14 15 16 21 
5 6 10 14 15 22 
6 11 16 18 21 
2 6 10 15 19 
11 12 18 22 24 
8 9 12 14 15 22 
2 3 11 22 
3 6 10 12 15 19 21 
1 4 6 8 12 14 
2 3 5 8 9 12 
5 11 12 16 18 
0 7 11 18 
3 5 11 15 
2 6 10 14 15 
1 3 8 12 27 
1 8 9 12 27 
6 11 12 16 18 19 
0 2 6 10 15 
3 18 19 22 
2 10 14 15 19 
6 10 14 15 19 22 
8 16 19 22 
0 3 5 22 
5 6 8 11 12 18 
4 9 12 18 24 
3 5 6 9 14 
0 11 
3 5 8 12 
8 9 12 22 
2 3 9 14 25 
0 3 11 22 
2 3 5 8 9 12 
3 5 6 9 14 
0 3 11 22 
0 6 10 14 15 22 
3 5 10 14 15 
5 7 10 16 
2 6 8 12 14 
8 11 12 18 21 
1 5 8 10 
5 9 11 14 16 19 
2 3 8 12 14 21 
3 5 9 14 19 
11 18 19 22 24 
0 3 11 22 
6 8 11 16 18 19 
0 3 11 22 
2 3 10 15 
3 5 10 12 
6 11 16 18 19 21 
3 5 11 15 
6 11 16 18 19 21 
8 9 11 16 21 22 
0 11 12 18 27 
0 2 8 9 16 
0 11 12 18 21 
0 2 10 14 15 
6 11 18 19 21 
8 11 12 16 18 19 
2 14 
1 10 14 15 16 
3 12 15 22 
2 3 12 21 
1 4 8 12 24 
0 2 4 6 10 
6 11 18 19 21 
4 9 12 18 21 
0 12 18 21 24 
6 8 11 12 14 
6 8 11 18 19 21 
0 2 6 
2 10 12 15 22 
5 7 10 14 16 
2 4 11 12 14 
5 7 10 12 16 
3 5 9 14 19 
5 7 10 14 16 
9 12 16 18 24 
2 6 10 14 15 
0 2 6 10 15 
5 7 10 12 16 
2 8 14 15 22 24 
2 6 10 14 15 
2 10 14 15 25 
0 2 4 6 10 
6 8 11 18 21 
5 7 10 16 
5 7 10 16 
2 3 7 12 
3 6 11 12 18 
2 5 10 14 15 
5 7 10 16 24 
5 7 10 12 16 
3 10 12 14 15 21 24 
5 7 10 14 16 
0 2 4 6 10 
6 11 12 18 19 22 
8 11 16 18 21 
0 9 11 18 
6 8 11 16 18 
1 10 12 15 
9 12 14 22 
6 10 14 15 19 22 
7 9 12 18 24 
1 4 8 12 22 
2 6 10 15 19 
3 5 12 18 22 
6 8 11 12 18 19 21 
9 12 18 21 
3 9 11 15 
2 6 10 15 22 
4 9 12 18 21 
3 5 14 16 
2 3 5 9 14 
2 6 9 
10 14 15 16 
2 3 5 11 12 25 
0 2 4 6 10 
5 7 10 14 16 
5 9 12 18 27 
2 3 10 15 21 24 
0 3 11 12 18 
0 2 4 
4 8 12 18 21 
0 9 12 18 22 
5 7 10 12 16 
8 
0 2 11 18 
2 5 8 12 14 
2 3 8 12 14 21 
2 4 11 12 14 
2 3 8 12 14 21 
2 5 8 12 14 
2 3 6 8 9 
2 4 11 12 14 
2 4 11 12 14 
2 3 5 6 8 14 
0 2 5 6 12 15 
2 8 9 12 16 
2 3 6 8 9 
6 11 14 18 24 
0 2 11 18 
0 2 8 9 16 
0 2 8 9 16 
2 6 8 11 12 14 
2 4 11 12 14 
2 6 8 14 15 
2 3 8 12 14 21 
0 2 4 7 11 13 
0 7 11 18 
2 3 8 12 14 21 
0 9 11 12 
2 3 6 8 9 
2 8 9 16 24 
2 4 11 18 
0 2 4 7 11 13 
6 11 14 18 19 
2 3 6 8 9 
2 6 8 12 14 
2 8 9 15 16 
6 11 14 18 19 
2 3 8 12 14 21 
2 5 8 12 14 
2 4 11 12 14 
2 3 6 8 9 
6 11 14 18 19 
0 8 9 16 
2 5 8 12 14 
6 11 14 18 19 
0 11 18 
0 2 7 11 
2 4 11 12 14 
2 6 8 14 15 
2 3 8 12 14 21 
2 4 11 12 14 
6 8 9 15 
2 3 6 8 9 
2 5 8 12 14 
2 3 6 8 9 
0 2 4 7 11 13 
0 2 7 11 
2 3 8 12 14 21 
2 5 8 9 16 
2 4 11 12 14 
2 4 11 12 14 
0 9 11 18 
2 4 11 12 14 
2 4 11 12 14 
2 3 6 8 9 
0 2 8 9 16 
0 2 8 9 16 
2 4 11 12 14 
2 4 11 12 14 
2 3 8 12 14 21 
2 8 9 12 16 
2 4 11 12 14 
6 8 9 15 
2 4 11 12 14 
2 4 11 12 14 
2 3 6 8 9 
2 3 6 8 9 
2 3 6 8 9 
0 7 11 18 
2 4 11 12 14 
2 3 6 8 9 
2 4 11 12 14 
6 8 9 12 
2 6 8 9 27 
6 11 12 14 18 
2 3 6 8 9 
0 2 4 7 11 13 
0 7 11 18 
6 11 14 18 28 
1 5 7 9 13 
0 2 11 18 
2 3 6 8 9 
2 5 8 12 14 
2 3 6 8 9 
6 8 9 27 
2 4 11 12 14 
2 4 11 12 14 
2 5 8 9 16 
3 6 8 9 
6 
2 4 11 12 14 
0 2 8 9 16 
1 6 10 22 
0 7 11 18 
2 3 8 12 14 21 
2 8 12 14 25 
3 6 8 9 
2 3 6 8 9 
2 8 9 12 16 
0 2 8 9 16 
2 3 6 8 9 
2 5 8 9 16 
2 3 6 8 9 
2 3 6 8 9 
0 2 6 8 12 14 
2 4 11 12 14 
0 2 8 9 16 
2 4 11 12 14 
0 7 
0 2 8 9 16 
5 6 11 14 18 
2 3 6 8 9 
2 4 11 12 14 
2 6 11 
0 2 8 9 16 
2 4 11 12 14 
2 4 11 12 14 
2 6 11 12 24 
6 8 11 12 14 
5 6 8 9 
2 4 11 12 14 
2 4 11 12 14 
0 2 8 9 16 
2 3 8 12 14 21 
2 3 8 12 14 21 
2 5 8 9 16 
2 5 6 8 12 14 
2 3 6 8 9 
2 3 8 12 14 21 
0 2 3 5 6 15 
2 3 6 8 9 
0 9 11 18 
2 5 6 8 14 21 
2 3 6 8 9 
2 5 8 12 14 
2 5 8 12 14 
2 3 6 8 9 
2 6 8 12 14 
2 4 11 12 14 
0 7 11 18 
2 4 11 12 14 
2 4 11 12 14 
6 8 9 12 
6 11 14 15 18 
0 2 4 7 11 13 
2 4 11 12 14 
2 6 8 9 24 
0 7 11 18 
0 2 8 9 16 
2 5 8 12 14 
2 5 8 12 14 
0 2 11 18 
2 3 8 12 14 21 
2 4 11 12 14 
2 8 9 15 16 
2 4 11 12 14 
2 6 8 11 12 14 
2 5 8 12 14 
2 4 11 12 14 
2 3 8 12 14 21 
2 3 6 8 9 
0 4 7 11 13 
2 3 8 12 14 21 
0 2 8 9 16 
2 4 11 12 14 
0 2 5 6 12 15 
2 4 11 12 14 
2 3 6 8 9 
0 2 8 9 16 
2 4 11 12 14 
0 2 7 11 
3 6 8 9 
2 3 8 12 14 21 
2 5 8 12 14 
6 8 9 
2 8 9 14 18 
2 6 8 11 12 14 
2 11 27 
2 3 6 8 9 
2 4 11 12 14 
0 2 4 7 11 13 
0 2 5 6 12 15 
2 8 9 12 16 
2 3 6 8 9 
2 3 6 8 9 
0 2 4 7 11 13 
0 7 11 18 
0 9 11 18 
0 9 11 12 
2 6 8 12 14 
2 4 11 12 14 
2 6 8 11 12 14 
2 5 8 14 
6 8 9 12 
2 5 8 12 14 
2 8 9 12 16 
2 3 6 8 9 
2 3 8 12 14 21 
2 3 6 8 9 
2 5 8 9 16 
2 4 11 12 14 
2 6 8 14 15 
0 2 3 5 11 12 
2 3 8 12 14 21 
2 3 6 8 9 
0 2 7 11 
2 3 8 12 14 21 
2 6 8 14 27 
2 6 8 11 12 14 
1 5 7 9 13 
0 3 6 16 
2 3 8 12 14 21 
2 6 8 11 12 14 
2 3 6 8 9 
0 2 4 7 11 13 
2 4 11 12 14 
2 4 11 12 14 
0 2 5 6 12 15 
2 5 8 9 16 27 
0 2 4 7 11 13 
2 4 11 12 14 
6 8 9 12 
0 9 11 12 
2 8 9 14 
2 3 6 8 9 
6 8 9 12 
6 11 14 18 24 
0 2 8 9 16 
2 3 8 12 14 21 
2 3 6 8 9 
2 3 6 8 9 
0 11 18 
0 2 6 8 9 
0 2 5 6 12 15 
3 5 8 9 12 
2 6 11 14 18 
0 2 5 6 14 15 
0 2 11 18 
0 7 11 18 
0 2 8 9 16 
0 2 8 9 16 
2 8 9 15 16 
2 3 8 12 14 21 
2 5 8 12 14 
2 3 6 8 9 
6 8 11 12 14 
2 3 8 12 14 21 
2 3 6 8 9 
6 8 11 12 14 
2 3 6 8 9 
0 3 5 6 15 
2 5 6 8 12 14 
2 3 6 8 9 
0 2 8 9 16 
0 2 4 7 11 13 
2 4 11 
1 6 10 22 
2 8 12 14 25 
0 2 5 6 12 15 
2 3 8 12 14 21 
0 2 4 7 11 13 
2 3 8 12 14 21 
1 5 7 9 13 
2 5 8 12 14 
0 9 11 18 
2 3 8 12 14 21 
2 3 6 8 9 
2 4 11 12 14 
0 2 5 6 14 15 
2 3 8 12 14 21 
0 2 8 9 16 
2 3 6 8 9 
6 8 9 15 
2 6 8 11 12 14 
8 9 14 15 16 
2 3 8 12 14 21 
2 4 11 12 14 
3 6 8 9 
2 3 6 8 9 
2 5 8 9 16 27 
0 7 11 18 
2 3 8 12 14 21 
2 5 8 12 14 
2 3 8 12 14 21 
0 2 5 6 12 15 
2 6 11 14 18 
2 3 8 12 14 21 
0 2 4 7 11 13 
2 8 9 16 25 
0 2 3 5 11 12 
2 3 8 12 14 21 
0 2 8 9 16 
2 5 8 12 14 
0 9 11 12 
3 8 12 14 21 
2 3 8 12 14 21 
2 3 6 8 9 
2 6 8 14 15 
0 2 8 9 16 
0 2 8 9 16 
2 3 8 12 14 21 
0 2 3 5 11 12 
0 2 5 6 12 15 
2 3 8 12 14 21 
0 2 8 9 16 
0 2 4 7 11 13 
0 2 7 11 
2 4 11 12 14 
2 3 6 8 9 
2 4 11 12 14 
2 3 8 12 14 21 
2 6 8 11 12 14 
2 3 6 8 9 
0 2 11 18 
2 3 5 6 11 12 
0 7 10 
2 3 5 11 
0 2 5 6 8 15 
2 4 11 12 14 
0 2 8 9 16 
0 2 5 6 14 15 
6 8 11 12 14 
6 8 11 12 14 
2 4 11 12 14 
0 2 3 5 11 12 
0 2 8 9 16 
6 8 11 12 14 
3 6 8 9 
2 5 6 8 12 14 
0 2 4 7 11 13 
0 2 5 6 12 15 
0 4 7 11 13 
2 3 8 12 14 21 
2 6 8 11 12 14 
2 3 8 12 14 21 
2 3 6 8 9 
0 2 5 6 12 15 
0 2 4 7 11 13 
0 2 11 18 
2 5 8 9 16 
2 6 8 11 12 14 
2 5 8 9 16 
0 2 8 9 16 
2 3 8 12 14 21 
0 2 8 9 16 
2 5 8 12 14 
0 2 8 9 16 
6 8 11 12 14 
6 8 11 12 14 
2 3 8 12 14 21 
0 11 18 
0 4 7 11 13 
2 8 9 16 21 
0 2 3 5 6 15 
0 9 11 
1 6 10 22 
1 5 7 9 13 
6 8 9 15 
0 11 18 
0 4 7 11 13 
6 8 11 12 14 
2 5 8 9 16 27 
1 5 7 9 13 
0 9 11 18 
2 4 11 12 14 
3 6 8 9 
2 3 8 12 14 21 
0 2 3 5 11 12 
0 2 5 6 12 15 
0 7 11 18 
2 3 6 8 9 
0 11 18 
2 9 14 
2 8 9 16 19 
0 2 3 5 6 15 
2 8 9 15 16 
2 5 8 12 14 
2 8 9 16 24 
2 3 8 12 14 21 
0 11 18 
0 2 8 9 16 
6 8 11 12 14 
8 9 14 15 16 
0 2 4 7 11 13 
2 15 
2 4 11 12 14 
0 4 7 11 13 
2 4 11 12 14 
0 2 8 9 16 
6 8 11 12 14 
0 2 5 6 14 15 
0 5 9 11 
0 2 4 7 11 13 
3 6 8 9 
2 6 11 12 19 
0 11 18 
0 2 5 6 12 15 
3 8 12 14 21 
2 5 8 12 14 
6 8 11 12 14 
0 2 4 7 11 13 
6 11 14 18 19 
0 2 4 7 11 13 
0 4 7 11 13 
0 9 11 
0 11 18 
4 10 22 
3 6 9 14 25 
6 8 11 12 14 
0 2 8 9 16 
0 4 7 11 13 
0 11 18 
2 4 11 12 14 
0 11 18 
0 4 7 11 13 
0 7 11 14 18 
8 9 12 14 15 16 
4 7 
3 11 
9 18 
0 4 7 11 13 
0 2 4 7 11 13 
6 11 14 18 19 
0 11 18 
2 3 6 8 9 
2 5 6 11 12 14 
1 7 9 
0 2 4 7 11 13 
2 3 6 8 9 
6 11 14 18 19 
3 6 8 9 
0 11 18 
0 8 9 16 
0 11 18 
0 2 6 8 9 
7 10 12 15 
2 3 8 12 14 21 
6 8 11 12 14 
1 6 10 22 
0 4 7 11 13 
2 6 8 11 12 14 
2 8 9 15 16 18 
0 2 3 5 11 12 
0 2 8 9 16 
0 11 18 
2 3 5 9 14 
6 12 14 
2 3 11 19 
0 4 7 11 13 
6 11 14 18 19 
0 4 7 11 13 
2 4 11 12 14 
3 5 6 9 14 
0 11 18 
2 4 11 12 14 
0 8 9 16 
3 5 6 9 14 
5 8 11 12 18 19 
0 2 3 5 6 15 21 
0 2 4 7 11 13 
0 4 7 11 13 
6 8 11 12 14 
6 8 11 12 14 
0 4 7 11 13 
0 2 6 8 9 
0 3 5 11 12 
0 4 7 11 13 
2 4 11 12 14 
0 2 8 9 16 
2 3 6 11 
0 4 7 11 13 
0 11 18 
0 11 18 
5 8 11 12 16 18 
0 4 7 11 13 
0 2 11 18 
0 7 11 
0 9 11 18 
2 10 15 18 
4 10 
3 16 
6 12 14 
0 4 7 11 13 
2 3 8 12 14 21 
2 5 8 12 14 
0 7 11 
1 5 
2 8 9 16 27 
0 2 4 6 10 
2 5 8 9 16 
0 2 6 8 9 
0 8 11 12 18 19 
6 11 18 19 21 
0 8 11 18 19 
8 11 18 19 21 
8 11 12 18 19 21 
0 8 11 18 19 
8 11 12 18 19 21 
8 11 18 19 21 
8 11 18 19 21 
8 11 18 19 21 
0 6 11 18 19 
5 8 9 16 
11 18 19 21 22 
8 11 16 18 27 
2 6 10 14 15 
0 2 6 10 15 
2 3 6 8 9 
2 4 11 12 14 
3 5 6 9 14 
6 10 
2 4 11 12 14 
0 6 8 11 18 19 
0 11 18 
8 16 
8 
19 
8 
4 
2 4 14 
4 
6 13 
8 13 
6 11 13 
0 13 16 
13 18 
0 6 13 
6 18 19 22 
6 12 
1 10 22 27 
2 3 11 19 
1 6 10 22 
2 3 5 11 
0 3 6 16 
0 2 3 11 
2 8 12 14 
0 2 3 11 
0 3 6 16 
1 5 10 22 
4 10 22 
0 3 6 16 
0 7 10 19 
1 5 7 9 13 
2 3 5 11 
0 7 10 27 
0 3 6 16 
2 3 5 11 
0 7 10 
2 3 5 11 
8 9 14 15 16 
1 6 10 22 
0 7 10 
2 3 5 11 
0 3 6 16 
0 5 7 10 
2 3 5 11 
1 6 10 22 
0 5 7 10 
0 7 10 
0 3 5 6 16 
2 8 14 19 
0 7 10 
2 8 9 14 
0 3 5 14 15 
2 3 5 11 18 
1 5 10 22 
0 3 6 16 
0 3 6 16 
1 10 22 24 
0 2 3 11 
1 4 7 10 12 15 16 
2 8 9 14 
2 3 5 11 
6 8 9 14 15 16 
2 8 9 14 
0 3 6 16 
4 10 22 
0 3 6 16 
0 5 7 10 
2 3 11 15 18 
2 8 9 14 18 
2 8 9 14 
0 5 6 16 
1 5 7 9 13 
0 3 6 16 
0 7 10 
0 7 10 
1 6 10 22 
0 7 10 
0 3 6 16 
2 3 5 11 
0 6 16 24 
0 3 6 16 
2 8 9 14 
2 3 5 11 
1 6 10 22 
1 6 10 22 
1 6 10 22 
0 5 7 10 
1 6 10 22 
0 7 10 
0 7 10 
1 6 10 22 
8 9 14 15 16 
0 7 10 
1 6 10 22 
2 3 6 11 
0 3 6 16 
2 3 11 19 
0 3 6 16 
0 7 10 
1 6 10 22 
0 6 16 24 
0 7 10 
0 7 10 
0 3 6 16 
0 3 6 16 
0 2 3 11 
2 8 14 24 
1 6 10 22 
2 8 14 19 
0 7 10 
1 7 10 12 15 16 
0 3 6 16 
0 3 6 16 
0 3 6 16 
1 6 10 22 
1 6 10 22 
0 5 7 10 
1 10 22 24 
0 3 6 16 
0 3 6 16 
2 3 5 11 
0 7 10 
2 3 5 11 
0 7 10 12 
0 7 10 
0 7 10 
2 8 9 14 
0 5 7 10 
2 3 5 11 
4 10 22 
0 3 6 16 
0 7 10 
8 9 14 15 16 
2 3 11 19 
0 3 6 16 
2 3 5 11 
1 6 10 22 
2 3 11 27 
2 3 5 11 
1 6 10 22 
2 3 5 11 
1 6 10 22 
0 3 6 16 
0 6 16 27 
0 7 10 
8 9 14 15 16 18 
1 6 10 22 
1 6 10 22 
1 6 10 22 
0 7 10 
1 6 10 22 
0 3 6 16 
2 8 9 14 
1 5 10 22 
0 3 5 6 16 
1 5 7 9 13 
1 5 7 9 13 
0 3 6 16 
2 8 9 14 
0 7 10 
1 5 10 22 
1 6 10 22 
1 6 10 22 
1 6 10 22 
0 3 5 6 16 
0 3 6 16 
0 3 6 16 
0 7 10 
2 3 5 11 
1 10 19 22 
1 10 22 25 
2 3 5 11 
1 5 7 9 13 
1 5 7 9 13 
0 3 6 16 
0 3 6 16 
2 3 11 22 
0 2 8 14 
2 8 9 14 18 
0 3 6 16 
1 6 10 22 
2 8 14 24 
0 2 3 11 
1 6 10 22 
0 3 6 16 
0 3 6 16 
0 3 6 16 
2 3 11 27 
0 2 3 11 
1 6 10 22 
2 3 5 11 
2 3 5 11 
2 8 9 14 
2 3 11 19 
1 5 10 22 
2 3 5 11 
4 10 22 
8 9 14 15 16 25 
0 5 7 10 
0 6 16 24 
0 3 5 6 16 
1 5 7 9 13 
0 7 10 
0 6 16 19 
8 9 14 15 16 19 
2 3 5 11 
1 6 10 22 
2 3 5 11 
0 3 6 16 
1 10 22 27 
0 7 10 
2 8 9 14 
0 3 6 16 
2 3 5 11 
0 3 6 16 
1 10 19 22 
1 10 19 22 
1 6 10 22 
0 3 6 16 
0 3 6 16 
2 8 9 14 
1 5 7 9 13 
2 8 9 14 
2 3 5 11 
0 3 6 16 
1 5 7 9 13 
0 3 6 16 
2 3 5 11 
1 5 7 9 13 
0 3 6 16 
0 6 16 24 
0 7 10 
2 8 9 14 
0 5 7 10 
2 3 5 11 
2 3 11 22 
0 3 5 6 16 
1 6 10 22 
1 6 10 22 
0 3 6 16 18 
2 3 5 11 
1 10 21 22 
1 6 10 22 
0 7 10 
0 2 3 11 
0 7 10 
2 8 9 14 
2 3 11 25 
0 3 6 16 
1 6 10 22 
0 7 10 
1 6 10 22 
0 7 10 24 
1 7 10 12 15 16 
0 7 10 
2 3 5 11 
8 9 14 15 16 
0 5 6 16 
1 6 10 22 
2 3 5 11 
0 3 6 16 
0 2 3 11 
0 2 3 11 
1 6 10 22 
2 8 14 24 
2 8 9 14 
2 3 11 19 
4 10 22 
1 6 10 22 
2 3 11 27 
8 9 14 15 16 
0 3 6 16 
2 3 11 25 
2 3 11 24 
2 3 5 11 
0 3 6 16 
0 3 6 16 
1 5 7 9 13 
1 5 7 9 13 
0 7 10 
0 3 5 6 16 
1 6 10 22 
0 7 10 
0 3 6 16 
1 5 7 9 13 18 
0 7 10 
2 8 9 14 
1 6 10 22 
0 5 7 10 
8 9 14 15 16 
0 3 6 16 
1 6 10 22 
2 3 5 11 
0 3 5 14 15 
2 3 5 11 
0 3 6 16 
4 10 18 22 
2 8 14 18 27 
1 5 10 22 
1 6 10 22 
1 10 22 24 
4 10 22 
1 6 10 22 
0 7 10 
2 8 9 14 
1 7 10 12 15 16 
1 6 10 22 
1 4 7 10 
1 5 10 22 
1 6 10 22 
1 5 7 9 13 
4 10 22 
4 10 22 
0 3 6 16 
1 6 10 22 
2 3 5 11 
2 3 5 11 
1 6 10 18 22 
0 3 6 16 
8 9 14 15 16 
0 7 10 
1 5 7 9 13 
4 10 22 
0 3 5 6 16 
0 7 10 
4 10 22 
2 3 11 19 
0 3 5 6 16 
0 3 6 16 18 
0 7 10 
1 5 7 9 13 18 
0 7 10 24 
6 8 9 14 15 16 
0 2 3 11 
2 3 5 11 
0 7 10 
4 10 22 
4 10 18 22 
2 8 9 14 18 
1 10 19 22 
1 6 10 22 
0 3 6 16 18 
0 3 5 6 16 
1 6 10 22 
0 3 5 14 15 
1 5 7 9 13 
2 5 8 14 18 
2 3 11 25 
0 6 12 16 
0 7 10 
1 4 7 10 12 15 16 
4 10 18 22 
2 8 9 14 
0 3 6 16 
2 3 5 11 18 
2 3 6 11 18 
2 3 5 11 
2 3 5 11 
1 5 7 9 13 18 
0 3 6 16 18 
4 10 18 22 
2 3 5 11 
2 3 11 27 
8 9 14 15 16 24 
1 10 19 22 
0 7 10 
1 6 10 22 
0 3 6 16 
6 8 11 12 14 
2 8 9 14 
1 6 10 22 
0 3 6 16 18 
1 5 7 9 13 18 
4 10 22 
2 3 5 11 
1 6 10 22 
0 7 10 
1 5 7 9 13 
0 3 6 16 
0 3 6 16 
2 8 9 14 
0 5 6 16 
0 7 10 
1 5 7 9 13 18 
2 8 14 19 
0 3 6 16 
0 3 5 6 16 
0 4 7 11 13 
4 10 22 
2 8 9 14 
1 6 10 22 
1 6 10 22 
0 7 10 
0 2 3 11 
4 10 18 22 
0 11 18 
2 3 5 11 
2 3 5 11 
2 8 9 14 18 
1 5 7 9 13 18 
1 6 10 22 
1 6 10 22 
0 3 5 11 12 
1 5 7 9 13 
4 10 22 
1 4 7 10 12 15 16 
1 6 10 22 
2 8 9 16 19 
1 5 7 9 13 18 
2 3 5 11 
2 3 5 11 
2 8 9 14 18 
0 3 6 16 
1 6 10 22 
1 4 7 10 12 16 
0 7 10 
2 3 5 11 
4 10 18 22 
4 10 18 22 
1 5 7 9 13 
1 5 7 9 13 18 
0 8 9 14 15 16 
2 8 9 14 18 
1 5 7 9 13 18 
1 5 7 9 13 18 
2 8 9 14 18 
2 3 5 11 
2 3 11 12 
2 3 11 27 
2 8 9 14 18 
1 4 7 10 12 15 16 
1 5 7 9 13 18 
2 3 5 11 
0 3 6 16 
2 8 9 14 18 
1 5 7 9 13 18 
2 3 5 11 
1 6 10 18 22 
2 3 5 11 
2 3 8 12 14 21 
8 9 14 15 16 27 
1 6 10 22 
0 2 3 11 
2 3 11 19 
5 8 9 14 15 16 
2 8 9 14 
0 9 11 18 
0 4 7 11 13 
2 8 9 14 
2 8 9 14 18 
0 4 7 11 13 
2 3 11 19 
0 3 6 16 
2 4 11 18 
2 3 6 11 
0 8 9 14 15 16 
1 6 10 22 
2 8 9 14 18 
8 9 14 15 16 19 
2 3 11 19 
1 5 7 9 13 18 
0 4 7 11 13 
0 4 7 11 13 
2 3 6 11 
1 5 7 9 13 18 
0 3 6 16 
1 4 7 10 12 15 16 
8 9 14 15 16 18 
2 8 9 14 18 
1 4 7 10 12 15 16 
2 8 9 14 18 
0 3 6 16 
2 8 9 14 
1 4 7 10 12 15 16 
2 5 8 9 16 
2 8 9 14 18 
1 4 7 10 12 15 16 
2 8 9 14 
4 10 18 22 
2 6 8 14 
2 3 5 11 
0 3 5 6 16 
4 10 22 
0 2 3 11 
0 3 5 14 15 
8 9 14 15 16 
0 3 5 14 15 
8 9 14 15 16 
0 3 6 16 
5 8 9 14 15 16 
1 5 7 9 13 
6 18 19 22 
6 18 19 22 
13 16 
0 8 13 
13 16 
8 
8 
2 8 9 16 19 
2 8 9 16 19 
2 8 9 16 19 
2 8 9 16 19 
2 8 9 16 19 
0 2 8 9 16 
2 8 9 16 19 
2 8 9 16 19 
2 8 9 16 19 
2 8 9 16 19 
2 5 8 9 16 
2 8 9 16 19 
2 8 9 16 19 
2 5 8 9 16 
2 8 9 16 19 
2 8 9 16 19 
2 8 9 16 19 
0 7 10 
2 3 5 11 
2 3 11 25 
2 8 14 16 18 
1 5 7 9 13 
1 4 7 10 12 15 16 
1 7 10 12 15 16 
4 7 10 12 15 16 
7 10 12 15 16 
0 8 9 14 15 16 
1 5 7 9 13 
1 4 7 10 12 16 
0 7 10 
0 5 9 11 
0 3 6 16 
0 3 6 16 
0 5 15 18 21 
6 11 12 14 15 18 
8 12 19 
0 5 6 9 14 30 
1 4 7 10 12 15 16 
7 10 12 15 16 
0 11 19 
6 11 12 14 15 16 
6 8 10 12 
4 7 10 12 15 16 
1 6 10 22 
1 4 7 10 12 16 
2 3 5 11 
0 3 6 16 18 
4 
6 18 19 22 
4 
11 13 
13 
0 6 13 
6 18 19 22 
4 
2 3 5 8 9 
6 8 9 11 16 
2 16 
5 14 
9 14 15 19 
8 15 22 
0 5 8 9 11 15 
19 
5 19 
5 8 9 15 18 19 
8 9 14 15 16 
4 7 14 16 22 
4 7 14 16 
6 11 13 18 
0 18 
6 11 13 18 
6 11 13 18 
8 11 13 16 18 
8 11 13 16 18 
0 13 16 18 
2 9 11 13 18 
8 11 13 15 18 
8 16 18 
19 22 
16 18 
19 22 25 
0 13 16 18 
2 9 13 18 22 
11 12 16 18 19 22 
8 11 13 15 18 
0 6 8 14 24 
3 
3 11 12 14 15 22 
0 3 14 15 16 24 25 
0 5 6 8 
4 15 
4 15 
4 
0 2 6 11 18 22 
4 15 
1 4 7 10 12 16 
3 5 9 
2 3 5 9 14 
2 3 5 9 14 
3 5 14 16 
1 4 7 10 12 15 16 
7 9 
7 9 
7 9 
7 9 
7 9 
7 9 
2 3 11 15 18 
1 6 10 22 
1 5 7 9 13 
4 10 18 22 
2 3 6 11 
1 5 7 9 13 18 
2 3 5 11 
1 6 10 22 
0 3 6 16 
2 3 11 27 
2 8 9 14 
0 7 10 
0 3 6 16 
1 8 9 14 15 16 
0 3 6 16 
0 3 6 16 
2 8 14 24 
0 7 10 
1 10 12 22 
1 6 10 22 
1 10 22 24 
0 3 6 16 
1 6 10 22 
2 3 5 11 
2 3 5 11 
1 5 7 9 13 
0 6 12 16 
1 6 10 22 
2 3 11 12 
1 4 7 10 12 15 16 
0 5 6 16 
1 10 19 22 
1 10 12 22 
2 8 9 14 
1 6 10 22 
1 6 10 22 
0 6 16 19 
2 8 9 14 
1 6 10 22 
0 9 11 
4 10 22 
2 3 11 25 
2 3 5 11 
2 3 6 11 
2 8 9 14 
1 7 10 12 15 16 
1 6 10 22 
4 10 22 
4 10 22 
