6 20 
0 
0 

27 
9 

27 
27 
27 
27 
27 

20 27 
6 
7 
13 
27 
27 
0 
27 
0 24 
14 20 
13 
11 20 
0 
14 
13 
20 


0 6 
17 26 
14 17 26 
26 
2 20 
1 13 
0 6 19 
13 
13 16 
1 17 19 23 26 
0 
17 19 26 

17 19 26 
1 23 26 
8 17 26 
0 21 
11 13 20 
11 13 

0 6 
2 
14 20 
20 
11 13 20 

14 26 
22 
8 13 

0 
11 13 
2 13 
11 
13 
30 
3 
23 30 
6 
21 
13 

6 11 

8 

6 13 
6 
7 
11 13 
21 
14 
4 8 16 
4 
6 17 26 30 

17 26 
6 23 
14 
1 17 19 26 
13 
14 

13 
1 6 17 26 
1 17 
21 22 
13 
17 19 26 29 
6 
0 
20 
13 20 
14 
2 6 20 
19 26 
6 14 
14 
1 19 26 
21 
21 22 

2 
1 17 19 26 
1 17 

0 6 
10 
11 13 
0 17 19 26 
17 19 26 



13 22 24 
2 19 26 
4 13 16 
2 6 20 
11 18 20 
21 
11 13 
11 20 
17 23 26 
4 26 30 
6 11 13 

17 19 26 
14 20 
0 
13 
0 6 21 
1 20 23 26 

17 19 26 30 

17 19 21 26 
4 
11 13 21 
8 
17 19 26 
6 20 

13 
6 14 
17 19 26 30 
4 26 30 

13 
7 17 26 
6 20 
0 6 13 
1 13 17 26 
2 20 
2 21 
1 

2 
8 26 
0 
14 
8 26 
0 
0 6 

0 20 
3 

4 30 

8 9 21 
6 
24 
18 19 
19 23 26 

18 
25 
13 
16 
15 

1 
11 13 
11 24 25 

11 
21 
3 
15 30 
13 
20 27 
0 
4 
15 
30 
0 24 
13 
28 
8 
4 15 
18 26 

1 6 
3 18 
3 
4 26 31 
18 
4 13 
1 21 25 
13 28 
0 23 30 
15 
3 
0 
3 
6 13 15 
26 

19 21 
3 
0 7 
6 
11 
3 

0 24 
0 21 
10 14 16 23 
13 
1 4 6 25 
0 14 24 
3 14 
11 
3 
3 18 
27 
0 21 
20 27 
21 23 26 30 
27 
25 
0 7 24 
3 
1 4 13 
4 13 28 
3 
15 21 
6 23 28 
3 
4 13 
11 
3 
3 
13 
30 
3 
0 
3 
14 
0 
3 
30 
19 
20 27 
11 
31 

1 13 
13 15 
11 
13 
26 28 
30 
13 
23 
0 

3 
15 
6 
11 21 

30 

26 


4 11 
0 7 
3 
7 

3 
13 
30 
28 
0 24 
0 7 
0 24 
4 13 
8 26 
27 
6 21 
1 4 
1 17 19 21 
0 6 23 
0 7 
4 
3 
7 
4 30 

0 3 
0 7 
27 30 
9 26 
8 
3 
6 21 26 
28 

21 
4 15 24 26 
3 
1 

4 13 
3 18 
21 26 
3 
0 24 
0 
0 
15 
3 
11 21 
3 
3 

0 
21 23 
13 

3 27 

21 26 30 
21 
11 
21 23 
2 
0 24 
0 23 30 
19 21 

13 19 

0 7 
3 11 16 
0 21 23 30 
20 
21 26 30 
3 8 21 
0 
3 
4 30 
4 26 30 
17 30 

3 
0 7 20 
15 
6 21 
0 7 24 

7 
7 
0 24 
20 


0 21 23 30 
0 
1 24 26 

6 23 

3 8 21 
16 
0 7 20 

3 
2 3 
3 7 
11 
21 23 
6 21 

27 
0 
11 
18 
0 

18 
3 

2 14 
3 
21 
21 31 
13 20 27 
0 24 
2 
20 
0 31 
6 9 14 18 
3 14 

27 
6 14 
13 
14 

4 25 30 
3 
26 30 

11 19 25 27 

11 18 19 
0 7 
4 23 26 30 
4 
4 30 
27 
4 26 30 
23 30 

19 
4 21 30 
30 
7 
4 30 
6 11 25 27 
0 21 23 
11 13 

3 
3 26 
11 21 
3 
0 
16 18 
4 
13 
21 23 
0 
3 8 21 

9 21 
4 30 
11 
11 
21 30 
0 
0 23 30 
21 30 
1 20 27 
3 11 
11 13 


9 
9 18 
0 
6 
9 18 

3 11 16 
3 8 
16 20 
7 
21 

9 
21 
21 
21 
10 21 
14 21 
21 28 
21 
21 26 28 
19 21 26 
13 21 30 
11 19 21 
19 21 
21 26 28 
17 
21 26 28 
7 

28 30 
8 19 
15 21 
30 
16 
16 
0 30 
2 
11 
21 
15 16 28 
4 21 
7 21 
10 23 
8 14 
7 21 23 
8 9 18 
12 14 
6 21 23 
6 21 23 
9 26 
0 
3 11 14 16 
6 9 21 23 26 
6 19 23 26 
15 20 
9 
9 
6 9 21 
2 21 
9 21 
21 26 
5 6 30 
0 2 4 
6 
0 14 30 
2 5 
10 19 21 
21 
3 9 11 14 
3 5 

0 5 30 

14 18 
26 28 
21 
21 
21 
28 
0 
5 15 
15 19 21 
6 9 23 26 
11 19 
5 10 31 
21 28 
21 
23 
18 
10 
16 
3 
21 26 28 30 
5 10 
16 23 
5 

9 21 
5 21 
21 
23 
5 
2 5 10 
2 
2 4 11 21 
21 
10 30 
14 
0 6 9 21 23 
2 23 
6 25 27 28 
14 15 
0 30 
8 14 21 
3 11 14 16 

3 14 16 

5 10 
5 10 20 
23 26 30 
23 
21 

7 21 23 
15 16 28 
6 8 23 
5 10 30 
11 21 23 
21 
2 14 16 
3 15 21 

6 23 
16 19 21 
19 31 
19 21 
15 24 30 
0 21 23 26 
3 14 
8 21 
15 16 19 21 

15 30 
6 15 27 
21 26 
21 
6 
9 14 
0 
3 11 14 16 
16 
19 21 
21 26 28 

3 5 8 21 

9 11 
9 
5 
15 28 
14 
16 
9 18 
5 6 17 
18 
8 21 
15 21 23 30 
16 21 28 
8 
8 
2 5 27 
25 27 28 
21 
9 28 
15 16 21 
15 30 
11 19 21 
19 21 30 
11 21 
5 9 26 
3 18 21 23 

7 21 
3 23 
16 23 28 
21 
0 18 
7 21 
5 10 14 

9 

9 
16 

15 16 19 21 
21 28 
17 
3 16 26 
15 16 18 

18 21 
2 
3 11 14 16 
5 6 30 

21 
21 
7 21 
5 
2 14 23 
3 8 
21 
6 11 21 26 
0 6 21 23 

2 23 
0 9 21 23 
2 4 8 
3 11 14 16 19 
11 25 
0 
15 
9 21 23 
21 
26 
16 26 
15 24 
26 
16 18 
11 21 
21 23 
23 
5 6 
1 5 10 27 
10 
19 21 23 
16 21 
21 
11 23 
19 25 27 
10 21 
20 23 
0 30 
2 16 

3 11 14 16 
10 18 
11 21 
18 
21 23 
2 5 
11 26 
6 9 

21 30 
21 28 
3 11 14 16 
16 21 
2 4 14 21 
3 11 14 16 
21 23 
3 14 26 
3 9 11 14 
9 21 
30 
9 21 28 
21 
10 28 
19 21 28 
26 
9 
3 11 14 15 16 
3 11 14 16 
30 31 
2 5 27 
8 21 23 
21 
20 23 25 
0 26 30 
14 28 
10 23 
3 9 26 30 
6 18 19 
6 21 23 
11 21 
21 28 
9 21 23 
3 16 21 


11 21 30 
10 
2 6 21 23 

8 19 21 
0 2 14 21 
3 11 14 16 
21 
9 21 
28 
10 21 
21 
21 30 31 
9 21 
10 26 
4 9 30 
9 21 23 30 
3 11 14 16 
11 16 30 
9 26 
14 28 
16 23 30 
3 

0 6 21 23 
6 14 

0 6 8 21 
2 5 10 
0 
8 21 
26 28 30 
0 
21 26 
2 21 
3 11 14 16 
6 23 26 

15 16 19 21 
9 
15 23 30 
6 23 
3 9 11 14 
4 8 21 23 
0 28 
7 21 
2 20 23 
21 23 
10 19 28 
20 23 
2 14 21 30 
2 3 19 
10 
6 19 30 
9 
3 11 14 16 18 
5 21 
16 
9 
0 30 
23 
14 
4 6 21 23 
10 19 
0 4 9 
10 
9 21 30 
3 6 11 23 
0 6 9 21 
11 21 
5 26 
21 
5 31 
9 31 
8 21 23 
6 9 21 23 
11 23 
4 26 30 
0 6 9 21 
18 

3 15 23 30 
10 22 
0 30 
9 26 
0 28 
18 
0 2 14 21 
3 11 14 16 


6 9 
2 4 14 21 
6 8 21 
30 
8 9 30 
5 26 
10 26 
2 4 11 21 
9 14 18 
0 2 14 21 
3 5 16 

18 22 
30 

6 9 21 
5 6 30 
3 19 23 
2 4 21 
9 14 18 
2 26 

2 5 18 26 
23 25 28 
2 14 
9 21 23 
2 8 14 30 
3 11 14 16 
10 21 
4 23 
14 23 
30 
26 
9 
11 14 
9 
7 21 

15 16 21 
21 
21 
3 8 11 14 23 
19 21 
9 21 23 30 
6 21 

21 
9 
3 6 11 21 26 
15 20 

21 
4 26 
15 21 23 
15 20 

18 
6 21 
7 11 

3 11 14 16 

3 11 14 16 
14 18 
3 7 
6 21 

6 19 21 
3 14 
3 14 
3 14 
3 14 
3 11 14 16 
3 14 
3 14 
3 11 14 16 
3 14 
3 14 
3 14 
3 14 
3 14 
3 14 
3 14 
3 14 
3 14 
3 14 
20 
6 21 
14 

3 11 14 16 
23 26 30 
18 

3 14 
3 14 
28 
3 5 
2 14 21 
17 

19 
6 21 
6 21 
7 
1 15 

20 27 
13 
13 28 
23 
10 
14 18 19 

14 18 

18 19 
27 
27 
6 18 
23 28 
6 8 19 
14 
14 18 
14 
14 26 
14 

7 10 
7 10 
5 15 29 
15 29 
15 29 
11 16 
11 16 
11 16 
11 16 
11 16 
11 16 

11 16 
11 16 
11 16 
11 16 
11 16 

11 16 


16 
16 

14 
0 3 
30 
7 
13 22 25 27 
0 22 28 
5 26 28 30 
0 14 28 
13 22 25 27 

5 22 
2 5 26 
5 16 30 
1 6 19 21 
2 8 
5 26 
5 19 
0 13 24 
24 28 
28 
22 
5 13 26 
6 11 18 19 21 
3 

2 18 
13 15 22 
13 22 24 25 27 
22 25 
5 26 
0 21 24 
13 22 25 27 
28 
18 24 28 
6 
13 15 27 
22 
0 22 24 28 
13 15 22 25 27 
31 
2 31 
31 
0 19 28 
0 3 28 
5 26 

24 28 
11 13 15 18 
22 
8 22 25 
2 28 
0 22 28 
22 
8 19 
22 25 
5 26 
0 3 12 28 

13 15 22 
26 
0 
5 26 
13 15 22 
2 18 
0 3 24 27 
19 22 25 31 
5 
2 6 19 21 
0 24 
13 15 22 
19 27 31 
13 15 22 
5 16 
22 24 27 28 

11 19 
22 25 
11 18 22 25 
0 7 28 
31 
5 
13 27 
31 
5 22 
17 22 25 
5 16 26 
2 15 
0 13 15 28 
13 15 22 25 
24 28 
19 28 
0 5 24 26 
6 19 21 
5 16 28 
22 
0 22 24 25 
19 27 31 
13 22 25 27 
20 22 25 
22 25 
17 
27 28 
13 22 25 
13 22 25 27 
8 22 25 28 
0 3 28 
6 8 11 19 
24 28 
22 25 
5 
13 15 22 25 
5 
2 18 24 
0 3 28 
22 
5 26 
5 
24 28 
0 24 
5 13 16 27 
0 8 24 
3 5 29 
22 25 

22 
0 24 
13 22 25 27 
13 22 25 27 
22 

28 
5 8 11 26 
5 24 26 
12 18 
19 22 25 
24 
2 3 24 28 
19 21 
0 28 31 
5 16 26 30 
13 22 25 27 
0 5 24 26 
13 22 25 27 
8 24 28 
6 19 21 26 
5 19 
5 6 11 26 
5 26 
13 22 25 27 
3 5 30 
28 
24 
13 15 22 
13 22 27 
13 22 25 27 
24 
24 31 
17 
22 
5 26 
13 22 25 
31 
5 26 
4 31 
5 16 
27 31 

5 26 
2 
5 22 26 
22 25 
11 19 
5 8 26 
13 15 
5 6 21 
5 11 19 26 
5 26 
0 28 
5 6 26 
5 17 
24 28 
22 25 
0 8 28 
19 22 25 

22 25 28 
13 15 22 25 
12 17 
3 11 18 
3 5 26 
19 22 25 31 
3 22 

12 19 
13 22 25 
0 28 30 
5 
13 15 22 
5 26 
5 26 
22 25 
13 22 25 27 
0 22 28 
28 
13 15 24 27 

30 31 
28 30 
13 21 27 
13 15 22 
15 
2 18 24 
3 8 
8 22 25 

2 18 

20 
5 17 26 
5 
6 
13 15 22 
0 3 28 
14 

2 18 
0 22 28 
0 22 28 
15 31 
5 13 15 24 27 
22 25 
2 3 
6 13 27 
31 
5 8 14 26 
13 
5 
5 27 28 
5 11 21 26 

0 11 18 

6 
2 
0 14 24 
9 31 
6 19 24 28 
12 14 
8 22 25 
2 18 
2 14 
0 24 
2 18 
0 8 28 
13 22 25 27 
3 18 
14 17 24 28 
0 22 24 28 
13 15 27 
13 15 

3 19 
5 16 
5 16 
19 30 
13 22 27 
22 25 27 

5 
6 19 21 30 
0 3 24 
2 18 
0 
5 22 
24 28 
14 
6 13 27 


3 17 
13 22 25 27 
13 22 27 
22 25 
22 25 
0 28 
8 24 28 
2 9 18 

5 22 
22 25 
13 27 
22 25 27 
24 28 
13 22 25 27 
17 
3 5 26 30 
14 24 28 
24 28 
2 
5 
3 22 
6 
12 24 28 
0 11 18 28 
5 19 26 
22 
13 22 25 
2 28 
5 
8 
22 
2 9 18 
1 22 25 
13 15 22 
0 14 28 
13 19 
5 26 

5 16 26 
22 25 
13 15 22 25 
2 18 
3 22 25 27 
0 2 24 
5 18 26 
5 18 26 
5 22 
13 22 25 
0 14 28 
13 15 22 
2 18 
30 31 
5 
5 14 
3 


14 
2 18 
22 
0 24 
5 
2 3 18 30 
30 
0 5 28 
2 
13 22 
13 15 31 
22 25 
17 22 25 
11 19 22 25 
22 

0 28 
2 18 
0 24 
5 6 18 26 
2 18 

2 18 
2 
8 28 
13 22 24 25 27 
6 22 25 
20 22 
22 25 
2 
5 6 21 
24 
3 30 
7 18 
5 11 26 
5 
2 8 
13 24 27 28 
5 

8 14 17 
8 
14 22 31 
16 
5 16 26 
9 20 
5 
0 24 


2 
14 24 28 
5 26 
0 11 18 28 
22 25 
5 16 28 
18 19 22 25 
13 22 25 27 
2 18 
2 
27 31 
2 18 
5 17 
13 22 24 25 27 
1 3 
22 
5 26 
11 14 
22 25 
21 
22 25 
2 18 
2 24 28 
2 15 18 
2 18 
0 11 18 24 28 
0 2 18 
5 16 27 

3 24 28 
0 
2 18 
19 
2 18 
22 

4 
19 22 25 27 
3 31 
2 
19 28 
3 
9 19 31 
11 31 
0 11 18 24 
5 19 
28 
24 28 
0 22 28 
22 25 
22 25 

17 

5 26 
24 28 
5 26 
2 18 
2 18 
6 26 
24 28 
5 21 

13 15 22 25 
2 18 
2 24 
2 18 

2 3 18 
17 
2 18 
2 9 18 
2 18 
2 18 
13 15 24 27 28 
2 13 18 
27 
6 19 21 
2 18 
2 18 
11 22 
9 18 19 
6 21 24 
7 
11 16 

2 6 
2 6 
2 14 
7 12 16 

2 16 
2 
15 

2 18 

14 20 
3 16 24 

15 17 28 
2 3 
2 
4 29 
14 

19 
18 
9 29 




18 19 25 
7 
8 
1 4 13 19 
4 9 21 26 
23 
3 16 


2 
14 20 
3 
18 19 28 
13 17 
24 
8 23 
19 

22 25 
19 
6 21 
19 
16 
18 

23 

27 
14 

18 
17 24 
19 21 
13 19 27 
1 6 
19 21 27 
0 22 28 
0 24 
5 22 25 
5 9 17 26 
22 24 25 
2 18 
28 30 
5 22 26 
5 26 
0 
22 25 27 
0 13 15 22 28 
0 13 15 28 
5 26 
5 26 
3 31 
13 15 27 
22 25 
13 22 25 27 
5 26 

5 17 26 
5 14 
0 13 28 
5 26 
0 28 
5 26 
19 28 
19 22 25 
6 19 22 
22 
0 13 24 28 
13 15 27 
19 
22 
22 
17 
5 13 15 

2 5 16 
7 
24 
3 
13 15 27 
2 9 18 
0 22 28 
6 14 19 21 
5 16 18 25 

22 
5 26 

0 22 28 
2 5 16 
22 25 
5 26 
6 11 14 
2 3 22 25 
2 18 
19 
3 24 
28 
2 18 
3 5 16 30 
13 


13 17 27 
20 


20 
20 
20 
2 

17 30 
0 11 15 
4 11 17 
20 26 
8 31 
26 
0 2 11 15 17 
17 21 
0 2 5 
6 8 22 

0 17 19 
0 2 11 14 
19 
6 17 
11 
19 
11 
26 
11 
7 
11 
17 
5 15 17 
6 
2 6 
30 
6 19 

19 
17 
6 12 
2 5 15 
8 
6 15 17 
11 
8 
17 

2 
8 15 
8 17 
17 
14 
13 24 27 

6 19 

4 8 
20 
17 31 
20 
7 17 
0 2 5 17 
7 
2 7 

0 2 5 
2 5 14 15 
7 17 
2 17 

2 
26 
20 26 
2 11 
1 13 
2 5 
11 
30 
0 2 17 
0 2 
7 17 
5 6 
6 
7 17 
11 
0 11 

2 14 

2 6 17 
0 8 15 17 
7 17 
7 17 
0 15 17 
5 8 13 
11 
7 
2 
8 13 
30 
26 
30 
2 5 15 
13 17 
0 2 6 
7 17 
7 17 
13 15 
2 5 8 
2 15 
20 26 
7 
11 
0 17 
2 5 17 
20 
7 
3 6 
0 2 
7 17 
13 17 
26 
0 2 17 

7 17 
2 3 
0 2 
26 
4 11 17 
17 
7 
1 11 
2 21 
0 2 15 

8 
6 8 12 

5 8 

6 17 
17 
0 2 14 17 
2 
26 

6 17 
0 5 11 15 
11 14 
0 5 31 
7 
11 
20 
13 17 
0 2 
0 5 17 
11 
2 
2 11 
0 2 5 
0 2 
5 17 26 
13 22 
2 15 17 
2 8 17 
2 5 8 17 
0 17 
0 15 17 
0 2 5 

0 2 
26 
2 5 8 17 
20 26 
0 2 
7 

2 
6 8 
2 17 
6 17 
11 
2 

7 
26 
2 15 
0 2 17 
11 14 
0 2 
6 
0 2 5 

6 8 28 
7 
6 8 12 
5 6 22 

20 26 
5 8 
11 
2 8 
11 
26 
17 
2 15 17 

20 
2 5 
7 
13 24 31 
1 13 
0 2 5 
7 17 
11 
2 7 17 
2 17 
26 
7 
0 15 17 
6 8 13 24 
7 
7 17 
6 17 
7 17 
2 5 
13 24 
11 24 

17 
6 14 15 
6 8 
6 17 
1 6 13 
7 
20 26 
2 5 
7 

5 6 8 17 
26 
6 19 
13 17 31 
20 
7 
0 2 17 
25 
9 30 31 
7 
7 17 
2 


11 
6 8 17 
0 2 
26 
26 
7 
0 2 
6 8 17 
6 12 17 
0 2 11 
8 
6 17 27 
6 8 
11 
20 26 


27 
5 6 12 
7 17 
20 
6 8 17 
2 
2 6 17 
4 11 17 
2 5 15 

11 
6 8 
3 15 
2 

0 5 8 15 
5 6 8 
20 26 


7 
4 11 17 
1 5 8 31 
0 17 
11 
6 17 24 
7 
0 2 
2 11 
2 15 
6 13 24 27 
11 
13 25 31 
2 5 14 
2 
4 11 17 
4 11 17 
19 
11 
2 14 

2 11 
26 
20 26 
17 26 
7 17 
8 
6 

26 
7 
6 8 
20 
7 
7 
4 14 24 
13 
20 
0 5 15 17 
6 
4 11 17 
0 2 11 
26 
6 17 
4 11 17 
6 12 
26 
11 
11 
20 
20 
7 17 
17 
7 
13 24 31 
20 26 
20 
7 


8 
7 
30 
26 
1 13 
11 
6 8 
19 26 

26 
0 15 17 
4 11 17 
6 12 
4 
6 12 
6 
3 8 
26 
10 
6 8 17 
0 2 
8 
5 8 24 
30 
26 
13 17 
26 

26 

4 11 17 
26 
13 22 24 27 

11 
20 
7 
11 
4 11 17 
13 22 27 31 
19 
11 
4 11 17 
6 12 17 
8 20 
11 16 
11 
13 15 
11 
4 11 17 

11 
20 
2 5 6 17 

11 
6 8 

8 13 
2 
20 26 
6 8 12 
2 6 
17 
5 
0 2 15 
6 
11 
26 
4 11 17 
5 8 13 
6 12 
7 
5 6 
4 11 17 
7 17 
17 30 
7 
2 5 14 
17 

20 

4 11 17 
0 2 
8 
4 11 17 
17 
5 8 

11 
7 

7 
11 
17 30 


7 
20 26 
4 11 17 
20 
6 13 17 

23 

4 11 17 
2 6 
7 
0 6 25 
6 17 
6 12 17 
7 17 

4 
5 6 19 
4 
30 
17 
4 11 17 
7 
13 22 25 
3 11 

0 5 14 17 
4 11 17 
0 2 9 
13 15 31 
20 
11 
0 15 17 

26 
2 5 8 
2 
24 30 
6 17 
19 

26 
0 15 
2 15 
13 24 31 
6 8 
6 8 
5 6 
5 6 



11 
2 17 
3 15 
3 24 
4 11 17 
19 
0 2 5 
2 
7 22 

2 7 

6 8 17 
13 24 

11 
8 30 

27 
11 
4 11 17 
5 6 17 
4 11 17 
13 15 
4 11 17 

13 
30 
20 

13 31 
15 24 
11 
30 
6 15 17 
8 
2 6 14 
6 8 12 
17 26 
11 
11 
4 11 17 
6 11 
4 11 17 
2 5 
6 17 
7 17 
13 
7 
26 
2 7 
7 
7 
0 8 28 
2 8 
7 
26 
7 
8 13 27 
7 
2 3 5 
7 

7 17 
5 8 9 
0 9 
17 
30 
17 
6 8 

17 30 
6 12 17 
6 8 
20 26 
7 


20 
26 
7 
17 

5 6 8 
6 12 
6 8 
6 8 17 
1 13 
20 
7 17 
15 

8 
8 23 25 
6 12 
26 
26 
1 13 27 



1 6 8 
4 

19 26 

0 
15 30 

19 
29 
4 
15 19 

9 30 
1 14 15 

19 

5 9 30 
3 

3 21 24 
3 
19 
19 
19 
2 25 
1 9 
1 13 

1 13 
14 
10 

27 
27 
27 
27 
27 
27 
27 
27 
27 
27 
27 
27 
27 
9 
19 26 
9 15 28 
1 13 
1 13 
4 
19 26 
19 
31 
19 
10 


3 15 21 
4 
19 
1 13 
5 
5 
3 9 15 
10 
31 
3 8 25 
4 

30 

31 



27 
18 

14 





1 13 
1 13 
0 
3 25 
18 
8 
11 25 
13 
0 
9 30 
19 
10 
4 
9 28 30 
5 
19 
5 19 
19 
19 26 
0 
24 

19 26 
5 

31 


4 
19 

1 13 
19 

9 30 
2 8 14 

18 
6 
6 8 


3 
4 
19 21 

3 8 21 


0 

9 21 30 
10 

19 26 
9 30 

19 
6 31 

3 15 
3 5 24 
1 13 
4 
15 24 
4 
18 
5 15 19 

19 

31 
6 
3 
19 
5 

22 
0 
19 
25 

19 28 

30 
19 26 

3 21 
1 13 
19 
19 
9 
9 30 

0 
19 26 
30 31 
10 

24 31 




4 


19 

19 
3 21 
6 
0 

0 
4 
12 20 25 
18 24 
30 31 
15 19 25 

19 
3 10 

7 9 30 31 
3 9 15 
19 
30 

4 
6 

3 8 10 
3 24 
9 30 
9 18 
3 
8 14 19 

3 15 
20 
19 

30 
6 15 27 
19 
8 9 30 
4 
4 
31 

15 
30 31 
19 

19 
9 30 
19 
11 

14 
4 



0 


14 
14 
22 
5 
1 13 
14 


3 25 30 
14 
19 
10 
19 
19 26 
4 

6 
19 

19 
19 
3 
19 
3 15 
19 
1 13 
8 9 30 
19 26 
5 
19 

19 26 
24 



9 30 

15 31 
5 
1 13 
5 
1 13 
3 21 
3 24 
1 13 


4 
13 15 25 28 
3 21 
3 15 
24 

3 25 
24 30 
19 
4 
3 21 

10 15 24 
24 30 
19 
1 13 
19 
24 
14 
10 
29 
2 8 30 
24 31 
15 
30 

19 
1 13 
3 5 9 15 
1 13 
2 
5 15 19 
4 
3 8 

5 
14 

3 9 15 
3 

19 26 
0 
3 
3 
19 
1 13 
19 
3 21 
3 
1 13 
27 
1 13 
4 
3 
19 26 

14 30 

1 13 
3 
19 26 
1 13 
10 
19 26 

9 21 30 
3 20 
31 


19 
8 14 
1 3 
1 13 
8 14 

1 3 
1 13 
0 14 24 
19 
1 13 
3 5 9 15 
1 13 


4 
4 

12 

1 13 
19 
3 
19 
3 21 
19 

1 13 
3 21 
15 31 
30 
3 5 
6 

29 
30 31 
3 21 
4 

2 
3 21 

6 
19 
3 21 
3 
19 
9 19 24 
3 9 15 
10 
10 

19 
3 
1 
1 21 


3 24 
19 
2 
1 13 
15 19 
22 
3 9 15 
9 11 

1 3 5 

6 30 
9 30 

4 

4 

19 

3 15 28 
18 19 28 

30 

3 9 15 
19 
10 
4 

4 
4 
4 
19 26 
10 
4 



8 14 
19 
14 
3 
3 26 

4 
31 
9 30 
1 13 
25 
10 
10 
3 9 15 
1 13 
3 
4 
1 13 
10 
10 
29 

8 14 

4 
3 6 24 
19 
19 

3 21 
3 
3 11 

15 26 


3 8 14 

19 26 
1 
19 
6 
3 21 

6 
3 
3 21 
12 

14 24 
3 9 15 
19 
3 21 

8 


28 
10 
15 21 24 
3 21 


3 
3 
19 26 
10 
3 24 27 
8 26 

31 





29 
1 9 21 

19 26 
1 13 

3 9 15 
3 15 
19 

10 

10 
8 25 

3 
10 
30 31 
8 30 
19 

3 
3 12 17 
12 17 25 
1 13 

5 
4 
19 

5 
1 13 

10 

3 5 12 17 
25 



1 13 
3 12 17 
3 
4 
2 12 16 22 
24 
8 
8 


1 13 
30 



19 
3 24 
8 9 30 
4 
30 
10 
4 


4 
10 
4 

24 
3 21 
1 13 


8 27 

15 
10 

10 
8 
3 24 
4 

3 
9 30 
3 28 
11 18 

3 
17 

19 
3 5 15 
8 
27 


4 
1 13 
3 15 
4 
18 24 
3 
24 28 

10 


24 
4 
2 11 31 
10 
6 9 17 
11 
2 14 

2 14 
6 13 31 
11 
11 

5 

5 17 

1 13 

19 
4 
2 11 31 
3 19 
6 14 
0 2 5 
3 8 
19 
5 19 
4 
11 18 
8 9 30 
6 12 
9 15 19 
8 9 30 
8 9 30 
8 9 30 
8 9 30 
9 15 22 25 
12 
8 9 30 
8 9 30 
12 
8 9 30 
12 
8 27 
8 9 30 
2 16 22 
12 
8 9 30 
9 15 19 30 
8 9 30 
18 24 
12 
2 6 16 21 22 
8 9 30 
8 9 30 
3 12 17 
8 9 30 
8 24 
2 16 22 31 
25 
8 27 
8 9 30 
8 9 30 
12 
13 24 
9 15 20 
11 12 18 
8 
8 25 
8 9 30 
12 
2 12 16 22 
24 
22 25 28 
12 31 
22 25 31 
27 
8 9 30 
9 14 15 
8 11 18 28 31 
8 9 30 
18 25 
8 9 30 
8 9 30 
8 9 30 
8 9 30 
2 12 16 22 
8 9 30 
0 2 12 16 22 28 
8 9 30 
8 24 31 
27 
8 9 30 
8 9 30 
8 9 30 
2 11 16 22 
24 
8 27 
14 19 24 
8 9 30 
6 19 24 
24 26 
12 24 
12 
8 
8 9 30 
2 11 16 22 
5 9 15 25 
22 25 
9 14 15 27 
9 15 25 
8 9 30 
8 9 30 
1 9 15 
3 5 12 17 
22 24 31 
2 12 31 
8 9 30 
9 11 18 28 
22 25 
11 18 22 25 
2 9 16 22 28 31 
8 9 30 
27 
27 
27 
27 
12 15 
12 
12 15 
27 
8 9 30 
12 30 
2 16 19 22 
22 25 
22 25 
0 9 11 18 28 
8 22 
8 9 30 
12 
12 31 
2 9 11 15 24 
2 14 16 19 22 27 
8 12 22 
8 25 
3 12 31 
12 30 
22 25 
27 
19 24 
27 
2 16 22 
23 25 
8 9 30 
27 
8 11 18 
8 9 30 
2 9 15 
8 9 30 
12 
27 
8 9 30 
24 
2 9 15 18 
8 9 30 
8 9 30 
2 9 15 18 
8 9 30 
8 12 
8 
8 12 25 
8 20 25 
8 9 30 
6 19 24 
8 25 
2 15 16 22 31 
2 16 19 22 28 
11 18 28 30 
9 15 
25 28 
27 
8 13 22 
8 27 
8 9 30 
8 9 30 
8 9 30 
11 12 
5 11 12 18 
24 30 
3 12 
8 9 30 
3 5 12 30 
27 
8 27 
8 9 30 
12 19 
2 9 15 
8 25 
18 22 25 
8 9 30 
6 12 25 31 
8 9 30 
12 
8 18 24 
27 
11 12 
8 9 30 
12 
9 15 19 
8 9 30 
1 13 15 25 
2 16 22 
27 
8 9 30 
8 9 30 
8 9 30 
19 22 25 
8 9 30 
8 9 30 
12 
8 9 30 
8 9 30 
9 12 15 
3 8 
2 8 16 22 31 
24 
12 
8 9 30 
8 22 25 
3 5 12 30 
25 
24 
13 15 25 
12 31 
8 9 30 
8 9 30 
11 18 30 
13 15 22 25 
9 15 28 
8 9 30 
8 25 
2 11 24 
8 9 30 
8 9 30 
9 15 28 30 
9 15 19 
8 9 30 
8 9 30 
2 9 15 
8 9 30 
12 
27 
8 12 
8 9 30 
8 9 30 
8 9 30 
8 9 30 
8 9 30 
15 25 
13 15 22 25 
8 9 30 
8 12 25 
2 9 15 30 
14 24 
2 9 15 
12 
19 24 
12 
8 9 30 
2 9 16 19 22 
8 25 
2 16 18 22 27 
8 9 30 
27 
12 25 28 
8 9 30 
24 28 
12 
25 
8 9 30 
8 27 
5 8 11 18 30 
8 25 
8 9 30 
8 20 
18 24 
22 25 
8 24 
2 16 22 28 31 
0 11 18 28 
8 9 30 
8 11 18 28 
6 19 24 
11 14 18 
19 25 
13 22 25 
8 25 
9 25 
1 14 15 25 
8 25 
9 15 
2 9 15 16 19 22 
25 
27 
24 31 
2 11 31 
22 25 28 
24 
12 31 
27 
2 11 31 
2 16 22 24 28 
11 18 
6 9 12 17 
24 
2 11 31 
22 25 
22 25 
6 21 24 
8 9 30 
8 11 18 
2 16 22 
8 9 30 
12 
18 24 31 
11 12 14 
8 9 30 
11 18 22 
8 27 
27 
24 
8 9 30 
27 
12 
8 25 
8 25 
0 8 12 28 
2 11 31 
8 24 
11 18 24 28 
12 
13 15 25 
2 12 16 22 
5 22 25 
8 27 
2 11 16 20 22 
5 12 
2 16 22 
2 11 18 25 
12 
27 
12 
12 
8 9 30 
13 15 19 25 
18 25 
8 9 25 
5 12 30 
13 15 25 
27 
8 9 30 
12 
3 5 12 
27 
5 6 12 
2 12 16 22 
2 11 31 
3 14 17 
22 25 
5 12 17 30 
22 25 
27 
11 18 22 
12 
5 12 17 
12 
8 9 30 
8 27 
8 9 30 
8 27 
2 16 19 21 22 
8 9 30 
12 
18 22 25 
3 12 30 
2 16 19 22 
0 8 11 18 30 
3 12 17 
3 5 12 17 

22 25 
8 27 
8 9 30 
2 11 31 
3 12 14 17 
2 11 31 
12 14 25 
8 11 18 
5 11 17 19 
8 25 
27 
8 9 30 
15 25 
27 
5 9 12 30 
11 19 25 
27 
1 8 
27 
7 25 
11 25 
11 24 31 
8 25 
12 
2 11 31 
5 12 
2 11 31 
11 14 18 
2 11 31 
2 11 31 
22 25 30 
5 8 11 12 18 
27 
6 19 21 24 
8 9 30 
2 11 31 
8 12 25 
2 11 31 
12 24 31 
8 9 30 
27 
19 22 25 
2 11 13 16 19 22 
3 5 12 17 
2 11 31 
0 11 18 
27 
8 25 
3 5 11 17 
3 12 17 
12 
8 25 
8 9 30 
11 24 
12 
12 
11 12 14 17 
2 12 16 22 
19 22 25 
8 9 30 
27 
3 5 12 
11 12 18 
25 
8 25 
2 5 16 22 
11 18 28 
0 11 18 
13 15 24 25 
13 15 25 
2 11 31 
25 
27 
8 25 
8 9 30 
12 19 24 25 
8 9 30 
8 9 30 
15 25 
27 
6 11 18 
3 5 12 17 
9 12 15 
8 9 30 
8 9 30 
27 
22 25 
2 11 31 
8 25 
8 11 18 
12 24 31 
8 27 
11 18 
11 18 28 30 
9 15 
2 5 16 22 
8 9 30 
3 5 12 
8 9 30 
2 12 16 22 
18 24 
18 24 
8 9 30 
2 16 19 22 
3 12 14 17 
2 9 11 15 29 
22 25 
2 12 16 22 
3 12 14 17 
8 9 30 
8 9 30 
5 12 17 
24 
2 9 11 15 31 
3 12 17 
2 6 16 22 
2 11 31 
2 12 16 22 
3 17 
5 12 30 
8 25 
2 5 17 
8 25 
3 12 
27 
8 9 30 
3 17 28 
25 29 
3 5 12 17 
8 9 30 
12 
8 25 
3 12 17 22 
12 28 
24 
3 12 17 
2 12 16 22 
8 9 30 
2 16 22 
2 12 16 22 
27 
27 
3 12 17 22 
8 24 
8 9 30 
8 25 
11 18 28 30 
27 
2 16 19 22 28 
3 5 12 
24 31 
24 
12 14 25 
2 3 17 
8 25 
5 30 
27 
25 
8 9 30 
3 12 17 
1 25 
12 18 25 
12 18 25 
13 24 
24 
8 9 30 
3 5 12 
2 12 16 22 
18 25 28 30 
27 
8 9 30 
5 12 17 
2 16 19 22 
3 6 12 
11 18 
27 
12 
11 18 24 28 
2 11 31 
2 16 21 22 
9 15 
2 11 31 
1 25 
3 5 12 17 
3 12 17 
2 16 21 22 
2 12 16 22 
27 
8 11 18 
27 
8 25 
8 25 
25 
5 12 17 
3 12 17 
2 16 22 25 
8 9 30 
27 
8 9 30 
27 
2 9 15 
25 
9 15 
11 18 
8 9 30 
19 25 
12 
2 12 16 22 
11 18 22 25 
27 
8 25 
2 16 19 22 
2 9 15 
3 12 17 31 
14 19 25 
25 
9 15 23 
24 
2 16 19 22 
24 31 
10 
15 
30 
16 18 
3 10 13 23 
3 14 26 
30 
5 
6 15 19 24 
24 27 
3 

3 8 31 

6 26 
9 
22 27 
30 

6 11 27 
6 15 24 
5 18 
3 17 
19 31 
3 29 31 
3 5 15 
19 
3 9 15 
4 
1 13 
1 13 
0 24 
11 16 
3 24 
4 
19 
8 
7 15 
3 
8 9 30 
8 15 
15 17 
3 
13 15 
6 
8 28 30 
8 9 30 
6 17 
8 9 30 

8 30 
15 20 
8 9 30 
8 9 30 
5 8 24 
8 9 30 

8 9 30 
11 24 
8 
25 
8 9 30 
8 15 24 
8 9 30 
8 15 19 
8 15 
8 9 30 
8 9 30 
8 9 30 
8 
8 9 30 
8 15 
8 29 31 
8 9 30 
8 9 30 
8 9 30 
0 15 
8 9 30 
8 9 30 
8 9 30 
6 8 24 
1 25 
22 25 
22 25 
22 25 
22 25 
19 22 25 
8 15 
6 8 9 
15 17 
8 25 
8 25 

8 25 
24 28 
9 11 14 18 31 
2 6 16 21 22 

0 8 
3 12 17 
3 12 17 
12 30 
5 12 27 
3 5 
19 
5 11 28 
8 15 
3 9 15 16 
9 15 19 
0 
24 31 
9 15 
9 11 15 19 
2 9 15 22 
9 15 18 
9 15 29 
9 15 22 
9 15 24 
6 19 21 24 
6 19 24 
12 19 
24 31 
1 

24 

24 
15 17 
14 15 24 31 
9 12 14 
12 
24 31 
27 
9 11 18 
11 18 24 28 
9 11 18 24 
0 11 18 
2 11 31 
2 11 31 
27 
27 
17 
17 
3 
3 
5 
8 15 17 

18 20 
5 15 
0 8 
8 15 17 

6 17 

5 8 15 
6 17 

11 
15 
15 25 
3 9 18 

3 12 17 
1 6 
15 
15 19 
3 15 17 19 
0 8 
8 
15 
0 9 
0 9 
19 
19 
12 
1 11 13 20 26 
1 11 13 20 26 
1 11 13 20 26 
1 11 13 20 26 

8 9 30 
27 
3 12 17 
2 16 19 21 22 
2 16 19 21 22 
1 11 13 20 26 
4 11 13 
4 11 13 
4 11 13 
4 11 13 
4 11 13 
4 11 13 
4 11 13 
4 11 13 
4 11 13 
4 11 13 
4 11 13 
4 11 13 
4 11 13 
1 11 13 20 26 
4 11 13 
1 11 13 20 26 
1 11 13 26 
1 11 13 20 26 
4 11 13 
24 
27 
19 25 
12 19 
19 


24 31 
27 
27 
27 
27 
27 
27 
27 
27 
2 11 31 
9 15 18 
9 15 
31 
11 18 31 
11 18 
11 18 
11 18 
11 18 
11 18 
11 18 
11 18 31 
11 18 
11 18 

5 10 20 27 
3 9 
7 

7 10 19 21 
4 11 20 

3 9 
7 

6 
20 
7 
3 9 
10 
3 9 

11 
12 16 24 
7 
0 
4 10 
3 6 9 

3 9 
10 
7 
27 

7 
7 

3 9 
7 
0 18 23 
20 

0 2 4 


7 
26 

3 9 
7 10 19 21 
10 

17 
17 29 
7 10 19 21 
20 
14 17 29 
1 4 11 13 20 
11 
10 17 
17 29 
13 
7 
13 
7 10 19 21 
7 
0 4 20 
8 17 29 
17 29 
4 
7 
20 
7 10 19 21 
20 
6 8 9 11 
3 9 
3 9 
6 

17 29 

3 9 
3 9 
4 29 
3 9 24 
13 
13 20 
10 13 
13 20 
1 13 
0 
4 13 
11 
7 10 19 21 
4 11 13 
7 10 19 21 
11 
3 9 
8 17 29 
23 27 
17 29 
3 9 
26 
4 20 
7 10 19 21 
4 13 20 
1 13 
0 4 
20 
7 10 19 21 
17 
11 
4 
17 29 
6 
7 10 19 21 
13 20 
26 
3 9 
0 4 20 
3 9 
23 27 

11 
4 
13 20 
10 
0 
7 10 19 21 
6 15 
0 
13 
3 9 
3 9 
11 17 29 
1 3 9 
4 13 
20 
13 
10 
11 
17 29 
23 
7 

4 13 20 
20 
4 13 20 
3 9 
3 9 
7 10 19 21 
0 4 
17 29 
3 9 
4 11 
10 
11 
7 10 19 21 
8 17 29 
7 10 19 21 
0 13 
3 9 
3 9 
4 23 
26 
20 


4 20 
13 
4 20 
7 
17 19 29 
7 10 19 21 
3 9 
7 10 19 21 
3 9 
26 
30 
4 11 13 
3 9 
0 
7 10 19 21 
25 

3 9 
11 13 
0 4 
17 
6 15 
17 29 

10 
7 10 19 21 

3 9 
4 17 29 
17 29 
0 4 6 
0 

0 18 23 
3 6 9 
3 9 
3 9 

0 4 
4 
3 6 9 
10 17 
13 
4 13 20 
7 10 19 21 
0 2 4 6 
3 9 

3 9 
10 
10 
3 9 
3 6 9 

30 
4 11 
0 2 4 6 
4 11 13 
3 9 24 
7 10 19 21 

20 23 
11 
0 2 4 
3 9 
7 10 19 21 
11 
7 10 19 21 
16 
7 10 19 21 
3 9 
7 10 19 21 
11 
11 
4 11 
10 
4 13 
21 
3 9 
7 10 19 21 
4 6 
3 9 
8 17 29 
17 29 

1 
11 
17 29 
11 
21 
3 9 

7 17 22 31 
1 
8 17 29 
20 
7 10 19 21 
26 
26 
8 17 29 


21 
13 
17 
23 27 
3 9 

6 9 11 
10 17 

4 
17 
3 9 
7 10 19 21 
7 10 19 21 
11 
23 
8 19 26 
26 
7 10 19 21 
0 2 18 
7 10 19 21 
23 
3 9 
3 9 

7 10 19 21 
0 4 6 
20 27 
3 9 
17 29 
3 9 
8 17 29 

0 4 20 
17 29 
7 10 19 21 
7 10 19 21 
4 11 26 
1 
11 
7 10 19 21 
13 
17 
7 10 19 21 
3 9 
6 
11 
7 10 19 21 
3 9 
7 10 19 21 
13 
6 
7 10 19 21 
1 3 9 
11 

3 9 
17 29 
7 10 19 21 

17 29 
0 4 
0 18 23 
17 29 
20 
4 11 20 
4 10 29 
10 13 
17 29 
4 11 20 
7 10 19 21 
0 18 23 
7 10 19 21 
3 9 
10 17 
7 10 19 21 

7 10 19 21 
3 9 

3 9 
17 
7 10 19 21 
7 10 19 21 
7 10 19 21 
7 10 19 21 
7 10 19 21 
7 10 19 21 
3 9 
0 13 
3 9 
4 13 
3 9 
11 

3 9 
4 
3 9 
7 10 19 21 
10 


11 13 16 20 
7 10 19 21 
7 10 19 21 
7 10 19 21 
26 
11 
20 
3 9 
6 9 11 
17 29 
11 
3 9 
2 29 
17 29 
7 10 19 21 
0 18 23 
1 13 

0 18 23 
0 13 
7 

7 10 19 21 
26 
11 13 20 

7 10 19 21 
13 
7 10 19 21 
3 9 
3 9 19 
3 9 
26 
11 
7 10 19 21 
17 
5 10 20 27 
6 9 11 
0 2 4 
7 10 19 21 
3 9 
6 

17 
17 29 
11 
7 10 19 21 
0 10 
3 9 
6 9 11 
3 9 
0 2 18 
26 
17 29 

10 17 
20 27 
0 

6 9 11 
13 
4 
3 9 
20 
0 4 


4 11 
13 
11 
10 
7 10 19 21 
0 10 
3 9 
7 10 19 21 
7 10 19 21 
3 9 
7 10 19 21 
3 9 
17 29 
11 
17 29 
7 10 19 21 
17 29 
0 4 6 
9 11 
10 17 
13 
14 23 
17 29 


0 2 4 6 
6 9 11 
7 10 19 21 
3 9 
3 9 
4 11 
10 17 
4 
0 
20 27 
8 17 29 
10 
4 20 
3 9 
7 10 19 21 
10 20 
10 17 
3 9 
17 29 
6 
1 13 

3 9 
3 9 

7 10 19 21 
6 
11 
30 
1 4 13 
13 
7 10 19 21 
10 
17 29 
8 17 29 
3 9 
17 29 
3 9 
3 9 
7 10 19 21 
11 
13 
7 10 19 21 

7 10 19 21 
0 2 18 
13 
17 
20 

7 10 19 21 
7 10 19 21 
11 
13 
4 11 13 
0 4 6 
3 9 
0 
13 
0 2 4 6 
3 9 
10 
6 
17 29 
7 10 19 21 
17 29 

10 13 
1 13 
10 
7 10 19 21 

7 10 19 21 
4 
20 
3 9 
3 9 
7 10 19 21 
29 
17 29 

3 9 
4 
3 9 
0 13 
11 
13 20 
17 29 
15 17 29 
3 9 
7 
3 9 
3 9 
7 10 19 21 

10 
13 
17 29 
2 16 22 
11 
10 
10 
17 29 
14 17 29 
2 7 

13 
10 13 
7 10 19 21 
26 
0 2 4 6 
13 21 
17 
3 9 
3 9 
17 29 
0 
10 
17 29 
10 
0 
3 9 
10 
13 
7 10 19 21 
7 
11 
6 
7 10 19 21 
7 10 19 21 
4 
7 10 19 21 

10 17 
7 10 19 21 
7 10 19 21 
4 14 
0 2 4 
7 10 19 21 
0 13 
3 9 
17 29 

6 
0 2 18 
10 
10 17 

7 10 19 21 
7 10 19 21 
7 10 19 21 
7 10 19 21 
7 10 19 21 
3 9 
10 31 
3 9 
10 17 
8 17 29 
3 9 
30 
10 17 
3 9 
17 29 
0 18 23 
7 10 19 21 
10 17 
26 


13 
30 

10 
19 

10 17 

26 
2 7 
20 
17 29 
0 10 
10 
14 17 29 
17 
1 13 
8 17 29 
3 9 
14 29 
10 17 
8 17 29 
6 
6 

17 
13 
17 29 
1 
0 
17 29 
14 17 29 
17 29 

13 
0 13 

0 
13 
10 
3 9 
13 

6 11 
3 9 14 
11 
17 
13 
8 17 29 
1 29 
1 4 11 20 
10 
10 
4 7 31 
4 29 
7 29 31 
1 13 

1 
7 14 29 
4 
20 25 27 
14 29 
7 10 
7 
7 20 

7 
7 10 
7 
0 14 20 27 

7 
7 31 
3 10 20 
1 13 
7 
5 20 27 

4 
6 24 25 
1 13 
1 
6 19 24 
6 24 25 
14 29 
4 29 
6 24 25 
4 
6 24 25 
10 
10 20 27 

1 6 11 24 
6 24 25 
4 19 
18 26 
9 15 23 
6 24 25 


6 24 25 
10 16 
4 7 10 
14 29 
1 
1 
1 
6 24 25 

10 
6 24 25 
1 
1 5 20 
6 24 25 
7 31 
1 13 
6 24 25 
1 
4 
4 
6 24 25 
10 
10 29 

4 14 
4 7 
14 20 
14 29 
6 24 25 
1 
6 24 25 
7 10 20 
1 
1 
9 20 
6 24 25 
25 

6 24 25 

14 29 
1 
1 
5 7 18 31 
4 
6 24 25 
14 29 
4 
4 
6 24 25 
25 
1 5 20 

6 24 25 

1 
7 10 29 31 
6 24 25 
10 

10 20 27 
6 19 24 
4 25 
14 29 
6 24 25 
4 
6 24 25 
14 29 
14 29 
1 
14 29 

20 27 
7 31 
1 
1 
1 
10 
1 20 
20 
29 
6 9 24 25 
14 29 
6 24 25 
1 
5 6 24 27 

25 
4 
6 24 25 
1 
1 
6 24 25 
20 25 
4 
1 
25 27 
4 
6 24 25 
4 
6 24 25 
6 24 25 
14 
5 8 23 27 

1 
14 29 
6 24 25 
7 31 
4 
14 29 
1 
1 
1 
1 
25 
4 7 10 
1 
4 
7 10 31 
4 
1 13 
6 24 25 
4 29 31 
9 19 
6 24 25 
20 27 
6 24 25 
25 
1 
14 29 
1 
14 
6 24 25 
14 29 
6 19 24 
10 

6 24 25 
6 19 24 
4 
16 31 
6 24 25 
14 29 
1 
20 
4 
4 
6 24 25 
10 
20 26 
1 20 
6 27 
1 13 
4 7 29 
3 28 
3 5 23 27 
4 
6 24 25 
4 29 
6 24 25 
6 24 25 
20 
29 
6 24 25 
6 24 25 
4 
6 24 25 
14 29 
4 
14 29 
3 6 24 
4 
0 20 28 
7 31 
4 
1 
5 18 31 
6 24 25 
3 10 20 
4 
4 29 
4 7 29 
6 
6 24 25 
4 
9 25 
3 6 24 25 
20 27 
4 
1 14 
6 24 25 
4 7 31 
5 6 24 27 
5 20 27 
10 16 
10 29 
1 
6 20 25 27 
1 
1 
14 29 
1 
14 29 
1 
1 
4 
1 
3 5 23 27 
14 29 
6 24 25 
6 24 25 
14 29 
14 29 
6 
14 29 
5 7 23 27 
4 
14 29 
1 
10 16 
6 24 25 
14 29 
14 29 
1 
6 24 25 
4 29 
14 29 
1 
3 5 23 27 
1 
5 6 24 27 
4 
20 25 
6 24 25 
1 
1 
4 7 31 
10 20 27 
6 24 25 
1 
1 
4 7 
10 
7 29 
1 
1 13 
7 10 16 
1 13 
1 8 
8 13 26 29 
6 24 25 
4 29 
1 
7 14 20 
6 24 25 
4 
20 27 
10 
4 
4 
1 
1 
7 29 31 
1 
6 24 25 
10 16 
14 29 
20 
4 30 
4 
10 
20 27 
1 
14 29 

1 
10 
4 10 
14 29 
1 
1 
6 24 25 

7 29 31 
4 
14 29 
10 
6 24 25 
0 20 30 
6 24 25 
1 
4 
10 
1 
1 
1 
20 27 
14 29 
1 
1 
1 
5 23 27 
4 
4 
2 5 16 19 22 
6 19 24 
14 29 
3 10 20 
1 13 
6 24 25 
4 
4 
2 16 22 
14 29 

4 
6 24 25 
3 6 24 
6 24 25 
14 29 
1 
1 
6 24 25 
1 
1 
4 

6 24 25 
1 
1 
6 24 25 
1 13 
0 20 30 
14 29 
4 

3 6 8 24 
14 29 
14 29 
1 
10 
10 
4 7 29 
20 26 
5 20 27 
14 29 

1 13 
14 29 
1 

14 29 
1 
1 
14 29 
3 6 24 25 
14 29 
20 
20 25 
1 
1 
14 29 
14 29 
7 10 
6 19 24 
4 29 
4 
1 
1 
1 13 
5 20 27 
11 12 16 28 
10 20 27 
1 
14 29 
7 29 31 
4 10 
1 5 20 
4 29 31 
1 11 
6 24 25 
1 
1 
1 
6 24 25 
14 29 
4 
20 25 
1 
20 27 
0 20 
14 29 
4 
1 
5 20 27 
14 29 
14 29 
1 
14 29 
14 29 

3 5 23 27 
20 
1 
4 
14 29 
3 6 8 24 
1 5 20 
5 20 27 
14 29 
20 27 
14 29 
14 29 
25 27 
14 29 
1 
4 
1 
4 
1 
1 
20 27 
20 26 
5 20 27 

14 29 
1 13 
14 29 
1 30 
14 29 
1 
14 16 
1 
4 
6 24 25 
14 29 
14 29 
14 29 
3 6 24 
20 26 
14 29 
8 19 26 28 
14 29 
6 24 25 
6 24 25 
4 
14 29 
4 7 31 
20 27 
10 
1 
4 7 29 31 
14 29 
14 29 
1 
5 20 27 
6 24 25 
6 24 25 
6 24 25 

6 24 25 
4 
10 14 20 
4 
1 
3 10 20 
1 5 

1 
10 14 20 
7 10 
1 
7 16 31 
6 24 
4 
20 25 27 
14 29 
14 29 
0 20 30 
14 29 
8 13 26 29 
4 7 14 29 
0 20 27 
20 27 
14 29 
14 29 
5 20 23 27 
14 29 
10 20 27 
1 
1 
1 
3 6 24 
10 
6 24 25 
4 29 
1 
14 29 
4 
6 24 25 
5 7 18 31 

20 25 27 
10 
5 10 20 27 
10 14 20 
4 
14 29 
4 7 29 
1 
3 10 20 
1 
20 26 
4 
1 
14 29 
5 20 27 
4 
6 24 25 
14 29 
20 26 

16 29 31 
25 27 
1 13 
7 10 
14 29 
1 
6 24 25 
6 24 
2 16 22 
4 7 29 

20 27 
11 12 16 28 
10 29 31 
1 
14 29 
4 29 

7 14 20 
6 24 25 
14 29 
1 
4 7 29 
0 20 27 
3 10 20 
1 13 
14 29 
1 
6 24 
4 
20 27 
14 29 
25 
6 24 25 
1 5 
4 
4 6 
5 20 23 27 
1 
1 
20 25 
7 31 
1 
4 
4 
4 10 29 
14 29 
14 29 
0 20 30 
9 20 
4 7 29 
1 
14 29 
20 
16 31 
1 15 
14 29 
4 
6 24 25 
20 27 
1 
4 
4 7 29 
1 
4 7 29 31 
10 20 27 
7 10 

3 6 24 
10 
4 28 
4 29 
7 31 
20 27 
4 10 29 
1 
1 
4 7 29 
4 
1 13 
4 
14 29 
0 20 27 
4 
7 29 31 
1 
4 29 
6 24 25 
1 
25 
6 24 25 
20 26 
14 29 
1 
1 
7 31 
6 21 25 
4 7 
10 
20 27 
14 29 
4 
14 29 
10 14 20 
1 
14 29 
14 29 
14 29 
4 
9 20 
10 20 27 
1 
20 25 
4 
4 29 
10 20 27 
7 20 
10 
4 7 29 
25 
0 20 
8 13 26 
9 15 30 
6 24 25 
4 
7 14 20 
4 29 
14 29 
4 10 29 
4 
4 
4 25 
1 20 
14 29 

14 29 
4 10 29 
20 27 
4 
1 
7 
4 
20 
10 16 
1 20 
4 10 
5 20 27 
1 5 
7 14 20 
14 29 
0 20 30 

7 10 
6 24 25 
0 20 27 
4 
4 7 29 
5 7 18 31 
20 27 
1 
1 
10 20 27 
20 
1 
14 29 
10 
3 5 10 
10 20 27 
10 20 27 
11 12 16 24 
1 
1 
4 29 
1 

4 29 
9 20 
20 26 
4 

4 31 
26 
26 
3 10 20 
20 26 
5 10 20 27 
4 29 
1 
1 
4 
4 

0 20 27 
10 
4 
14 29 
4 
4 
14 29 
4 10 
14 29 
20 27 
4 29 
4 7 29 
0 20 
20 27 

4 29 
14 29 
7 29 
7 
4 7 31 
16 29 
14 29 
14 29 
14 29 
6 24 25 
14 29 
1 
0 20 30 
4 

5 20 27 
20 
4 

6 24 25 
14 29 
1 
14 29 


























24 
29 31 
2 16 19 22 
29 31 
18 19 26 28 
4 
5 7 18 31 
5 6 12 16 18 
29 31 
21 
21 
2 16 20 22 
5 7 18 31 

29 31 
21 

6 11 12 16 28 
11 12 16 24 
5 6 18 31 
6 12 16 24 
8 13 19 26 
21 
29 31 
2 16 22 
15 


5 18 31 

5 7 18 31 
12 16 24 
4 21 28 
5 18 31 
4 
5 7 18 31 
5 18 31 
8 13 26 28 
29 31 
18 21 26 28 
6 11 12 16 24 
29 31 
9 12 15 28 
18 19 26 28 
5 18 31 
5 18 31 
12 14 16 24 
6 12 16 24 
21 
12 18 26 28 
5 18 31 
2 16 19 22 
21 
5 18 31 
18 26 28 
21 
5 18 31 
5 18 31 
5 7 18 31 
5 18 31 

5 7 18 31 
5 7 18 31 
4 
4 21 24 
5 6 12 16 18 31 

29 31 
8 19 
21 
5 18 31 
29 31 

2 16 21 22 
24 
29 31 
4 
5 6 12 16 18 31 
4 
29 31 
21 
2 8 16 20 22 
2 16 19 22 24 
15 
29 31 
12 16 20 28 
5 6 15 18 31 
29 31 
5 7 18 31 
21 
11 12 16 24 
11 12 16 24 
5 7 18 31 
12 16 28 
4 21 28 
4 23 
11 12 16 24 
29 31 
12 18 26 28 
29 31 
5 18 31 
5 18 31 
5 7 18 31 
12 16 28 
5 18 31 
29 31 
21 
4 21 28 
5 18 31 
4 19 28 
4 21 23 
5 18 31 
5 18 31 
5 18 31 
29 31 
4 28 
5 7 18 31 
8 
18 26 28 
6 11 12 16 24 
3 5 18 31 
12 16 28 
5 18 31 
4 28 
29 31 
21 
5 7 18 31 
4 
12 18 26 28 
12 16 28 
5 7 18 31 
12 18 26 28 
12 18 26 28 

5 7 18 31 
21 
5 18 31 
4 21 28 
4 
4 
24 
15 
19 
5 6 12 16 18 
5 7 18 19 31 
6 8 26 
8 24 26 
6 8 26 
21 

4 28 
12 16 28 
29 31 
4 
29 31 
5 6 18 31 
18 24 26 31 
5 6 12 16 18 31 
12 16 28 31 
2 16 21 22 
5 18 31 
5 18 31 
5 7 18 31 
6 9 15 28 
5 18 19 31 
5 18 31 
4 28 
4 28 
12 16 28 31 
8 13 26 29 

12 16 20 28 
5 7 18 31 
5 7 18 31 
4 21 28 
6 11 12 16 28 
5 6 12 16 18 31 
24 

12 18 26 28 
18 26 28 
12 16 24 
4 
5 7 18 31 
24 
5 7 18 31 
4 21 28 
5 18 31 
6 11 12 16 28 
5 6 12 16 18 31 
12 16 24 
5 18 31 
11 18 26 28 

24 
12 16 24 
5 18 29 31 
12 16 28 
5 18 31 
18 26 28 
21 
5 18 31 
12 16 24 
5 18 31 
29 31 
15 
5 7 18 19 31 
12 18 26 28 
12 16 20 28 
29 31 
9 15 
29 31 
12 16 24 
11 12 16 28 
3 12 16 24 
6 11 12 16 24 
18 24 26 
29 31 
8 26 29 

29 31 
18 26 28 
18 21 26 28 
12 16 20 28 
12 14 16 24 
18 23 26 
4 21 28 
12 16 25 28 
5 6 18 31 
12 16 28 
18 26 28 
2 16 21 22 

8 13 26 28 
5 18 31 
5 11 16 18 31 
5 18 29 31 
5 6 18 31 
5 18 31 
12 16 24 
5 7 18 31 
5 6 12 16 18 31 
11 12 16 24 
29 31 
12 16 28 
18 26 
11 12 16 24 
5 7 18 31 
5 7 18 31 
5 14 18 31 
5 7 18 31 

5 6 12 16 18 31 
2 16 18 22 31 
18 23 26 
12 16 24 
18 26 28 
2 16 19 22 
29 31 
2 16 22 31 
12 16 24 

12 16 28 
21 
15 
2 16 19 21 22 
12 18 26 28 
8 13 26 29 
11 12 16 20 24 
5 18 31 
11 12 16 24 
5 18 31 
5 11 18 31 
5 6 18 31 
12 14 16 
16 18 26 28 
18 26 28 
24 
12 16 28 
18 26 28 
5 18 31 
6 11 12 16 24 
4 21 28 
18 21 23 26 
5 7 18 31 
5 18 31 
9 11 15 
12 16 24 
24 
21 

21 
9 15 
4 
18 26 28 
2 16 22 
11 12 16 24 
15 
29 31 
21 
5 18 31 
24 
4 21 28 
29 31 
8 26 29 31 
11 12 16 24 
21 
4 
2 5 16 20 22 
4 21 28 
6 12 16 28 
5 18 31 
24 
5 11 16 18 31 
4 21 28 
5 18 31 
2 16 21 22 
5 18 31 
8 13 26 28 
29 31 
29 31 
4 21 28 
5 18 31 
18 26 28 
29 31 

12 18 26 28 
6 12 16 24 
21 
2 16 21 22 31 
24 
11 12 16 28 
29 31 
2 16 21 22 
29 31 
18 26 28 30 
12 16 20 28 
18 23 26 
4 
1 8 19 26 
2 12 16 22 
5 6 12 16 18 
6 12 16 19 24 
8 13 26 28 
12 16 28 
5 18 31 
8 13 26 28 
18 26 28 
12 18 26 28 
21 
18 23 26 
8 19 26 29 
2 16 19 22 24 
18 23 26 

18 26 28 
18 23 26 
21 
18 26 28 
9 15 
29 31 
5 18 29 31 
4 
9 13 15 30 
5 18 31 
5 12 16 24 
8 13 26 28 
29 31 
8 13 26 29 
5 18 31 
4 
4 21 

29 31 
2 9 15 
4 28 
4 
5 18 30 31 
4 
18 26 28 
5 18 31 
8 19 26 
11 12 16 24 
6 12 16 28 
6 11 12 16 24 
9 15 
5 18 31 
29 31 

12 16 28 
12 18 26 28 
25 
12 18 26 28 
24 
29 31 
29 31 
11 12 16 24 

29 31 
18 26 28 

8 24 26 
18 21 26 28 
21 24 
4 21 

18 26 28 
5 6 12 16 18 31 
12 16 28 
12 18 24 26 
25 29 
29 31 
2 16 21 22 
4 21 23 
9 15 
8 13 26 29 
18 26 28 
5 16 18 22 31 
18 26 28 
5 7 18 31 
29 31 
11 12 16 28 
29 31 
6 12 16 28 
4 
5 7 18 31 
4 28 

18 26 28 
12 16 24 
5 12 16 24 
4 21 28 
4 28 
12 18 26 28 
9 15 18 
4 21 28 
4 

5 18 31 
18 19 26 28 

29 31 
5 18 31 
5 18 31 
22 
21 
11 12 16 24 
11 16 18 26 28 
5 18 31 
6 12 16 24 
2 5 16 19 22 
29 31 
11 18 26 28 
2 9 16 19 22 
29 31 
12 16 24 
2 16 20 22 
18 26 28 
4 
21 
2 11 16 19 22 
5 18 31 
18 26 28 
29 31 
12 16 20 28 
4 21 28 
29 31 
5 18 22 31 
18 26 28 
12 16 28 
8 13 26 29 
24 
21 
29 31 
4 
29 31 
4 28 

5 18 31 
29 31 
4 21 28 
11 12 16 24 
12 16 24 
5 18 31 
5 12 16 18 31 
21 
21 
12 16 28 
29 31 
5 7 18 31 
12 16 28 31 
5 6 12 16 18 
12 16 28 
6 12 16 24 
29 31 
5 7 18 31 
18 26 28 
2 16 21 22 
18 21 26 28 
15 
24 

12 16 24 
6 12 16 28 

6 12 16 28 
4 28 
8 13 19 26 
24 
5 11 18 19 31 
18 21 26 28 
9 15 
12 18 26 28 
4 
8 16 26 29 
12 16 28 
12 16 28 

4 
5 18 31 
5 18 31 
24 
2 16 21 22 
2 5 18 31 
5 7 18 31 
5 18 31 
12 18 26 28 
18 26 28 
4 
11 12 16 28 
29 31 
29 31 
29 31 
12 18 26 28 
5 18 31 
11 12 18 26 28 
11 12 16 28 
18 21 23 26 
8 13 26 29 
21 
29 31 
2 16 22 
5 18 29 31 
8 14 19 26 
12 16 24 
18 26 28 

18 26 28 
5 18 31 
2 16 19 22 28 31 
6 12 16 28 
12 14 16 28 
5 7 18 31 
18 26 28 
8 13 26 29 
24 
12 16 28 
25 29 
5 7 18 31 
21 
14 18 26 28 
5 18 31 
5 16 18 22 31 
2 16 21 22 
5 6 12 16 18 31 
5 16 18 22 31 
2 16 20 22 
5 18 31 
8 13 26 29 
29 31 
18 26 28 
29 31 
15 
8 13 26 29 
18 23 26 
12 16 20 24 
18 24 26 
5 18 31 
24 
4 
29 31 
29 31 
5 18 31 
29 31 
4 
6 11 12 16 24 
2 16 21 22 
6 8 26 
8 21 26 
5 16 18 22 31 
5 7 18 31 
29 31 
18 26 28 
29 31 
29 31 
11 18 26 28 
18 21 26 28 
24 
5 8 26 28 
5 18 31 
4 
12 14 16 28 
4 
24 
18 26 28 
5 7 18 31 
11 18 26 28 
18 23 26 
12 16 28 
8 25 
5 18 30 31 
5 18 31 
6 8 26 
11 12 16 19 28 
4 28 
4 
15 21 
5 18 31 
2 16 19 21 22 
18 26 28 
4 21 28 
11 12 16 24 
6 11 12 16 28 
2 16 21 22 
18 26 28 
4 21 28 
29 31 
5 6 18 31 
29 31 
24 
18 26 28 
8 14 26 
4 
12 16 28 
11 12 16 28 
12 16 28 
18 26 28 
21 
2 8 16 20 22 
15 
8 19 26 
6 8 26 
29 31 
29 31 
2 8 16 20 22 

11 12 16 28 
4 
21 
21 
5 12 16 18 31 
15 
15 
2 5 18 31 

18 26 28 
18 26 28 
29 31 
2 16 21 22 

6 12 16 28 
21 
5 18 31 
18 26 28 
5 18 31 
8 13 26 29 
8 13 26 29 
21 
11 12 16 28 
4 21 28 
29 31 
8 26 29 
8 13 26 29 
2 16 21 22 
4 23 
4 21 23 
18 23 26 
18 21 23 26 
15 
8 13 26 29 
29 31 
29 31 
5 18 31 
12 18 26 28 
2 16 22 
18 23 26 
5 18 31 
2 16 19 22 
18 23 26 
21 
2 9 15 
29 31 
2 16 19 22 
4 21 28 
4 23 

11 12 16 28 
4 
29 31 
29 31 
29 31 
5 18 31 
4 21 23 
2 16 19 22 
2 16 21 22 

5 18 31 
19 
5 18 30 31 
29 31 
29 31 
29 31 
4 28 
29 31 
21 
6 12 16 28 
12 16 28 
18 23 26 

4 23 

8 13 26 29 
4 
19 21 
18 26 28 


18 23 26 
15 
18 21 26 28 
25 29 


12 16 24 
6 12 16 24 
8 19 26 
4 28 
18 19 23 26 
15 
15 21 
29 31 
29 31 
29 31 
12 14 16 24 
1 12 16 28 
18 26 28 
8 13 26 29 
2 3 14 16 19 22 
8 13 26 29 
8 13 26 28 
29 31 
18 24 26 
8 24 26 29 
18 19 26 28 
18 
4 23 
10 16 
19 21 
15 
18 23 26 

29 31 
21 
21 
29 31 
4 21 28 
5 18 31 
6 12 16 28 
2 16 21 22 
2 8 16 20 22 
29 31 
5 18 31 

29 31 
18 26 



24 
29 31 
18 26 28 
24 
8 26 
10 16 
11 12 16 24 
29 31 

4 28 
29 31 
29 31 
9 15 29 
2 16 22 31 
6 12 16 28 
12 14 16 28 
5 18 31 

29 31 
29 31 
7 10 
7 
7 
7 10 
7 
7 
7 20 
7 
7 
7 10 
7 10 20 
7 
7 10 
7 10 
7 
7 10 
7 10 20 
7 10 
7 
9 14 15 
7 
7 
18 26 28 
7 10 
4 
6 24 25 
7 20 
4 
5 20 
10 


5 6 10 20 
5 20 
10 20 
10 20 
20 
7 20 
6 17 
4 17 
24 
5 23 
7 10 
7 
10 20 
7 20 
7 
7 
7 
7 
10 
7 

7 
7 10 
7 10 
7 
7 
7 10 
7 20 
7 
7 10 20 
7 10 
7 10 
6 18 

3 16 
7 
7 
7 10 
7 
13 
7 10 20 
7 10 20 

8 19 26 28 
7 20 
8 
18 26 28 
29 31 
12 16 19 24 
29 31 
6 11 12 16 28 
12 16 19 28 
8 20 
9 15 
11 12 16 28 
29 31 
12 16 28 
4 
1 
0 2 
7 10 
5 7 18 31 
5 18 31 
15 

29 31 
29 31 
2 5 11 16 19 22 
8 19 26 29 
9 15 
4 21 28 
5 18 31 

2 16 19 22 
4 21 25 
21 
5 16 18 22 31 
2 16 21 22 
2 8 16 20 22 
9 15 30 
2 11 16 19 22 
29 31 
5 18 31 
29 31 
8 26 29 
29 31 
29 31 
24 
18 23 26 

5 18 31 
18 26 28 

12 16 28 
4 21 28 
29 31 
11 12 16 28 
4 28 
4 12 28 
2 16 21 22 
21 
18 26 28 

15 
18 21 26 28 

20 
0 2 10 

13 17 23 
0 10 20 
2 7 25 


0 23 
0 2 23 
2 23 25 
11 27 

10 23 27 28 
13 17 23 
17 
27 28 
0 13 23 

19 
23 27 28 
0 10 20 
1 
17 23 
20 25 28 


12 

17 19 
20 25 27 

23 25 28 
9 17 
10 
0 2 20 27 
20 25 28 
17 23 
17 23 
20 29 
27 28 

9 

0 23 27 28 

20 25 28 
1 17 23 
8 
20 25 27 28 
23 

23 28 
12 20 27 29 

17 23 
2 7 14 
23 25 
20 28 
20 25 
10 
17 25 28 
25 28 
17 23 




14 17 



13 27 

23 25 28 

23 31 
0 13 23 
0 20 27 
10 23 25 28 
23 






12 27 
23 25 28 
23 25 28 
0 20 25 27 
17 23 
0 12 20 25 29 

7 14 
13 17 23 
20 25 28 

0 10 23 
0 20 25 27 28 

17 
2 10 23 25 28 
23 25 
0 14 23 
17 23 
23 27 28 
22 27 
19 23 
2 23 25 28 
10 
7 14 25 

10 
1 3 


17 23 
11 
0 14 23 
6 23 
0 27 28 


20 23 25 27 28 
10 23 25 27 
15 20 
20 23 25 28 
10 20 23 28 
17 23 
9 19 23 

19 23 25 28 

13 15 17 23 

23 

2 7 14 

7 14 

22 27 
22 27 
20 23 25 27 28 
2 23 25 27 28 
22 27 
23 
22 27 

22 27 
0 2 23 25 27 28 
11 
0 2 23 27 28 
22 27 
2 23 25 28 
3 14 17 

17 23 
22 27 
0 2 23 25 27 28 
23 25 28 
10 
7 14 
10 12 27 

25 28 

3 
23 
12 
10 20 23 25 
13 23 
2 23 25 28 
22 27 

23 25 28 
22 27 
22 27 
23 
0 2 25 
23 
12 14 
0 2 27 28 
22 27 
22 27 
14 17 
11 25 
3 14 
20 23 27 28 

22 27 
22 27 
0 2 23 25 28 
22 27 
23 25 28 
10 12 
17 23 

8 22 27 
17 22 27 
13 17 23 
22 27 
22 27 
0 2 10 
20 23 27 28 
10 
12 
3 14 17 
2 25 28 
14 
13 23 
22 27 
20 23 27 28 
23 
22 27 31 
2 14 23 25 28 
12 
2 23 25 28 
3 
17 23 

17 23 
11 

3 14 17 
19 
0 2 23 28 
22 27 

2 20 23 27 28 
2 23 25 28 

22 27 
19 
11 25 
23 
23 
0 23 
23 
13 17 23 
0 2 25 
7 14 
22 27 
12 
23 
22 27 
12 14 17 
10 12 
11 
10 
2 7 25 
14 

20 28 
2 7 19 

10 
13 23 
11 25 
20 25 28 
17 23 
15 31 
0 23 
0 23 
1 10 23 
10 23 
0 10 20 
23 27 28 
20 23 25 28 
23 
0 10 23 

22 27 

23 


3 
7 25 
2 7 25 
2 7 25 
0 23 
22 27 
19 
11 25 
13 23 
2 7 
2 23 25 28 
22 27 
2 20 25 28 
23 
22 27 
22 27 
8 20 23 25 27 28 
22 27 
13 17 23 27 
20 23 27 
0 13 23 
22 27 31 
2 8 23 25 28 
2 20 23 25 28 
2 23 25 28 
17 23 
20 23 28 
2 23 25 28 
10 23 
22 27 
12 
22 27 
2 23 25 27 28 
12 
12 
25 
2 25 28 
12 19 
14 17 
12 
23 28 
22 27 
10 20 23 25 28 
23 
7 14 
2 20 23 28 
10 12 
12 
10 12 
22 27 
23 
17 23 
14 17 19 
22 27 
10 20 23 28 
20 28 
2 23 28 
23 
2 10 23 25 28 
0 4 7 9 
2 10 27 28 
3 
12 27 28 
23 25 28 
0 10 20 
10 12 27 
22 27 
22 27 
21 23 25 28 

22 27 
13 17 23 
2 25 28 
22 27 
2 23 25 28 
2 7 
0 2 23 27 28 

17 19 23 
23 
22 27 
10 12 
23 
12 
22 27 

13 23 
23 25 28 
0 4 
13 17 23 
23 
0 23 
13 17 23 
10 12 27 
23 
19 23 
0 10 20 

22 27 
7 14 
22 27 
0 4 7 12 
14 17 31 
2 23 25 28 
0 2 
0 13 23 
1 20 23 29 
2 7 
10 

0 10 23 
7 14 

17 23 

2 23 25 28 
1 20 23 29 
13 27 
23 
23 
2 25 27 28 
20 23 25 28 

23 
13 23 
2 23 25 28 
20 23 25 
12 14 17 

13 17 23 
22 27 
22 27 
22 27 
10 
22 27 
2 23 25 28 
22 27 
10 23 25 28 
0 
19 
2 7 14 
14 17 19 
0 10 23 
0 23 
0 
22 24 
11 25 
12 14 17 
12 14 


23 
2 23 25 28 
0 2 
14 17 
13 23 26 
12 15 20 26 
10 
24 
0 14 23 
12 
13 23 
13 23 
23 
10 
0 
1 12 
12 
25 27 28 
0 13 19 
10 
23 
7 14 
24 
11 25 
23 25 28 
2 7 
0 13 
12 15 20 26 
7 14 
0 13 
10 12 
3 12 14 
22 27 
25 
13 17 23 
25 
10 20 23 27 
14 17 
1 7 
19 23 
0 
23 
0 13 
3 
0 
23 
0 20 23 
23 
0 20 23 25 27 28 
13 23 
12 27 
13 17 23 
10 12 
23 
23 

12 
0 23 
14 17 
13 23 
0 10 20 
23 
17 23 
13 17 23 
15 31 
30 
0 7 

22 27 
13 30 
22 25 27 
7 
22 27 
23 
12 

22 27 
2 19 25 28 
12 
11 12 
0 10 20 

22 27 
22 27 
3 23 
23 
12 14 
19 22 27 
22 25 27 
12 14 17 
22 27 
0 10 20 
23 

22 24 


23 28 
12 
23 
13 23 

19 23 
23 
17 23 
0 23 

17 23 
11 12 
2 7 

12 
1 10 23 
0 10 20 
22 27 
19 23 
14 17 19 
13 23 
10 20 
13 17 23 
13 23 
22 27 

3 24 
15 
14 17 
13 30 
14 17 
15 

13 30 
13 30 
5 15 
0 4 7 
12 25 27 

6 9 
3 24 
10 12 27 
10 12 27 
15 31 
13 30 

14 17 
1 20 23 29 
24 
14 17 
22 24 25 

12 19 27 
15 
1 20 23 29 
6 9 30 


12 27 
6 9 30 
14 17 
15 
13 30 

6 9 30 
10 12 27 
15 
6 9 30 
24 
3 24 
13 30 

14 17 
13 30 


15 

1 20 23 29 
3 24 
14 17 
12 27 31 
13 30 
13 30 
22 24 
13 30 
13 30 

10 12 27 
10 12 27 
13 30 
13 30 
14 17 
12 25 27 
13 30 

13 30 
13 30 



24 
13 30 

13 30 
25 

6 9 25 

1 20 23 29 
24 
6 9 
0 26 
3 24 

15 


13 30 
13 30 
10 12 27 


13 30 
10 12 27 
16 
24 
14 17 
11 


12 25 27 
10 12 27 

10 12 27 


15 31 
13 30 
10 12 27 
13 30 
30 
10 12 27 
6 9 14 

13 30 
15 19 
10 12 27 
13 30 
13 30 
15 31 
15 31 
14 
13 30 
13 30 
10 12 27 
14 17 
14 17 
12 27 
15 

14 17 
0 4 7 

22 24 
15 28 

15 
15 

25 
13 30 
24 
13 30 
13 30 
25 
6 9 
1 20 23 29 
13 30 

24 
10 12 27 
15 
15 
3 24 
14 17 
13 30 
12 27 
13 30 
15 31 
15 
13 30 
14 17 

1 20 23 29 
14 17 
10 12 27 
13 30 
0 4 7 
13 30 

10 12 27 
13 30 
3 24 

14 17 
15 

22 
15 31 
15 

13 30 
1 20 23 29 
0 4 7 15 
12 25 27 


1 20 23 29 
24 
22 24 
22 24 25 

13 30 
15 31 
14 
25 
15 
12 25 27 

14 17 

12 27 28 
13 30 

1 10 23 
14 17 

3 24 
14 17 

15 31 
0 26 
1 
14 17 
15 31 

1 20 23 29 
13 30 
13 30 
0 4 7 15 
12 20 27 
1 20 23 29 
13 30 
25 
22 24 25 
22 

25 
6 9 19 
10 12 27 
14 17 


24 
0 7 12 
0 4 7 
12 15 20 26 
3 6 9 
0 4 7 9 
3 24 
24 
10 12 27 
10 12 27 
12 27 
14 17 
15 

15 31 
14 17 

15 31 

17 20 23 29 
15 25 

10 12 27 
1 20 23 29 
15 
16 
11 
0 4 7 
14 17 
1 20 23 29 
14 17 
0 26 
15 
22 24 
14 17 

13 30 
0 4 7 9 
14 17 
10 12 27 


15 31 
22 29 
14 17 
13 30 


12 20 27 
24 
14 17 
15 
14 17 
0 4 7 
3 6 9 
14 17 
1 20 23 29 
11 12 27 
1 10 23 
14 17 
10 12 27 
15 
20 22 24 
14 17 
14 17 


10 12 27 
10 12 27 
14 17 
1 10 23 
0 4 7 
14 17 
10 12 27 
1 20 23 29 
3 24 
13 30 

13 30 
14 17 
15 31 

3 24 
1 10 19 23 
30 
10 15 
0 4 7 12 
13 30 
10 12 27 
0 4 7 9 
15 31 
15 31 
13 30 
1 10 23 
10 12 27 
15 31 

15 
1 20 23 29 
0 4 7 
1 20 23 29 
14 17 
15 31 
14 17 

0 4 7 15 
1 20 23 29 
3 24 
10 12 27 
15 31 
10 12 27 
10 12 27 
14 17 
10 12 27 
15 
10 12 27 
15 31 
15 31 
14 17 
24 
1 20 23 29 
12 27 28 
0 4 7 
22 24 
16 
0 26 

24 
1 20 23 29 
15 31 
12 20 27 
0 26 
22 24 
13 30 

14 17 
1 10 23 
0 4 7 
24 

24 
22 
12 27 
0 4 7 
12 27 
15 
12 19 27 
14 17 
24 
10 12 27 
15 31 
22 29 
1 20 23 29 
4 15 
13 30 
1 20 23 29 
13 30 
10 12 27 
15 31 
0 4 7 9 
22 24 28 
1 20 23 29 

15 31 
24 
0 4 7 
14 17 
15 
15 31 
1 20 23 29 
6 9 30 
1 20 23 29 
1 20 23 29 
22 24 
24 

7 14 
15 31 
10 12 27 
1 20 23 29 
24 
13 30 
24 
1 20 23 29 
24 
20 22 29 


22 
1 20 23 29 
1 20 23 29 
6 9 30 
24 

13 15 20 31 
0 26 
1 20 23 29 

6 9 30 

24 
10 12 27 
24 
0 7 12 
7 23 
14 17 
15 31 
16 
1 20 23 29 
15 31 
12 27 
1 10 23 
10 12 27 
24 
2 7 14 
15 31 
1 15 
1 20 23 29 
6 9 30 
1 20 23 29 
13 30 
7 14 
24 
13 30 
10 12 27 
7 14 
10 23 
0 4 7 14 17 
1 20 23 29 
1 20 23 29 
15 31 
15 31 
1 20 23 29 
0 7 12 
1 10 23 
1 20 23 29 
13 30 
10 12 27 
15 19 
1 20 23 29 
24 
24 
10 
1 20 23 29 
3 24 
24 
22 24 
3 


15 31 
1 20 23 29 
14 17 
15 
24 

12 27 
0 10 20 
12 14 27 
0 7 12 
23 
23 
23 
23 
23 
23 
23 
23 
23 
23 
23 
10 12 27 
23 

12 
10 

13 30 
7 14 

13 30 
10 23 
24 
12 27 
12 
1 







5 

5 
23 

16 
15 
16 
14 15 
1 
15 
25 
15 17 20 
1 
14 16 

1 
1 30 
0 26 
10 15 
30 
1 
10 15 
30 
10 15 
22 29 
16 
30 
10 15 
1 
14 30 
14 15 
16 
14 30 
30 
17 20 23 

30 
22 
17 20 23 29 
10 15 
14 16 
1 
1 
16 
15 17 20 
0 7 20 23 
22 
14 15 
19 22 29 
22 
1 

1 
14 30 
15 
22 
22 
1 14 
0 26 
1 
30 
30 
16 
30 
1 
10 15 
1 19 
1 
22 
14 15 
16 
16 
16 
14 30 
16 
30 
30 
16 
22 29 
30 
16 
15 19 
1 
1 15 
1 
30 
16 
1 
30 
30 
1 
1 
15 17 20 

16 
1 
30 
0 7 23 
1 
1 
1 
16 
16 
14 30 
16 
1 
1 
10 15 
30 
10 15 
25 30 
30 
30 
22 
14 30 
10 15 

1 
30 
22 29 
1 15 
1 
14 15 
16 
15 
10 15 
16 
10 15 
16 
1 
1 
30 
22 29 
16 
16 
16 
30 
16 
1 
22 
14 16 
17 20 23 
0 26 
0 26 
1 
22 
30 
14 16 
16 
16 
16 
17 20 23 
1 
1 
30 
14 15 
1 16 
16 
10 15 
0 20 
0 20 
1 
1 
15 27 

22 
1 
16 

15 17 20 
16 
1 
1 
1 
15 
15 
16 
14 15 
10 15 
22 
15 
14 16 
10 15 

11 22 29 
14 30 
1 
17 20 23 
0 26 
30 
1 
1 22 29 
10 15 
16 
10 15 
1 
16 
30 
22 
1 
14 15 
1 
1 16 
16 
16 
1 
1 
22 
0 26 
22 
10 15 
1 
0 26 
1 
14 15 
0 26 
1 
1 
30 
22 
14 30 
10 15 
15 27 
17 20 23 
16 
16 
1 
10 15 
16 28 
16 
30 
15 
30 
22 
15 
1 
16 
30 
16 
19 30 
0 7 23 
30 
10 15 
22 29 
1 14 
16 
10 15 
1 
15 
15 
16 

22 
15 

16 
15 
22 29 
1 
15 
15 
10 15 
1 
1 
0 26 
0 20 
30 
17 20 23 
16 
30 
1 
0 26 
30 
22 
16 
14 30 
22 29 
1 
16 
10 15 
17 20 23 29 
10 15 
1 


14 16 
16 
16 

16 
30 
22 
0 7 23 
16 
29 31 
14 16 
16 
0 26 


1 
16 
10 15 
10 15 
16 
1 
22 29 
30 
0 26 

17 20 23 
30 

1 15 
17 20 23 
1 
30 
0 26 
19 30 
19 22 29 
15 
14 15 
30 


22 
1 16 
16 
1 
17 20 23 
16 
17 20 23 29 
0 26 
14 
15 
1 25 
30 
0 7 20 23 

22 
1 
14 15 
15 19 
10 15 
14 15 
0 26 
1 

10 15 
15 
19 22 29 
1 16 
30 
16 
1 
15 31 
22 
16 
1 
0 20 

14 15 
16 
30 
0 26 
1 
1 
22 
1 14 
30 
0 26 
1 
1 
17 20 23 
1 20 26 29 

22 
16 
16 
30 
15 17 20 

24 
10 15 
10 15 
22 
0 26 
16 
16 
1 10 23 
0 26 

0 7 20 23 
16 
1 12 27 
0 26 
10 15 
10 15 
22 
1 
16 
0 7 20 23 
30 
14 15 


0 26 
0 26 
22 29 
22 
0 26 
0 26 
22 
10 15 
15 20 
15 
22 
0 7 20 23 
0 26 
14 15 
1 
22 
0 26 
10 15 
16 
10 15 
14 17 
22 29 
16 
15 
1 15 
14 22 29 
22 
22 24 
1 20 26 29 
22 
22 
1 20 26 29 
1 15 
1 
15 
15 19 
22 29 
16 
22 
1 22 29 
1 15 
0 26 
1 20 26 29 
1 20 26 29 
15 19 
0 26 
1 
0 7 20 23 
22 29 
22 
0 7 20 23 
22 
1 
22 
0 7 20 23 
10 12 27 
22 
0 7 20 23 
22 

19 
10 15 
17 20 23 

15 17 20 
17 20 23 29 
22 29 
17 20 23 29 
22 29 
1 
14 22 29 
0 26 
23 
23 

5 



1 12 27 
1 12 27 
1 12 27 
1 12 27 
1 12 27 
10 12 27 
1 12 27 
1 12 27 
1 12 27 
1 12 27 
10 12 27 
1 12 27 
1 12 27 
10 12 27 
1 12 27 
1 12 27 
1 12 27 
30 
14 15 
15 

0 20 
0 7 20 23 
0 7 23 
0 7 20 23 
0 7 23 
22 29 
0 26 
0 7 20 23 
30 
22 24 31 
1 
1 
2 
3 6 12 
20 25 
2 6 22 30 
0 7 20 23 
0 7 23 
20 
13 19 27 
1 17 23 25 
0 7 20 23 
16 
0 7 20 23 
10 15 
1 

23 



5 
23 

17 20 23 25 
1 20 23 27 
4 27 

2 23 
2 28 
2 11 20 23 25 


2 20 23 25 
2 23 25 27 
27 








15 
4 

23 

23 

15 
20 23 
4 
10 19 
3 


2 6 
29 
29 

15 
29 
0 7 20 23 
7 
2 7 
2 7 
3 12 19 
0 7 20 23 
7 20 
7 20 
7 20 
7 20 
7 20 
7 20 
15 
16 
0 26 

15 19 
0 26 
14 15 
16 
1 
15 
22 
30 
1 
2 22 29 
1 
1 

30 
16 25 
16 
16 19 
1 
16 
10 15 
10 15 
0 26 
1 20 
16 
15 25 
0 7 20 23 
1 14 
16 
16 25 
22 
16 
16 
1 
22 
16 
22 24 

11 15 
10 15 
15 19 
22 
0 7 23 
16 


