3 9 11 14 18 
2 3 6 9 14 
12 
11 
5 9 
0 14 
16 
5 9 
5 9 
5 9 
5 9 
5 9 
11 12 14 18 
5 9 14 16 
3 7 9 
0 11 
11 
5 9 
5 
0 2 3 9 14 
5 9 16 
2 5 6 9 14 
3 14 16 18 
12 14 18 
3 6 12 
2 3 6 14 
1 5 6 16 18 
1 14 21 
3 9 11 14 18 
11 12 14 18 
3 9 21 
3 7 21 
7 9 14 19 
7 9 14 16 19 
1 4 7 12 19 
3 5 11 14 
4 15 
2 3 5 11 14 
1 12 14 
1 11 14 
2 5 7 14 15 19 
2 3 6 8 9 
14 15 19 
9 12 14 15 21 
6 14 15 19 
0 2 5 7 19 
0 9 14 19 21 
2 5 8 9 11 
1 3 5 11 12 
1 3 11 14 
9 
2 3 6 11 14 
5 6 8 14 18 
1 3 16 
3 8 14 15 21 
1 3 6 14 
12 14 18 21 
4 7 15 16 19 
9 11 12 
5 9 11 
8 18 
2 5 6 
1 5 8 11 
5 14 
6 8 9 
2 11 13 
2 4 15 18 
8 9 15 21 25 
0 3 5 14 18 
3 6 11 14 
5 6 8 12 18 
8 11 14 18 
2 4 16 
1 4 6 12 
2 5 
1 9 12 14 21 
1 8 14 18 
5 8 11 14 22 
5 6 9 11 
0 
1 6 14 
5 6 8 11 
0 4 9 
1 4 8 9 
1 4 8 
5 6 11 12 14 19 
0 5 6 8 12 
7 11 14 19 
0 3 7 
11 12 14 16 18 
2 7 14 15 19 
5 6 11 14 
1 5 6 12 16 
2 5 6 8 14 
2 6 11 
2 7 11 14 19 
2 4 7 14 
5 8 9 11 12 
3 14 15 21 
0 2 7 14 15 19 
0 5 9 11 
2 3 5 6 
1 3 11 12 14 
3 8 11 14 
14 16 18 21 
3 5 6 11 14 
4 6 15 19 
6 11 14 16 
1 8 12 14 16 
2 8 15 18 19 
5 8 9 11 
5 8 9 11 12 
8 
5 14 15 21 
0 2 4 14 15 19 
2 7 9 14 
6 9 11 12 14 
2 3 6 11 14 
3 6 8 14 
1 3 6 11 14 
7 12 14 15 19 
7 14 15 19 
5 21 
11 14 18 
8 9 11 14 18 
1 9 11 12 14 
0 5 9 15 19 
1 4 14 
3 5 11 14 15 
0 3 6 21 
5 8 12 
3 6 14 
3 6 8 18 
7 9 14 19 
2 3 5 6 8 14 
1 5 6 11 
1 11 14 18 
7 14 15 19 
3 12 14 16 
2 3 6 9 14 
8 11 14 18 
2 3 8 9 11 
2 4 9 12 19 
1 5 9 11 
0 7 12 14 15 19 
0 5 6 8 9 
5 8 9 14 15 19 
4 8 9 18 
1 3 8 11 14 
0 5 8 9 14 
0 7 14 15 19 
3 6 11 14 15 
1 21 
1 8 11 14 
1 8 11 14 16 
0 7 12 14 15 19 
2 3 5 6 8 
1 9 14 18 
11 
1 4 7 14 19 
3 11 14 15 21 
2 5 6 11 15 
2 7 11 14 19 
3 5 14 15 21 
1 6 8 11 15 19 
0 2 4 7 
15 
1 5 8 14 15 21 
1 12 
11 12 
4 9 22 
19 24 
12 
2 3 6 9 11 
7 15 
2 3 6 12 14 
16 
11 
3 8 12 19 
4 15 
5 11 14 15 
1 
6 11 
0 8 9 
0 2 5 7 15 19 
14 
0 8 
2 7 18 
11 
6 9 15 
9 
15 
4 6 13 
0 2 15 
0 6 9 11 13 
9 15 21 
0 13 
5 11 
8 9 15 
2 3 9 
2 13 
5 9 14 
12 
2 6 13 
2 7 13 
4 18 
0 2 6 
2 6 11 
8 13 
5 9 
6 9 
3 13 21 
2 
4 6 11 14 18 
8 9 13 19 27 
8 9 15 
1 6 12 14 
9 13 15 
6 11 15 
1 4 6 11 
9 15 
2 4 9 18 21 
2 7 
8 9 15 
12 
8 9 
3 7 9 15 
6 11 12 14 
5 9 
5 16 24 30 
2 8 9 15 24 
0 12 
19 
0 
8 9 15 
2 
12 21 
11 16 21 
4 8 11 22 
2 11 
1 4 6 18 
2 4 6 15 
8 9 18 
6 
8 9 15 
8 9 13 
1 5 9 16 
11 21 
5 14 
2 3 5 11 12 14 19 
1 5 9 
9 18 
0 2 4 6 
5 8 9 
4 6 11 
6 9 11 
8 15 
8 14 18 24 
0 3 9 
8 9 
6 11 
6 9 15 
8 9 15 
8 9 15 
2 15 
2 4 9 18 
8 
2 5 11 
8 9 15 
4 9 15 27 
12 
8 9 15 25 
2 9 
1 7 
5 9 14 16 
0 
1 
7 
4 11 
2 9 13 
0 2 13 
11 
2 6 9 
4 15 18 
4 6 11 
0 7 
12 
6 9 
5 8 9 
2 9 
19 
0 2 11 
9 15 
3 9 25 
21 
2 3 9 14 27 
6 13 
7 
2 4 13 
0 2 4 
9 15 16 19 
0 11 
8 22 
8 9 
2 7 11 
2 4 18 
2 9 
0 2 5 6 
0 12 
0 2 6 
2 6 15 
5 6 9 
1 5 16 
3 5 11 
6 30 
0 2 11 14 15 
2 3 7 21 
0 2 4 
0 5 8 12 19 
8 9 15 21 
0 
0 3 5 8 19 
6 13 
0 2 8 15 16 
0 2 4 
3 5 9 
4 6 14 
5 9 
0 8 9 
2 3 6 11 
2 9 15 
2 18 
9 11 12 15 
6 12 15 21 
8 15 
2 4 13 
2 4 
6 11 
8 9 13 
6 9 11 
8 9 21 24 
0 2 6 
11 12 
12 
2 7 
8 15 
4 11 13 
8 15 25 
8 9 
11 
12 
0 7 11 
6 15 
2 12 
5 8 15 16 
5 
6 11 15 18 
9 11 
0 2 7 
0 7 11 
2 3 7 
0 2 6 
0 7 15 18 21 
5 7 11 
9 
1 13 15 
9 15 
0 2 4 
2 3 11 22 
0 3 11 21 
1 6 14 16 
0 2 3 5 11 
5 8 11 15 
12 
8 9 
0 3 5 8 12 
2 3 5 8 19 
2 14 15 18 
16 
8 9 15 
2 4 14 16 
7 13 
3 5 11 
0 2 4 6 
2 4 13 
0 
0 11 
0 2 6 16 
1 9 14 
4 15 
2 6 
0 3 11 21 
11 12 
3 12 21 
2 4 
0 3 5 
11 
5 8 11 15 
1 8 9 12 14 
2 4 14 16 
11 
8 
8 9 14 15 
4 8 9 12 15 
2 
0 9 11 
3 9 11 
7 15 
5 9 
9 12 
0 7 
9 13 
12 
2 4 
9 13 30 
8 9 15 
8 9 11 14 
1 8 12 19 
8 9 24 
7 11 
0 11 15 16 
5 9 11 14 
0 2 6 
2 4 7 15 
4 9 14 16 
12 27 
0 12 14 16 19 22 
8 9 18 
2 
1 5 9 16 
6 8 11 14 16 
2 15 
4 11 
5 
0 3 5 8 18 19 
8 9 15 
6 15 18 21 
15 
5 6 9 11 13 
6 9 11 
0 3 9 11 15 16 18 22 
0 2 4 
0 2 3 8 12 14 
0 5 8 12 19 
3 8 19 
1 5 9 16 
0 2 3 5 8 12 
0 3 5 12 14 19 
2 5 
1 7 
0 3 5 8 11 
2 4 15 18 
0 2 
0 3 5 8 
3 6 9 11 13 
0 11 19 21 
0 2 15 
11 
8 9 15 25 
2 5 8 15 19 25 
6 9 12 16 18 24 
8 9 15 
12 
11 13 21 
0 5 8 12 19 
2 6 15 
0 7 11 
2 9 15 21 
5 8 11 15 
7 9 
11 14 16 22 30 
0 3 5 8 19 
0 2 13 
0 2 
0 3 5 11 
12 
0 7 15 18 21 
0 3 5 9 11 
5 9 12 14 
2 3 8 
0 2 
21 
15 
3 14 21 
0 9 14 16 22 
2 3 6 14 
3 6 9 11 14 
0 14 16 
21 
2 3 7 
5 8 9 
4 6 8 
0 
11 12 
21 30 
4 14 15 
3 8 9 12 18 24 
0 15 24 
2 12 14 18 24 
3 8 9 18 19 24 
1 11 12 15 
0 3 11 24 
0 14 15 24 
3 11 12 24 27 
3 5 12 14 24 27 
1 5 8 18 24 
2 5 6 9 16 24 
5 9 12 18 24 
3 11 12 24 27 
6 12 
3 11 12 24 27 
0 
5 22 
9 12 16 
5 7 9 13 
2 8 14 24 
0 2 4 9 
11 
2 6 18 25 
2 9 12 16 
1 8 19 21 
1 
0 5 24 
3 6 9 11 14 
2 7 11 22 
2 8 12 24 
3 8 15 19 21 
2 5 9 18 
2 8 18 21 24 
0 5 14 22 30 
5 9 15 19 30 
0 3 11 12 16 22 
0 3 11 12 15 16 
3 9 14 18 21 27 
4 8 9 12 16 
2 3 11 19 22 
0 3 6 11 14 15 
0 3 6 13 
2 4 8 14 
4 14 15 16 
4 14 15 
12 14 16 18 19 
8 12 15 16 19 24 
11 12 14 16 22 24 
3 12 14 24 27 
3 5 6 9 
8 15 18 19 21 22 
12 21 
2 4 12 18 
6 9 14 16 
3 5 14 19 24 
12 16 18 24 
2 3 8 14 16 19 
9 12 16 21 
21 
5 6 9 12 22 
6 9 14 
13 18 
3 11 14 18 27 
0 3 14 24 
0 3 14 16 24 
0 14 16 24 
21 22 
12 21 
2 6 8 9 14 
5 8 14 24 
0 3 6 14 
0 5 6 16 
2 8 9 22 27 
3 11 14 24 
0 15 24 
6 8 15 21 
2 5 6 14 27 
8 
2 11 14 
14 16 21 
1 3 11 24 27 
5 8 9 31 
0 5 6 24 
9 15 16 18 
21 
14 16 19 21 24 30 
6 9 12 24 
5 6 24 
8 11 15 16 21 
5 6 9 21 
8 9 16 19 
3 6 21 
6 8 11 15 19 22 
0 3 9 14 16 24 
8 9 12 
18 21 
0 3 11 14 15 21 
6 14 22 28 
2 3 5 6 9 
2 3 8 9 14 18 
0 2 12 16 
5 9 11 21 
2 3 11 19 22 
21 
3 11 19 21 
5 
0 2 8 9 
8 9 12 
2 5 6 22 27 
6 21 22 30 
8 24 
2 
2 8 18 21 24 
3 6 9 11 14 
0 3 5 12 
5 8 9 12 
6 8 16 21 24 
3 6 9 14 24 
8 11 12 15 19 
8 14 18 24 30 
9 11 
0 3 12 22 
2 5 6 16 24 
15 21 28 
5 15 18 24 
6 15 21 
0 6 11 12 16 21 
2 9 18 30 
5 22 24 
2 5 6 14 16 24 
5 21 
8 12 14 15 
14 15 18 19 
3 9 12 14 24 27 
0 15 24 
1 18 21 
2 14 16 18 19 21 
0 12 15 16 
2 3 11 19 22 
11 
0 5 14 16 18 24 
3 11 18 24 27 
21 
5 9 11 16 18 
19 21 
2 6 14 15 
9 14 16 18 30 
5 6 9 15 18 
3 8 11 14 
2 4 6 14 
11 15 21 
0 2 11 14 21 
3 6 9 12 
0 
3 11 12 14 24 
1 5 8 14 16 24 
3 6 11 16 24 
5 9 21 
6 9 11 12 
2 6 9 14 18 
2 5 6 9 
24 
5 14 15 22 
6 12 14 18 24 
6 15 22 
5 6 8 16 24 
1 3 5 12 16 22 24 
6 12 24 30 
2 6 9 14 
0 2 9 11 27 
0 9 16 
2 8 24 
5 16 22 
3 5 6 9 11 
8 18 24 
9 15 21 27 
0 2 15 16 24 
0 4 8 9 
6 9 15 25 
8 14 16 21 
16 21 
11 14 16 19 22 24 30 
11 16 
9 21 
5 6 14 16 24 
3 6 11 16 24 
12 
2 11 12 16 
2 4 6 8 14 
3 6 9 14 
12 16 24 27 
4 19 
2 3 11 19 22 
2 3 6 9 
0 3 5 9 
2 15 18 24 
16 22 24 
2 8 16 18 24 
5 6 9 19 
6 8 12 15 19 22 
2 14 16 19 24 
0 15 16 24 
3 6 11 12 
0 3 11 21 22 
21 
6 14 22 
0 11 14 21 
8 15 18 19 22 24 
2 3 5 9 11 19 
0 6 16 18 
0 4 12 
2 4 14 16 
11 14 15 22 
0 5 24 
6 12 15 18 21 
11 12 
9 15 21 
5 6 12 22 
11 13 
6 8 16 24 
8 15 16 18 21 24 
0 2 22 
2 3 9 12 
3 5 8 9 18 
2 3 5 6 19 
5 6 8 21 24 
6 16 18 24 
8 16 18 24 30 
3 6 8 9 21 
5 6 9 22 
0 3 16 19 24 
2 8 21 
0 2 4 12 
8 11 15 19 22 
5 21 
2 3 11 19 21 30 
0 3 14 16 19 21 
6 15 18 24 
13 21 
8 9 18 21 24 
2 6 9 14 30 
3 6 9 14 16 27 
2 9 14 15 19 
2 4 9 21 
1 3 12 14 16 24 
3 11 14 16 24 
2 3 11 19 
11 18 24 
8 9 11 12 19 22 
2 3 5 11 19 
8 12 15 18 21 24 
12 16 18 
2 3 8 14 16 19 
9 14 16 18 21 24 
0 2 9 16 
14 16 19 21 22 
0 3 9 14 16 24 
3 8 11 19 25 
3 5 11 16 18 24 
5 6 12 22 
8 14 16 21 
2 3 11 15 19 
2 3 11 19 22 
6 14 18 27 
5 9 14 18 
0 2 11 12 22 24 
0 14 16 24 
2 8 11 21 25 
2 3 9 12 27 
3 8 9 11 12 15 
5 8 22 
6 9 14 18 
0 9 12 
0 2 3 11 12 
2 6 16 18 24 
3 9 11 14 16 24 
11 14 22 
6 16 18 24 30 
2 8 15 16 19 30 
21 
6 16 24 25 
5 8 14 
0 2 3 11 12 14 
0 3 8 9 14 15 
5 11 13 15 
8 11 12 15 19 21 
2 3 11 19 21 
8 18 24 
11 14 30 
0 3 9 11 
0 5 8 24 
8 9 16 24 
14 16 18 24 25 
11 14 15 
5 6 8 9 
14 15 18 22 
0 11 14 15 18 
0 2 3 11 19 21 
2 6 9 11 18 
6 14 15 16 
3 9 11 14 18 
2 5 6 12 
0 5 8 14 16 
0 9 16 
0 3 8 9 11 21 
2 8 12 16 19 24 
3 6 8 9 14 
3 5 11 21 
2 8 9 14 
0 12 16 
5 7 11 21 
3 9 11 18 25 27 
0 12 16 
3 9 12 14 24 27 
1 8 11 19 22 
2 3 11 19 21 
0 3 6 22 
12 16 
5 6 14 16 24 
5 14 
5 8 12 14 15 
0 2 3 22 25 
2 3 14 16 19 30 
0 2 5 11 22 
0 3 9 11 12 16 
2 8 15 24 
2 8 14 21 
8 9 18 21 24 
3 5 8 11 15 19 
2 8 11 16 21 
8 11 12 15 19 25 
2 5 9 14 16 
0 3 8 14 15 19 
3 9 12 21 25 30 
4 14 15 22 
2 3 11 14 19 27 
9 24 
11 
2 8 14 16 21 
0 2 12 
8 11 15 16 21 
18 21 22 
0 2 3 11 22 
2 5 8 14 
14 15 21 22 
8 9 21 
11 14 15 18 
6 8 19 21 30 
3 7 11 14 15 21 
6 16 24 30 
2 3 
0 14 15 16 24 
6 9 18 27 
14 16 21 27 30 
0 5 11 16 27 
3 9 11 12 14 15 
6 8 21 30 
2 6 12 22 
3 11 14 15 21 
13 21 
21 
2 5 8 12 14 16 
2 3 8 14 19 28 
2 12 14 
2 6 9 14 
9 12 21 22 
0 15 16 18 22 24 
8 11 12 15 19 21 
2 3 11 14 19 
21 28 30 
4 21 
3 5 14 15 
8 9 11 12 19 22 
2 3 5 11 
0 2 4 9 
5 14 15 16 18 22 
2 3 
3 6 14 15 19 27 
6 8 11 15 19 22 
0 8 14 16 19 22 
8 11 12 15 19 21 
5 9 11 16 
1 5 12 
13 16 21 28 
1 6 14 28 
14 15 
2 11 14 15 19 
3 5 6 9 
5 16 21 22 
0 8 11 15 19 22 
0 14 16 19 21 22 
3 8 14 15 19 27 
4 21 
2 3 14 27 
0 2 5 6 22 
8 12 15 18 19 
8 9 11 14 15 
5 8 12 15 19 25 
2 3 11 19 22 
3 5 19 24 
1 8 9 14 18 22 
2 6 18 21 22 
6 12 
3 
11 14 16 21 22 
1 6 8 12 21 
8 14 15 16 18 24 
0 2 16 24 
4 21 
6 14 16 24 
9 12 15 22 24 
9 15 16 18 24 
0 2 3 5 19 
5 18 24 
9 11 14 15 18 
8 11 12 19 21 24 
5 21 
6 12 16 24 
14 21 
3 6 11 12 16 
4 8 14 
21 
12 15 16 18 24 
1 3 8 14 22 27 
5 8 14 16 24 
2 4 8 14 
21 
21 27 
12 19 24 
2 6 8 
2 16 
2 3 11 19 
12 16 
2 3 11 19 
13 18 
0 8 9 15 
12 19 
8 
9 12 19 
3 19 
3 19 
3 19 
3 19 
2 3 7 19 
3 19 
3 19 
2 3 7 19 
3 19 
3 19 
3 19 
3 19 
3 19 
3 19 
3 19 
3 19 
3 19 
3 19 
2 8 
12 19 
0 5 14 15 16 21 
4 
2 3 7 19 
0 2 3 5 12 14 
2 15 27 
2 8 
3 19 
3 19 
9 
2 9 16 
8 9 11 12 15 19 
11 21 
21 
9 14 30 
12 19 
12 19 
0 2 
4 7 9 
24 30 
0 5 9 14 
7 11 
9 15 
8 21 
5 8 9 18 
2 4 13 21 
15 
2 4 13 30 
0 6 28 
0 2 13 21 
13 
2 13 21 
0 8 12 16 30 
0 2 7 9 
3 9 13 15 
4 
4 14 22 
4 
4 19 
4 
8 
2 6 14 15 18 21 
2 14 15 18 21 
2 6 16 
2 16 
2 15 16 22 28 
2 7 15 19 
2 7 15 19 
2 7 15 19 
2 7 15 19 
2 7 15 19 
2 7 15 19 
1 15 
2 7 15 19 
2 7 15 19 
2 7 15 19 
2 7 15 19 
2 7 15 19 
1 15 
2 7 15 19 
1 8 15 
15 
2 4 6 8 15 
6 15 
0 15 
0 6 15 18 
2 3 16 
1 
0 2 14 
5 8 19 25 28 
9 22 24 28 
2 3 12 22 
8 9 18 22 
5 8 19 25 28 
2 15 16 19 21 
11 19 24 28 
2 3 14 19 
6 11 12 19 
8 9 12 19 22 30 
2 11 14 15 16 19 
2 3 16 
2 13 
0 5 9 12 
0 12 21 22 
2 8 12 16 22 
2 19 28 
2 3 5 
9 12 14 16 18 19 
0 8 21 
8 12 15 21 
2 14 27 
2 5 19 24 28 
5 8 11 25 28 
19 21 22 24 25 28 
2 3 
0 8 9 19 22 
5 8 19 25 28 
12 15 21 22 
0 3 12 22 27 
8 12 15 16 19 30 
2 5 8 
0 14 15 24 28 
9 11 22 24 28 
2 5 8 25 28 
15 16 30 
14 15 
15 22 
3 5 8 9 22 
9 12 14 22 30 
2 3 6 
3 5 6 8 15 
0 12 22 
2 5 14 16 
19 24 28 
3 11 19 24 25 28 
8 14 21 22 
9 22 24 28 
0 14 19 24 28 
3 8 9 11 18 21 
0 14 19 25 28 
2 3 6 
0 9 12 19 22 
2 3 5 15 19 
2 5 19 24 28 
3 15 16 19 
8 9 12 18 21 
2 3 22 
2 5 19 24 28 
2 14 15 21 27 
0 6 9 12 30 
5 19 24 25 27 28 
2 6 16 
4 9 12 14 19 30 
0 3 8 9 
2 5 19 24 28 
5 6 15 
2 5 24 28 
0 6 11 
0 6 8 22 28 
2 21 22 
6 13 15 21 22 
0 14 19 25 28 
14 16 19 24 25 28 
0 2 9 12 22 
0 14 16 27 
2 3 5 
2 5 8 
2 15 
11 19 24 28 
12 16 19 24 25 28 
2 3 11 
2 14 24 
2 5 9 22 
2 5 19 24 25 28 
0 12 22 
8 9 21 22 24 30 
0 2 3 9 
8 9 12 15 16 19 24 
6 11 22 
19 24 28 
0 9 19 24 25 28 
5 6 15 
5 8 19 25 28 
0 2 14 25 28 
0 14 24 25 28 
11 18 21 
0 13 21 22 
5 19 24 25 28 
5 8 25 28 
11 19 22 24 25 28 
9 12 14 22 30 
9 11 12 16 18 30 
0 12 19 22 24 
3 15 19 24 25 28 
2 
2 5 19 25 28 
2 6 
0 2 8 14 27 
9 12 15 22 30 
19 24 28 
2 3 6 
2 8 15 16 18 19 
0 15 21 22 
0 9 12 15 19 
5 6 8 11 
0 3 9 11 12 
0 2 11 30 
0 14 15 19 25 28 
2 15 16 19 21 30 
19 24 28 
0 9 12 16 21 
5 8 24 25 28 
5 8 25 28 
19 24 28 
2 15 16 19 22 
18 21 22 
2 3 6 11 
0 2 3 12 
6 14 19 21 
5 19 21 24 25 28 
0 12 21 
0 8 14 22 30 
9 15 16 18 19 21 
8 9 21 22 27 
2 3 11 12 
5 8 25 28 
0 2 3 9 
5 8 25 28 
0 11 12 15 22 
3 9 12 19 21 24 
2 9 21 30 
2 3 6 12 
2 3 22 
5 8 19 25 28 
11 12 30 
8 12 15 22 
0 2 8 
2 5 19 24 28 
5 8 19 24 28 
5 8 19 25 28 
0 2 
2 15 
11 21 
0 14 15 24 28 
2 3 6 
5 19 24 25 28 
2 15 
2 3 21 
15 16 22 
0 6 11 
6 15 27 
2 15 21 
2 3 16 
2 14 15 21 
2 3 15 28 
15 19 24 25 28 
8 9 16 18 21 24 
2 3 11 12 
2 5 
2 12 18 19 
2 3 6 9 
2 3 6 
9 21 22 
2 3 11 12 
2 11 12 
0 8 22 
0 14 19 25 28 
3 8 9 11 22 
13 19 24 25 28 30 
2 15 16 19 22 
0 19 22 24 25 28 
2 5 19 25 28 
11 19 21 
2 14 16 30 
0 2 3 8 
5 19 24 25 27 28 
9 19 21 24 28 
2 21 
5 19 21 
5 19 24 25 28 
9 12 15 22 25 
0 2 15 16 18 19 
2 5 19 24 28 
2 3 15 
2 3 19 24 
0 14 25 28 
5 8 25 28 
9 22 24 28 
21 22 
2 5 8 11 
21 
15 16 25 
12 21 22 
5 8 11 19 21 
2 5 24 28 
2 15 16 19 24 30 
0 2 8 14 27 
3 9 11 15 21 
3 11 19 24 25 28 
3 5 15 22 
2 14 22 27 
16 21 
8 9 11 15 21 22 24 
2 3 8 11 
2 15 21 
12 15 18 21 22 30 
2 5 19 24 28 
9 12 18 21 22 
5 6 9 15 
0 2 14 15 
2 14 15 21 27 
8 9 22 28 30 
9 22 24 28 
15 24 
2 5 8 27 30 
19 21 24 25 28 30 
2 9 14 16 21 
5 8 12 18 30 
8 12 15 
2 3 11 18 
2 5 
2 15 21 
2 13 22 
2 3 6 19 
2 15 16 19 22 
8 9 12 14 16 
0 14 15 
0 12 14 
2 14 15 21 
0 9 12 18 
15 21 22 
0 9 12 18 22 30 
5 8 9 15 19 
11 15 19 24 25 28 
2 14 27 
3 5 8 9 14 15 
0 9 21 
14 15 21 27 
8 9 11 12 22 
5 8 25 28 
8 9 15 21 27 
0 11 12 18 22 
9 11 22 24 28 
2 5 8 
2 5 
2 15 16 19 22 
9 13 21 
0 6 11 
0 6 11 
13 21 22 25 
5 8 24 28 
13 19 24 25 28 
12 15 21 
11 
9 12 15 18 19 22 25 
0 9 12 30 
2 8 12 14 27 
6 8 9 12 
2 11 19 28 
0 12 15 21 22 
0 3 5 8 9 15 
5 8 12 18 30 
15 21 22 
2 15 16 19 22 
11 21 30 
5 8 19 25 28 
5 8 19 24 28 
15 19 24 25 28 
6 19 24 25 28 
9 22 
0 3 11 12 22 
14 21 27 
1 3 5 22 
11 19 24 28 
4 10 19 24 25 28 
0 5 8 14 
6 19 24 25 28 30 
0 12 21 22 30 
5 8 25 28 
11 21 
2 3 12 30 
0 3 8 18 22 
0 12 22 
14 15 21 
2 
9 19 21 24 28 
12 18 21 22 30 
0 12 19 22 30 
8 9 14 16 22 
2 3 9 
2 24 28 
5 19 25 28 
14 15 21 22 
2 11 21 
3 5 11 12 15 
2 24 28 
2 14 21 27 
18 19 24 25 28 30 
2 5 19 24 28 
8 9 18 22 
5 13 21 
2 3 21 
2 15 16 19 22 
2 3 11 12 
19 24 25 28 
2 5 24 25 28 
14 15 21 27 
6 19 24 25 28 30 
0 9 12 14 16 
2 3 14 
2 3 27 
11 19 24 28 
5 12 19 24 25 28 
4 9 21 22 
2 5 19 24 28 
2 14 15 21 27 
14 15 25 
0 11 
2 3 9 
9 21 22 
15 21 
2 15 21 
3 5 15 18 
2 14 21 27 
0 14 15 19 24 28 
0 2 9 12 
2 21 22 
2 12 14 27 30 
8 21 25 
9 11 22 
3 5 14 15 21 
5 19 24 28 
2 5 15 
19 25 28 
0 12 19 24 25 28 
5 6 19 24 25 28 
19 24 28 
15 21 22 
2 9 15 16 19 22 
2 14 15 21 27 
0 6 9 12 
2 3 12 14 
2 14 21 22 27 
2 8 
2 14 15 21 27 
2 14 15 16 19 21 
11 21 22 
5 8 11 25 28 
12 18 19 24 25 28 
0 2 14 15 24 28 
4 10 19 24 25 28 
14 15 21 
2 12 18 19 
0 8 15 21 22 
2 12 30 
2 4 
2 3 6 16 
2 21 
2 11 14 15 16 19 
0 5 8 22 
0 2 11 14 
21 22 30 
3 9 11 12 15 
2 11 15 16 19 
5 9 15 28 
11 16 21 
2 3 11 16 
0 2 11 14 15 21 
11 
0 3 9 
2 21 22 
4 6 
2 14 21 
0 2 12 18 22 
2 3 21 
9 12 14 16 22 
4 10 19 24 25 28 
6 11 22 
13 19 24 25 27 28 
5 8 25 28 
2 14 22 27 
2 14 15 21 
8 15 22 
2 14 22 27 
2 11 21 
5 8 11 25 28 
9 15 21 22 30 
2 19 28 
2 3 
3 5 6 8 9 
19 24 25 28 
15 19 21 
0 15 19 24 25 28 
2 14 22 27 
0 12 14 16 22 
2 8 14 24 27 
2 14 27 
0 9 14 16 22 
8 9 14 27 
2 11 13 
12 15 21 
0 12 22 30 
8 9 12 16 
2 14 15 21 27 
1 13 21 22 
2 14 15 21 22 27 
0 14 15 24 28 
4 10 15 21 
2 21 
5 13 19 24 25 28 
2 15 27 30 
14 15 21 
5 8 12 16 22 
8 9 21 22 
5 15 21 
6 15 16 
0 9 12 14 16 
2 13 
8 12 16 22 
0 12 16 22 
9 22 24 28 
15 19 24 25 28 
19 24 25 28 
8 12 15 21 
11 21 
2 15 21 
2 3 
0 12 22 28 30 
2 3 6 
2 14 27 
2 8 14 21 27 
3 12 18 24 
0 12 22 
2 18 19 21 
2 
2 5 19 25 28 
2 14 22 27 
0 2 8 14 
2 14 15 21 27 
0 2 
2 9 14 21 27 
2 4 11 
2 14 16 27 
2 14 21 27 
2 14 22 27 
2 14 22 27 
0 2 5 8 22 
2 5 14 16 27 
6 13 
9 12 18 19 
14 27 
14 27 
6 19 28 
0 8 9 14 18 30 
11 12 19 
2 
2 7 15 19 
21 24 
8 12 14 18 24 
8 12 14 18 24 
2 6 9 12 14 
0 6 11 19 21 
6 15 21 
11 15 19 21 
6 9 14 21 
3 6 14 16 
11 22 
0 12 14 15 27 
2 11 
0 4 12 18 
0 3 9 11 16 
8 15 19 
2 9 14 15 18 
6 14 16 18 21 
12 14 15 16 21 
8 15 
4 
16 
9 11 18 
27 
14 15 
11 18 
6 
21 
2 15 
0 2 5 6 18 
0 6 28 
5 9 11 18 
3 5 6 11 
2 8 11 12 21 
6 11 22 
6 8 11 
1 9 
8 9 16 
9 14 
0 4 12 16 
8 11 15 
0 5 8 14 15 
6 8 9 11 
9 11 16 
0 5 9 22 
9 21 
1 15 
6 19 24 25 28 
9 21 
12 19 
9 19 21 
6 
0 8 28 
6 15 18 31 
1 15 18 21 31 
6 15 18 31 
1 9 28 
18 21 
6 15 18 
16 27 
0 2 3 12 15 
9 18 19 30 
5 8 13 21 
2 3 5 9 30 
8 9 13 19 21 
9 19 22 24 28 
0 9 12 
11 19 24 25 28 
2 3 11 21 
0 11 25 28 
2 14 22 27 
2 12 15 16 19 22 
2 3 19 28 
2 3 6 
8 9 15 21 22 
6 19 24 25 28 
2 5 9 22 24 28 
2 5 9 22 
2 3 22 
2 3 22 
15 18 21 
2 5 8 
0 19 24 25 28 
5 8 24 25 28 
2 3 6 
6 21 
2 3 11 18 
2 5 9 15 
5 9 22 
2 3 
9 12 21 22 
2 3 15 
5 21 22 
2 5 19 24 25 28 
9 12 18 22 28 30 
0 14 15 19 28 
5 9 11 22 
2 5 8 
1 13 16 21 
0 14 19 24 28 
0 14 19 24 28 
0 3 5 12 15 
2 5 11 
6 15 21 
4 6 11 14 
0 2 14 
0 8 15 21 22 
9 21 22 
2 5 8 
2 14 21 27 
9 22 24 28 
0 4 9 12 18 19 
4 6 11 25 
2 15 16 19 22 
19 24 28 
0 2 3 16 
0 14 
9 22 24 28 
4 6 11 14 
2 25 28 
2 3 
3 5 6 9 12 
0 14 19 24 25 28 
2 8 14 21 27 
2 9 15 16 19 21 
0 9 15 21 
21 22 
2 14 27 
6 11 12 30 
1 10 
9 
6 
5 8 9 18 
12 
6 
8 12 16 18 19 
13 
13 
13 
4 9 21 
9 
4 9 
3 5 8 9 12 
2 4 7 10 13 
1 8 12 14 15 
1 16 
1 12 15 16 19 
3 6 8 12 21 
4 9 24 25 
2 12 18 21 
1 12 16 19 
1 8 11 12 18 
5 11 12 25 
3 5 12 18 21 
2 5 12 15 19 
2 9 14 15 19 21 
2 6 15 19 
2 5 12 18 19 
2 6 12 19 
1 11 12 15 16 
2 6 8 19 21 
0 4 
2 7 9 
0 4 
1 6 8 18 30 
2 5 8 9 19 22 
4 9 14 21 
4 6 9 
2 5 9 12 19 
2 8 12 15 19 
2 5 12 19 
0 4 
2 3 9 11 22 28 
5 8 18 21 
2 15 16 18 
5 8 14 19 25 
7 9 
2 12 15 16 
2 4 6 
2 19 
19 21 
2 4 12 16 19 
11 16 25 
0 4 
1 15 16 
8 9 11 18 21 
2 4 
2 5 9 18 
1 8 12 16 18 
21 22 24 
13 15 19 
1 9 
4 13 15 18 
0 4 14 
1 12 18 21 25 
0 7 10 
0 4 7 
1 4 8 12 16 
1 12 18 21 
8 9 16 18 21 
0 4 14 
4 21 25 
2 16 
19 21 
1 12 15 16 18 
1 12 14 15 16 
1 3 5 21 
4 12 19 
6 9 12 21 
7 9 
2 3 12 25 
9 12 21 25 
1 5 9 12 21 
0 4 14 
2 6 9 19 21 22 
2 9 14 18 19 21 
0 14 
7 9 
1 3 5 12 
0 4 12 16 18 
1 5 16 21 
1 25 
9 14 21 25 
5 8 9 12 16 25 
0 14 
0 14 
5 8 9 12 25 
8 16 18 
7 9 
0 
4 9 19 21 
8 11 16 22 
0 6 9 
4 6 15 16 19 
9 
5 8 18 21 
8 9 14 25 
1 12 14 21 
0 2 14 
0 4 14 
8 9 14 15 
9 16 18 21 
5 8 9 21 
12 14 15 16 19 
0 4 
7 9 
5 9 12 19 25 
18 19 21 25 
13 
0 4 10 
11 19 24 30 
9 12 19 21 
0 14 
8 9 11 
8 12 15 18 19 
9 12 21 25 
2 
0 4 14 
3 5 21 
5 9 12 21 
1 12 15 16 19 
2 4 7 10 13 
4 9 25 
0 
7 9 30 
1 9 21 24 
8 9 12 21 
2 25 
2 16 
2 9 15 16 28 
2 19 
5 8 16 18 
9 11 12 16 19 
5 9 14 19 25 
2 12 19 
12 16 21 25 
4 9 21 
4 8 15 16 18 
1 12 16 18 19 
4 9 14 22 25 
1 3 8 12 18 
7 9 18 
4 9 12 18 27 
0 2 4 
7 9 
9 13 
8 9 11 22 
9 12 21 
1 9 12 18 25 
7 9 
4 9 21 22 
1 3 21 
1 5 12 18 21 
1 12 21 
5 9 12 18 25 
8 12 14 
8 19 21 25 
3 16 21 25 
6 9 16 21 25 
4 9 12 25 
5 8 9 12 25 
12 18 21 
4 11 12 18 19 
5 12 15 21 
11 12 15 16 18 
16 18 21 25 
4 11 12 14 15 
1 9 12 21 
0 2 4 
8 
9 21 
2 9 12 16 21 22 
4 9 21 25 
4 9 14 25 
7 9 
4 9 21 
2 11 
0 4 10 
1 15 16 18 19 
5 8 19 21 
5 9 12 21 25 
7 9 18 
5 9 12 21 
2 7 9 15 19 
5 12 14 18 21 
1 4 8 12 18 
2 8 9 16 19 21 
0 4 
2 9 16 19 22 28 
1 12 18 19 
1 4 6 12 19 
1 12 14 15 19 
5 14 16 18 
7 9 
9 14 16 21 
7 9 
6 12 15 16 19 
4 9 25 
8 19 21 25 
0 4 8 12 16 
12 25 
9 18 21 
0 4 
1 8 11 21 
3 8 22 
5 12 18 21 
0 4 14 
7 9 
0 7 14 
4 9 21 25 
8 11 15 16 18 
0 2 7 
8 9 12 25 
8 16 19 21 22 
0 2 4 
0 4 14 
4 9 14 19 25 
0 2 14 
9 18 21 
8 9 11 21 
7 9 30 
15 
0 2 4 19 25 
5 8 9 14 18 
2 9 12 16 19 
2 9 14 15 
3 8 11 19 
0 4 27 
12 14 15 16 18 
4 18 21 
0 2 4 
2 25 
14 16 18 19 25 
4 6 15 16 19 
2 5 9 19 
1 8 9 11 
0 4 14 16 18 
0 4 
9 12 21 25 
2 18 
5 12 27 
0 2 7 
0 4 14 
5 9 19 21 
0 4 8 11 18 
2 16 
7 9 
2 9 14 16 19 
1 9 12 21 
1 12 15 16 18 
1 12 15 18 19 
0 4 
1 9 12 21 
2 9 14 15 16 
2 9 14 19 28 
6 9 12 21 
2 24 25 
2 9 14 18 19 
2 9 12 16 19 
7 9 
14 15 16 18 19 
0 4 8 11 18 
14 25 
1 5 16 19 
2 6 9 19 28 
0 2 14 
8 12 14 16 18 
2 9 14 15 16 
1 5 9 21 
4 14 21 25 
2 4 7 10 13 
8 9 18 21 
5 6 18 19 21 
7 9 
2 9 16 19 
11 12 16 28 31 
1 9 21 
2 16 
8 12 16 18 
2 6 9 16 18 22 
0 4 14 15 18 
0 4 8 16 18 
0 4 8 12 16 
0 2 4 
2 4 7 10 13 
1 3 5 16 18 
1 5 9 12 25 
7 9 
2 9 14 15 19 27 
0 4 
9 12 21 
1 3 5 21 
3 5 8 11 21 
8 18 19 21 
7 9 
1 8 11 18 
9 16 18 21 
1 9 21 
2 4 7 10 13 
2 4 7 10 13 
1 8 12 16 21 
7 9 
5 9 16 21 
0 4 8 11 12 
1 3 9 21 
8 12 15 16 18 
1 12 14 15 16 
1 14 15 16 19 
0 4 14 
2 24 25 
2 9 18 19 
1 8 12 16 18 
1 12 15 16 19 
0 4 
2 9 12 16 19 
9 13 
0 2 4 
0 28 
6 9 18 21 22 
8 9 11 14 
13 15 18 
8 12 18 19 25 
2 9 15 19 
2 4 7 10 13 
3 9 12 21 
1 12 15 16 19 
2 5 9 14 27 
2 4 7 10 13 
2 9 15 19 28 
4 12 15 16 19 
7 9 
7 9 
13 18 
13 
0 4 14 
4 8 
0 2 7 
1 8 11 21 
1 12 14 15 16 
0 4 11 12 14 
0 2 
6 25 
1 25 
2 15 24 25 
0 4 
6 9 
12 15 16 18 19 
3 8 14 22 
7 9 
2 9 15 16 19 22 
2 3 9 18 
1 4 12 18 19 
12 15 16 18 21 
4 8 9 12 25 
2 4 7 10 13 
2 4 9 15 28 
1 4 15 
2 9 11 18 19 28 
2 9 11 12 19 
11 12 16 19 28 31 
1 12 15 16 19 
3 7 
2 9 14 15 16 
1 9 12 21 
2 24 25 
1 16 18 21 
6 9 
1 8 15 16 18 
8 9 11 22 
1 12 15 16 19 
0 6 
1 12 15 18 19 
22 25 
2 4 7 10 13 
0 4 15 16 18 
8 12 18 21 
4 16 22 
7 9 
13 19 
0 4 
7 9 16 
2 4 7 10 13 
1 8 11 12 18 
3 9 14 18 
7 9 
2 4 7 10 13 
2 9 14 15 19 28 
13 24 
3 7 9 
7 9 
8 9 15 22 
7 9 15 
2 4 7 10 13 
0 4 8 11 18 
7 9 
0 4 11 14 18 
14 18 21 25 
4 6 12 18 19 
7 9 
2 4 9 11 12 22 
0 2 16 25 
8 16 
1 21 
1 12 14 15 16 
2 9 16 19 28 
5 9 14 21 
0 4 
1 5 18 
5 8 9 12 21 
2 8 11 
7 9 
1 12 15 16 19 
2 4 7 10 13 
8 16 18 
2 9 19 28 
0 4 
2 6 9 19 22 
2 4 7 10 13 
0 2 14 
4 9 
0 4 
16 18 21 
0 2 4 
2 
4 13 15 18 
25 
2 4 7 10 13 
1 9 12 21 
0 2 6 24 
2 4 7 10 13 
4 6 8 18 
9 16 18 
0 4 8 16 18 
7 9 11 
0 
2 11 
0 4 7 
7 9 11 
4 6 9 
4 8 12 16 18 
2 7 
0 
12 14 15 16 18 
2 4 7 10 13 
8 9 13 25 
6 8 9 19 
2 
2 7 9 
2 
2 4 7 10 13 
4 9 14 21 
0 
4 9 12 14 18 
2 9 14 15 
2 9 14 15 28 
0 4 14 
2 18 
1 4 15 
2 5 6 9 11 
1 4 15 
0 6 9 
0 4 
2 4 7 10 13 
0 4 
8 11 12 14 18 
6 11 12 27 28 31 
1 12 16 18 19 
9 12 16 18 25 
2 4 7 10 13 
0 12 21 25 
1 8 11 15 
0 4 14 16 18 
7 9 
5 8 9 12 25 
2 9 
4 6 8 12 15 
14 16 18 21 
6 21 
5 6 21 25 
4 9 14 19 25 
2 5 
0 2 16 25 
1 8 12 15 18 
1 5 8 12 
8 9 21 
1 8 14 21 
2 9 12 14 16 19 
2 9 16 19 22 
2 6 9 19 
2 6 9 11 
1 9 25 
4 19 
0 2 
7 9 
5 15 21 25 
11 16 21 28 31 
11 19 27 28 31 
2 4 7 10 13 
8 9 12 16 18 19 
5 12 18 21 
4 9 21 28 
0 2 4 
2 22 25 
0 7 
2 
2 9 14 16 19 
8 9 21 22 
18 
7 9 
0 2 6 9 16 24 
2 16 19 
5 8 9 12 19 
7 9 
2 4 7 10 13 
4 9 14 18 25 
2 4 7 10 13 
8 11 15 22 
2 4 7 10 13 
2 
8 9 11 22 
2 3 19 
4 9 13 
2 
1 8 14 19 
6 15 21 22 
7 9 
6 9 
4 8 9 14 25 
1 9 16 
1 14 16 21 
2 9 16 19 28 
14 15 16 18 19 
7 9 
7 9 
2 4 7 10 13 
2 6 9 19 
2 4 7 10 13 
9 18 21 22 
4 9 14 25 
0 14 
8 14 22 
0 4 
1 8 12 15 18 
0 4 7 
0 2 4 
0 4 
2 12 16 19 
5 14 16 21 
0 7 10 
1 12 15 16 18 
0 2 4 
8 9 16 18 22 
0 4 
5 9 18 21 
0 4 
6 
0 4 14 
0 16 18 
0 4 12 
4 6 
2 3 12 16 
0 2 4 6 
2 7 9 16 
2 
0 2 4 9 
2 9 14 18 19 28 
2 9 16 19 
14 15 16 18 19 
0 2 4 
2 27 
2 11 
13 
4 6 15 16 19 
0 2 
4 9 25 
0 6 
2 6 9 12 16 19 
2 9 19 28 
2 9 16 19 
2 9 14 15 16 
3 8 9 22 
13 
0 4 14 
6 9 11 15 
2 
16 24 
6 11 12 18 26 
2 9 11 21 28 
8 12 15 19 
8 12 15 19 
3 8 14 18 
1 4 16 18 
1 
1 4 16 18 
2 9 16 19 30 
1 4 15 
1 15 
2 3 9 18 
14 21 25 
12 25 
5 6 15 25 
25 27 
1 3 9 18 
2 11 16 24 
1 4 15 
3 9 12 16 18 
25 
3 5 12 25 
3 6 15 18 19 
11 16 22 24 
3 9 14 18 
25 31 
5 12 15 18 
11 19 22 28 31 
25 
11 24 27 28 31 
3 8 9 11 28 31 
1 3 9 18 
1 3 9 18 
9 11 13 16 24 
1 25 
12 14 16 22 24 
4 12 19 
11 15 16 24 
4 12 19 
18 25 
3 7 
22 25 
1 4 
1 4 
1 4 
1 4 
1 4 
1 4 
1 4 
1 4 
1 4 
1 4 
1 4 
1 4 
1 4 
14 19 22 24 30 
2 3 9 18 
9 21 24 
4 12 19 
4 12 19 
1 4 15 
2 3 9 18 
3 9 14 18 
11 14 24 25 
3 9 14 18 
3 7 
4 16 22 
22 25 
6 9 15 19 30 
1 4 15 
1 3 9 18 
4 12 19 
18 25 
18 25 
0 11 12 16 28 31 
3 7 
14 25 
11 16 18 28 31 
1 4 15 
25 
5 6 22 25 
11 16 24 
11 14 16 24 
14 25 
25 
25 27 
6 11 16 24 
14 25 
1 25 
18 25 
22 25 
4 19 
25 27 
5 25 
1 16 
4 12 19 
4 12 19 
12 25 
8 11 18 22 28 31 
14 25 
16 24 25 
3 6 15 16 26 
5 25 
12 25 
5 6 12 25 27 
3 9 14 18 
3 7 
1 4 15 
2 5 12 25 
18 25 
1 3 9 18 
3 6 9 12 18 
3 8 9 18 
2 3 9 18 
12 25 
6 11 21 25 
25 28 
2 3 9 18 
18 25 
22 25 
22 25 27 
25 
25 
1 4 15 
3 9 14 18 
11 16 24 
4 12 19 
1 3 9 18 
1 25 
5 12 22 25 27 
18 19 24 
22 25 
14 25 
14 25 
12 16 19 24 
21 25 
11 16 22 24 
11 12 19 28 31 
1 4 15 
3 9 16 18 19 
22 25 
11 12 16 24 28 31 
11 14 16 24 
25 
12 25 
3 11 16 21 22 24 
3 5 12 24 25 
3 7 
1 25 
2 3 9 18 
5 9 12 
5 25 
1 3 9 18 
3 6 9 19 22 27 
6 9 22 
11 15 16 18 28 31 
6 11 27 28 31 
4 12 19 
1 4 15 
6 15 19 21 
1 4 15 
16 25 
3 6 9 16 18 
25 
1 3 9 18 
1 25 
22 25 27 
14 25 
6 9 22 27 30 
3 9 14 18 
18 25 
11 16 24 
25 28 
12 25 
1 3 9 18 
18 25 
11 14 22 24 
3 8 9 14 18 
11 14 16 22 
5 6 9 25 
2 3 9 18 
1 25 
8 11 24 28 31 
4 12 19 
3 9 14 18 
5 11 16 24 
11 14 16 24 
5 12 19 25 27 
22 25 
12 25 
2 3 9 18 
1 5 6 25 
3 7 
1 25 
1 4 6 18 21 
25 28 
22 25 
25 
5 25 
1 4 15 
22 25 
1 4 15 
3 9 14 18 
24 25 
3 9 14 18 
11 24 28 31 
14 25 
12 25 
1 25 
12 25 
1 4 15 
6 12 15 26 28 
6 9 14 21 
1 5 6 25 
3 9 16 18 25 
5 25 
3 5 8 9 18 
3 8 11 19 28 31 
22 25 
2 5 12 16 25 
0 11 12 16 28 31 
3 9 14 18 
5 6 9 25 
5 8 11 16 
1 4 15 
14 25 
25 
3 11 16 19 28 31 
11 27 28 31 
3 5 12 25 
0 14 19 21 22 
11 15 28 31 
4 9 16 24 
1 16 18 
11 12 16 28 31 
9 11 14 16 22 24 
3 9 14 18 19 
1 25 
5 6 22 25 
2 6 15 18 19 
1 3 9 18 
3 5 8 11 12 
1 4 15 
1 4 15 
25 27 
1 
1 6 11 15 18 
1 5 6 25 
3 9 14 18 
25 
3 9 14 18 
5 12 25 30 
3 9 14 18 
6 25 
1 5 25 
16 18 22 24 
1 4 15 
25 
6 9 19 22 
1 4 16 
12 25 
25 
1 25 
18 25 
6 9 18 22 
25 28 
18 25 
4 12 19 
1 18 
25 
1 25 
6 12 21 26 30 
18 25 
3 9 14 18 
3 7 
1 3 9 18 
2 3 9 18 
1 4 15 
25 
14 25 
3 8 9 18 
25 27 
3 9 14 18 
1 3 9 18 
3 9 11 19 28 31 
3 9 14 18 
11 16 28 30 31 
1 3 9 18 
4 12 19 
3 5 8 11 12 
2 3 9 18 
18 25 
3 9 14 18 
25 
2 3 9 18 
6 19 21 22 
25 
22 25 
5 25 
5 12 22 25 
1 18 
1 4 6 9 15 
18 25 
4 12 19 
18 25 
4 12 19 
11 16 19 24 28 31 
11 15 21 27 28 31 
4 12 19 
1 
25 27 
1 4 15 
2 5 6 8 26 
8 11 24 28 31 
11 12 16 28 31 
6 21 25 
22 25 
3 11 26 28 31 
5 6 21 25 
1 3 9 18 
1 4 15 
11 24 28 31 
1 
6 8 15 16 21 
5 6 21 25 
3 9 18 19 21 
4 12 19 
3 9 14 18 
6 9 19 21 25 
11 16 18 24 
3 7 
2 11 16 24 
6 14 16 24 
1 6 9 21 25 
6 15 22 
5 6 9 25 
14 25 
1 3 9 18 
4 12 19 
0 6 11 16 28 31 
4 12 19 
11 14 16 24 
3 6 9 16 18 
1 4 15 
11 16 22 28 31 
11 16 22 24 
18 25 
18 25 
1 4 15 16 
0 3 11 16 28 31 
3 9 11 19 28 31 
11 14 22 24 
2 3 9 18 
12 25 
5 11 19 21 28 31 
11 14 16 19 28 31 
1 3 9 18 
4 12 19 
1 3 9 18 
11 22 24 28 31 
11 12 19 28 31 
4 12 19 
6 18 19 22 
4 12 19 
1 4 15 
5 11 19 21 28 31 
2 3 9 18 
11 16 24 
2 11 18 24 
6 11 25 
4 12 19 
11 15 19 28 31 
2 3 9 18 
4 12 19 
3 7 
2 3 9 18 
1 18 
5 9 12 24 25 
8 11 12 19 28 31 
11 16 22 27 
22 25 
25 
1 3 9 18 
9 18 24 
11 22 28 30 31 
4 12 19 
16 18 24 
1 19 
8 11 19 28 30 31 
4 12 19 
5 12 18 25 30 
1 3 9 18 
4 12 19 
0 6 11 16 28 31 
4 12 19 
22 25 
2 25 
1 4 15 
1 4 15 
1 
1 4 28 31 
25 
4 12 19 
1 3 9 18 
11 19 28 31 
3 9 14 18 
11 24 28 31 
1 3 9 18 
4 25 
4 12 19 
8 11 24 28 31 
22 24 25 27 
5 6 22 25 
6 11 12 28 31 
6 8 11 19 25 
1 4 15 
2 11 16 24 
1 5 6 25 
8 11 16 24 28 31 
1 4 15 
4 18 25 
11 19 24 
8 11 24 28 31 
1 6 11 22 
14 25 
1 3 9 18 
8 11 24 28 31 
11 19 21 22 28 31 
1 3 9 18 
0 3 9 18 27 
0 11 12 16 28 31 
3 7 
3 7 
5 25 
1 3 9 18 
8 11 19 24 28 31 
3 5 6 25 
3 6 9 19 
25 28 
5 25 
8 11 19 27 28 31 
3 9 14 18 
11 14 16 24 
4 12 19 
3 9 15 18 
11 16 24 28 
0 3 11 16 28 31 
8 9 14 16 22 
4 16 22 
6 11 28 30 31 
1 16 
5 6 19 25 
5 12 25 
25 
1 4 15 
1 16 
1 4 15 
5 25 
1 3 9 18 
5 25 
8 11 12 16 28 31 
2 3 9 14 18 
22 25 
5 6 11 25 
1 15 16 
0 11 16 28 31 
3 9 14 18 
3 7 
1 4 15 
1 25 
1 4 15 
1 4 15 
1 4 15 
2 3 9 18 
3 7 
1 4 15 
25 
11 16 19 24 
5 25 
4 16 24 
3 9 14 18 
16 25 
11 18 21 22 28 31 
11 19 27 28 31 
4 22 
1 4 15 
25 27 
5 12 25 30 
4 12 19 
3 11 14 16 18 24 
3 7 
3 7 
0 11 12 16 28 31 
4 12 19 
3 9 11 19 28 31 
1 4 15 
4 12 19 
3 7 
3 7 
2 11 16 24 
4 16 18 19 
18 24 
25 
1 4 15 
0 2 11 21 28 31 
3 9 14 18 
1 3 9 18 
22 25 
11 16 19 24 28 31 
11 19 27 28 31 
6 11 19 28 31 
1 
2 6 15 22 
3 11 14 16 22 24 
4 
8 11 16 18 28 31 
22 25 
2 3 9 18 
3 11 16 24 
1 3 9 18 
14 25 
11 24 28 31 
11 16 22 24 
1 11 16 22 24 
11 28 31 
11 24 28 31 
1 15 28 31 
25 
6 9 18 21 
0 11 12 16 28 31 
3 5 9 18 21 
11 16 24 28 31 
11 15 16 22 24 
18 24 25 
0 25 
4 15 
9 11 16 22 24 
3 7 
6 15 19 21 
8 11 24 28 31 
4 
4 22 
3 9 11 28 31 
11 12 28 31 
2 3 9 18 
3 7 
11 18 19 27 28 31 
3 18 24 
4 16 19 
1 6 18 25 
4 8 25 
1 16 
1 16 
11 15 16 24 
25 28 
2 11 16 24 
12 14 19 21 22 
11 16 24 
2 3 9 18 
4 12 19 
1 15 16 
0 11 12 16 28 31 
11 12 16 28 31 
1 3 9 18 
11 16 24 
3 7 
4 15 16 
3 7 
16 18 19 24 
4 
11 15 19 28 31 
3 7 
1 5 6 25 
2 12 18 24 
3 9 16 18 30 
11 14 22 24 
5 11 19 28 31 
0 11 19 
1 8 11 19 
4 12 19 
4 16 22 
18 25 
1 4 15 
1 3 9 18 
1 25 
18 25 
4 12 19 
22 25 
3 7 
4 16 22 
0 8 11 18 19 
7 15 26 31 
22 25 
6 
3 11 14 16 22 24 
4 12 19 
0 11 19 28 
5 11 19 28 31 
1 4 15 
3 8 14 19 25 31 
0 7 28 31 
16 24 28 
16 24 28 
1 4 
1 4 
4 12 19 
5 6 9 25 
11 14 16 24 
4 
25 
1 3 9 18 
6 9 21 30 
3 5 8 11 12 
1 4 15 
5 6 11 25 
3 7 
1 4 15 
25 
4 16 18 
1 4 15 
3 7 
1 4 15 
4 
6 9 21 
11 18 24 28 31 
4 12 19 
11 16 22 24 
9 11 15 16 
13 16 24 
4 16 
4 6 9 15 22 
3 7 
4 6 9 11 14 
3 7 
16 19 24 
11 21 27 28 31 
1 4 15 
11 15 16 24 
8 11 12 21 28 31 
5 12 22 25 
3 8 11 12 28 31 
3 12 14 16 
1 4 15 
11 19 21 28 31 
1 10 16 18 
5 25 
5 14 16 22 24 
6 11 12 16 28 31 
16 24 27 
6 9 14 15 18 
25 
22 25 
1 4 15 
4 12 19 
11 12 14 16 28 31 
1 4 15 
0 7 14 31 
11 15 19 28 31 
2 6 9 19 21 
31 
3 7 
3 25 
11 15 16 24 
0 4 18 31 
1 4 15 
1 3 5 27 
3 7 
0 2 9 12 14 
7 9 
16 21 
2 
9 16 21 27 
1 8 11 19 
7 9 
7 9 
2 16 
18 22 
1 4 
11 18 30 
1 
4 12 19 
1 4 9 
1 3 9 18 
1 4 15 
1 3 5 27 
11 19 21 28 31 
2 9 18 19 
12 18 21 
11 16 28 31 
1 3 9 18 
3 6 9 12 18 
1 4 15 
14 16 
3 5 8 11 12 
4 12 28 31 
9 15 21 24 
3 5 8 11 12 
3 5 8 11 12 
3 5 8 11 12 
3 5 8 11 12 
21 24 25 28 
1 15 28 31 
3 5 8 11 12 
3 5 8 11 12 
1 18 28 31 
3 5 8 11 12 
1 4 28 31 
1 3 8 11 14 
3 5 8 11 12 
3 8 14 25 28 31 
1 18 28 31 
3 5 8 11 12 
9 21 24 25 
3 5 8 11 12 
0 14 15 31 
1 18 28 31 
3 11 12 14 19 25 31 
3 5 8 11 12 
3 5 8 11 12 
0 11 19 
3 5 8 11 12 
0 3 11 18 31 
3 14 22 25 27 31 
6 8 15 26 
1 3 8 11 14 
3 5 8 11 12 
3 5 8 11 12 
1 18 28 31 
0 5 15 31 
3 12 21 24 
14 16 19 21 
3 8 11 16 30 
6 11 12 15 26 
3 5 8 11 12 
1 15 28 31 
3 8 14 19 25 31 
0 4 18 31 
6 8 24 26 28 
1 18 27 28 31 
15 24 26 27 saa27 26 B94001287328 31 
4 8 10 15 
3 5 8 11 12 
6 18 21 24 
11 14 16 22 27 
3 5 8 11 12 
6 14 21 26 
3 5 8 11 12 
3 5 8 11 12 
3 5 8 11 12 
3 5 8 11 12 
3 8 14 19 25 31 
3 5 8 11 12 
3 9 14 19 22 25 31 
3 5 8 11 12 
0 11 12 27 31 
4 8 10 15 
3 5 8 11 12 
3 5 8 11 12 
3 5 8 11 12 
3 8 14 16 25 30 31 
0 15 30 31 
1 3 8 11 14 
0 5 8 18 31 
3 5 8 11 12 
0 9 12 18 31 
0 2 18 31 
0 7 19 31 
1 4 28 31 
3 8 11 14 27 
3 5 8 11 12 
3 6 14 25 31 
6 18 21 24 26 
3 6 24 26 28 
6 18 21 24 
8 21 24 25 
3 5 8 11 12 
3 5 8 11 12 
0 21 24 30 
0 11 18 19 30 
0 15 27 28 31 
5 15 27 28 31 
3 5 8 11 12 
14 16 21 22 30 
6 16 24 26 28 
14 16 24 25 28 
3 8 14 21 25 27 31 
3 5 8 11 12 
4 8 10 15 
4 8 10 15 
4 8 10 15 
4 8 10 15 
4 24 28 31 
1 4 28 31 
4 24 28 31 
4 8 10 15 
3 5 8 11 12 
18 25 28 31 
3 5 14 22 25 31 
6 19 24 26 28 
18 24 26 28 31 
9 14 16 21 22 
0 3 8 11 28 
3 5 8 11 12 
1 18 28 31 
7 27 28 31 
3 5 21 24 30 
3 6 9 14 18 25 31 
1 11 12 14 28 31 
3 6 11 15 26 
0 3 8 19 27 
18 25 28 31 
6 14 24 26 28 
4 8 10 15 
0 9 18 21 31 
4 8 10 15 
3 14 22 25 30 31 
6 14 15 18 26 
3 5 8 11 12 
4 8 10 15 
3 8 11 14 16 
3 5 8 11 12 
4 14 21 24 
3 5 8 11 12 
1 4 28 31 
4 8 10 15 
3 5 8 11 12 
0 4 15 31 
14 21 24 27 
3 5 8 11 12 
3 5 8 11 12 
14 21 24 27 
3 5 8 11 12 
1 3 11 28 31 
0 3 6 8 11 
6 11 15 26 28 
6 9 11 15 26 
3 5 8 11 12 
0 9 12 18 31 
6 11 12 15 26 
3 14 22 24 25 27 31 
3 9 14 22 25 31 
8 12 14 16 22 
0 11 15 21 24 
0 6 8 26 
4 8 10 15 
3 5 8 11 28 
1 3 8 11 14 
3 5 8 11 12 
3 5 8 11 12 
3 5 8 11 12 
15 16 28 31 
14 16 18 19 30 
0 7 25 31 
18 28 30 31 
3 5 8 11 12 
0 18 19 25 30 
4 8 10 15 
1 3 8 11 14 
3 5 8 11 12 
1 9 18 28 31 
4 14 21 24 
3 6 11 15 26 
6 14 24 26 28 
3 5 8 11 12 
6 12 16 26 28 
3 5 8 11 12 
1 15 28 31 
0 11 12 14 31 
4 8 10 15 
16 18 28 31 
3 5 8 11 12 
1 3 11 28 31 
5 18 21 24 
3 5 8 11 12 
2 5 6 26 30 
2 3 14 22 25 31 
4 8 10 15 
3 5 8 11 12 
3 5 8 11 12 
3 5 8 11 12 
5 6 24 26 28 
3 5 8 11 12 
3 5 8 11 12 
1 15 28 31 
3 5 8 11 12 
3 5 8 11 12 
16 19 21 24 
3 8 11 18 21 
3 8 11 14 25 27 31 
0 4 18 31 
1 4 28 31 
3 5 8 11 12 
6 11 24 26 28 
0 18 19 25 30 
6 15 16 26 31 
0 15 30 31 
2 5 6 26 
1 27 28 31 
3 5 8 11 12 
3 5 8 11 12 
2 8 12 14 16 
2 5 6 26 28 
3 21 22 24 
3 5 8 11 12 
6 11 12 15 26 
0 3 5 7 31 
3 5 8 11 12 
3 5 8 11 12 
12 21 22 24 
9 21 24 
3 5 8 11 12 
3 5 8 11 12 
4 14 21 24 
3 5 8 11 12 
1 4 28 31 
4 8 10 15 
11 15 28 31 
3 5 8 11 12 
3 5 8 11 12 
3 5 8 11 12 
3 5 8 11 12 
3 5 8 11 12 
3 6 15 24 26 
2 5 6 26 28 
3 5 8 11 12 
6 11 12 26 28 
14 21 24 25 
0 7 18 31 
6 14 21 24 
1 18 28 31 
0 9 21 24 31 
1 4 28 31 
3 5 8 11 12 
3 9 14 21 25 30 31 
6 11 12 15 26 
3 6 14 25 27 31 
3 5 8 11 12 
4 8 10 15 
6 8 15 26 28 31 
3 5 8 11 12 
0 15 22 31 
1 4 28 31 
3 6 15 18 26 
3 5 8 11 12 
1 3 8 11 14 
11 12 14 16 18 
6 11 15 26 
3 5 8 11 12 
3 8 11 12 27 
0 14 15 31 
6 24 26 28 
0 7 11 12 31 
3 8 14 25 27 31 
9 14 16 22 30 
3 5 8 11 12 
3 11 14 16 22 
0 9 12 18 31 
8 14 15 16 18 
3 5 6 15 26 
5 6 24 26 28 
6 11 12 15 26 
6 15 21 26 
6 18 24 26 30 
6 11 12 15 26 
15 16 21 24 
3 9 14 21 24 25 31 
0 3 6 26 
4 8 10 15 
0 7 27 31 
1 3 5 27 
6 8 24 26 28 
0 4 18 31 
1 27 28 30 31 
4 8 10 15 
1 3 5 27 
0 3 8 14 22 25 31 
14 16 21 
8 11 12 19 21 
0 7 30 31 
1 3 5 27 
6 15 26 28 30 
6 18 24 26 28 
0 11 12 19 31 
3 5 8 11 12 
3 11 14 15 16 22 
3 11 14 21 24 25 31 
3 5 8 11 12 
1 18 28 31 
0 14 15 27 31 
1 3 18 28 31 
3 5 8 11 12 
14 16 19 24 28 
1 3 8 11 14 
4 8 10 15 
0 7 24 31 
3 5 8 11 12 
4 8 10 15 
1 4 28 31 
6 11 12 15 26 
6 11 12 15 26 
3 8 9 11 19 22 
1 3 5 27 
0 7 11 31 
0 12 14 16 22 
1 15 28 31 
2 5 6 15 26 
3 8 14 19 25 31 
6 18 24 26 28 
1 3 8 11 14 
3 6 9 14 16 25 31 
8 15 18 19 30 
3 14 16 22 25 31 
5 6 14 15 16 26 
1 18 28 31 
4 8 10 15 
1 4 28 31 
1 18 28 31 
3 5 8 11 12 
2 5 6 9 26 
6 8 14 18 26 
6 11 15 21 26 
3 8 18 19 25 
2 5 6 8 26 
4 8 10 15 
3 5 8 11 12 
1 21 28 31 
0 8 18 19 30 
4 8 10 15 
2 8 9 18 19 
3 8 14 19 25 31 
1 3 5 27 
0 4 8 11 18 
18 24 26 28 31 
11 18 19 25 30 
0 6 24 26 28 
4 8 10 15 
8 14 16 19 28 
1 18 28 31 
8 11 18 19 30 
1 4 28 31 
3 5 8 11 12 
1 3 8 11 14 
3 5 8 11 12 
1 3 8 11 14 
3 9 14 19 21 25 31 
3 5 8 11 12 
1 18 28 31 
14 24 26 28 31 
0 8 16 19 25 
3 9 14 22 25 31 
9 11 12 14 16 
0 11 19 21 
0 11 18 19 30 
31 
3 6 24 26 28 
1 3 8 11 14 
3 5 8 11 12 
1 3 5 27 
0 4 11 16 19 
1 3 5 27 
1 6 18 26 28 
3 11 12 14 16 
5 11 16 18 30 
6 11 12 15 26 
4 8 10 15 
3 5 8 11 12 
6 15 18 24 26 
4 8 10 15 
18 19 21 25 30 
6 8 9 16 26 
4 8 10 15 
3 8 11 27 30 
4 8 10 15 
0 2 6 26 
6 16 26 
0 15 16 27 31 
6 11 12 15 26 
1 3 28 30 31 
1 3 5 27 
8 18 19 
1 3 5 27 
4 14 15 16 
1 3 5 27 
1 3 5 27 
6 24 25 26 saa26 25 B94003040828 
11 14 16 18 19 
4 8 10 15 
0 9 12 19 31 
3 5 8 11 12 
1 3 5 27 
6 11 15 26 28 
1 3 5 27 
1 27 28 30 31 
3 5 8 11 12 
4 8 10 15 
5 6 24 26 28 
3 5 6 9 14 25 31 
0 11 18 19 30 
1 3 5 27 
9 14 16 21 
4 8 10 15 
6 11 12 15 26 
0 11 16 18 30 
0 11 15 19 21 
1 4 28 31 
6 11 12 15 26 
3 5 8 11 12 
0 7 16 31 
1 4 28 31 
1 18 28 31 
8 11 16 18 19 
3 8 14 19 25 31 
5 6 24 26 28 
3 5 8 11 12 
4 8 10 15 
0 8 18 19 30 
14 16 18 19 30 
6 15 18 26 
6 11 12 15 26 
3 14 18 25 30 31 
14 16 18 22 
9 14 15 16 
0 2 5 6 26 
2 5 6 15 26 
1 3 5 27 
6 26 
4 8 10 15 
6 11 12 15 26 
3 5 8 11 12 
6 9 26 28 30 
3 5 8 11 12 
3 5 8 11 12 
6 15 24 26 
4 8 10 15 
12 14 15 16 
0 11 18 19 30 
15 21 22 24 25 28 
3 5 8 11 12 
3 5 8 11 12 
4 8 10 15 
6 24 26 28 30 
1 3 5 27 
6 11 12 15 26 
3 11 12 14 16 
1 16 28 30 31 
1 3 8 11 14 
14 15 16 18 
0 12 14 16 22 
21 22 24 
3 14 18 25 30 31 
3 5 8 11 12 
0 8 18 19 30 
3 5 8 11 12 
3 8 14 19 25 31 
0 7 14 31 
0 14 15 31 
3 5 8 11 12 
3 9 11 14 25 30 31 
0 4 11 19 
2 3 5 21 24 
6 16 24 26 28 
3 8 14 19 25 31 
0 8 11 18 19 
3 5 8 11 12 
3 5 8 11 12 
8 11 18 19 30 
0 8 18 31 
3 5 21 24 27 
0 8 11 18 19 
3 12 14 25 30 31 
1 3 5 27 
3 8 14 19 25 31 
0 8 11 24 
8 18 19 25 30 
6 11 12 15 26 
4 11 14 18 30 
6 11 12 15 26 
3 8 18 19 21 
4 8 10 15 
3 5 8 11 12 
0 2 8 11 22 
5 6 26 
0 8 11 18 19 
3 5 8 11 12 
1 15 28 31 
6 11 12 15 26 
0 11 19 22 28 
1 8 28 31 
0 7 28 31 
0 2 11 19 
3 8 14 19 25 31 
3 5 8 11 12 
3 14 25 28 31 
3 8 14 19 25 31 
4 8 10 15 
4 8 10 15 
0 11 19 22 28 
0 11 12 15 31 
3 5 8 11 12 
6 11 12 15 26 
12 14 16 22 30 
4 8 10 15 
3 8 9 14 25 31 
0 8 18 19 30 
0 15 27 31 
0 4 18 31 
6 15 18 26 28 
0 8 11 14 16 
6 11 12 15 26 
4 10 18 25 30 
4 8 10 15 
3 6 14 15 26 
3 5 8 11 12 
0 8 11 19 30 
6 15 26 30 
6 14 19 26 
6 14 19 26 28 
0 5 7 31 
0 4 18 31 
3 5 8 11 12 
0 8 18 19 30 
3 8 14 19 25 31 
6 12 14 22 26 
4 8 10 15 
3 5 8 11 12 
8 11 18 19 30 
3 9 14 22 25 31 
0 2 8 9 19 
14 16 
4 8 10 15 
1 15 28 31 
11 14 16 22 
1 3 5 27 
3 11 14 19 21 25 31 
21 24 
1 3 5 27 
6 26 30 
0 8 11 18 19 
0 2 11 16 19 
3 6 14 15 25 28 31 
3 8 14 19 25 31 
4 8 10 15 
3 11 12 14 16 
4 8 10 15 
6 11 12 15 26 
6 11 12 15 26 
3 6 15 26 30 
8 11 18 19 30 
0 11 19 
3 8 14 18 25 31 
3 5 8 11 12 
4 8 10 15 
3 5 8 11 12 
4 8 10 15 
14 21 24 
6 15 26 28 30 
2 21 24 
14 16 30 31 
3 5 8 11 12 
5 6 15 26 
1 4 28 31 
3 8 14 19 25 31 
14 16 24 25 28 
4 8 10 15 
3 6 11 15 26 
3 5 8 14 25 31 
4 14 21 24 
0 11 15 19 
5 6 15 18 26 
6 15 26 30 31 
14 18 21 24 
0 15 18 31 
3 9 14 22 25 31 
0 18 27 28 31 
2 3 7 15 
1 3 16 19 21 24 
6 21 25 
3 14 15 18 22 
0 6 11 14 18 19 
2 3 15 19 
2 9 16 21 
6 11 15 18 
9 15 18 19 21 
5 6 8 21 27 
0 3 15 18 21 
1 15 16 18 22 
11 15 16 24 27 
3 15 18 19 21 
1 15 16 18 19 
11 14 15 18 22 
1 5 12 15 
5 12 
1 6 22 
16 18 19 28 
2 14 15 19 21 
0 27 
0 9 11 
5 9 11 27 
0 2 27 
6 11 12 16 28 31 
3 5 8 9 18 
0 11 12 16 28 31 
1 4 15 
4 12 19 
4 12 19 
6 9 12 21 
3 7 9 
3 8 11 27 28 31 
1 4 15 
5 
2 4 12 22 
0 16 24 
11 31 
0 5 8 11 
2 4 11 16 28 
2 6 16 18 
8 11 18 19 31 
2 5 15 16 
2 9 19 
3 8 11 22 25 
3 5 8 11 12 
1 9 12 14 19 
3 5 8 11 12 
2 19 
3 8 11 21 25 
8 12 16 19 22 
3 5 8 11 12 
3 5 8 11 12 
4 6 8 18 22 27 
3 5 8 11 12 
2 19 
3 5 8 11 12 
0 15 16 31 
1 4 12 22 
6 8 15 26 31 
3 5 8 11 12 
4 14 16 19 22 27 
3 5 8 11 12 
2 4 9 16 19 
4 12 16 19 21 
3 5 8 11 12 
3 5 8 11 12 
3 5 8 11 12 
3 8 11 28 30 
3 5 8 11 12 
4 16 19 21 
2 3 8 11 15 27 
3 5 8 11 12 
3 5 8 11 12 
3 5 8 11 12 
5 6 12 15 
3 5 8 11 12 
3 5 8 11 12 
3 5 8 11 12 
0 4 9 12 19 
0 6 26 30 
6 24 26 28 30 
0 6 24 26 28 
0 6 24 26 28 
6 14 24 26 28 
5 6 24 26 28 
4 16 21 22 
0 4 9 11 14 
6 8 12 16 19 22 
6 11 12 15 26 
6 11 12 15 26 
4 18 31 
6 11 12 15 26 
0 15 22 31 
14 16 18 21 27 
3 12 14 19 24 25 31 
0 4 18 31 
3 8 11 12 
0 11 19 
0 11 19 
0 8 19 25 30 
13 18 19 30 
0 3 14 18 30 
9 14 19 
8 16 18 22 30 
4 8 16 18 
11 21 24 30 
5 16 21 24 
3 5 8 12 
0 7 27 31 
21 24 
5 6 21 24 
14 21 24 28 
16 21 24 27 
2 21 24 30 
21 24 28 30 
0 16 21 24 
0 9 12 19 31 
0 9 12 18 31 
1 9 28 31 
0 7 27 31 
12 
31 
0 7 31 
4 18 31 
0 4 18 31 
14 16 19 
0 18 24 27 31 
1 18 21 28 31 
1 18 28 31 
0 7 27 31 
4 8 10 15 
14 16 21 30 
0 14 16 18 22 
0 12 14 16 21 
2 9 14 16 21 
1 3 5 27 
1 3 5 27 
4 8 10 15 
4 8 10 15 
8 11 
11 30 
0 30 
0 30 
8 18 30 
4 12 14 16 19 
4 18 31 
4 12 18 
2 6 16 18 
9 12 14 15 16 
4 12 14 16 19 
2 19 
1 9 12 14 19 
1 8 12 19 
4 6 12 16 22 
1 9 12 14 19 
4 8 18 31 
7 9 
14 15 16 19 22 
2 11 12 15 16 18 
0 2 11 14 
3 8 14 
0 11 19 21 30 
3 9 12 
2 11 16 28 
5 8 
5 11 14 16 
5 8 11 12 
1 4 12 22 
2 11 16 28 
0 5 8 12 18 
0 5 8 12 
3 9 18 19 22 
3 5 8 9 18 
1 7 28 31 
2 4 9 12 14 18 19 
2 4 6 9 12 14 18 19 
2 4 9 12 14 18 19 
2 4 9 12 14 18 19 
7 11 
3 5 8 11 12 
4 8 10 15 
0 11 19 
3 9 14 19 21 25 31 
3 9 14 19 21 25 31 
2 4 9 12 14 18 19 
1 4 7 10 
1 4 7 10 
1 4 7 10 
1 4 7 10 
1 4 7 10 
1 4 7 10 
1 4 7 10 
1 4 7 10 
1 4 7 10 
1 4 7 10 
1 4 7 10 
1 4 7 10 
1 4 7 10 
2 4 9 12 14 18 19 
1 4 7 10 
2 4 9 12 14 18 19 
2 4 9 12 18 19 
2 4 9 12 14 18 19 
1 4 7 10 
0 4 15 31 
4 8 10 15 
9 12 14 26 
9 11 14 28 
9 12 14 18 
1 8 12 14 
1 8 12 14 
0 7 27 31 
1 4 
1 4 
4 
4 
4 
1 4 
1 4 
4 
1 3 5 27 
14 21 24 
2 21 24 
16 18 
0 6 14 16 
0 6 14 18 
0 6 14 18 
0 6 14 18 
0 6 14 18 
0 6 14 18 
0 6 14 18 
0 6 14 16 
0 6 14 18 
0 6 14 18 
4 6 
0 6 9 14 15 
1 7 16 18 
0 4 10 
2 4 
0 2 4 6 9 11 
9 15 19 
4 6 9 
7 14 16 18 
1 4 9 
2 5 7 9 12 15 
4 10 16 
4 13 
1 4 9 
1 7 16 18 
0 4 14 
7 15 16 18 22 
2 4 19 
1 4 7 12 
11 12 14 19 21 25 28 30 
1 6 9 
4 
3 8 13 16 
7 15 16 18 22 
3 5 9 11 12 15 22 
1 7 16 18 
1 7 
1 4 9 
0 2 4 6 
2 4 9 
1 4 9 
1 4 9 
2 4 9 
1 7 16 18 
1 4 9 
1 4 11 14 
4 13 
2 4 
1 4 8 11 14 
0 2 4 
2 6 22 
0 4 7 
8 15 16 
6 
1 7 16 18 
0 2 4 9 11 
2 4 14 
5 9 11 12 15 22 
1 4 
1 5 8 11 12 
0 2 4 6 9 11 
4 6 8 15 
1 5 11 12 18 
1 3 9 15 19 
1 4 7 12 
1 7 
1 5 8 11 12 
4 10 
0 4 7 
4 10 
0 2 4 9 11 
0 4 7 
1 5 11 14 15 19 
1 5 6 11 12 
1 5 8 11 12 
6 8 9 13 
0 4 10 
2 5 15 19 
0 2 4 9 11 
1 5 8 15 24 
3 6 11 12 15 16 
7 16 18 30 
1 7 16 18 
2 4 10 
5 6 8 19 
1 5 8 11 12 
19 
1 7 16 18 
1 7 16 18 
2 8 9 22 
0 7 16 18 
10 14 
1 8 9 14 
7 10 
10 13 
4 12 19 
1 4 
1 4 6 9 
19 
0 2 4 9 11 
1 9 13 19 
0 2 4 6 9 11 
1 4 7 12 
1 7 16 18 
1 5 6 11 12 
4 8 9 12 
1 5 8 11 12 
1 7 16 18 
8 11 15 
6 9 13 15 
0 2 4 9 11 
1 6 9 15 
4 12 19 
1 5 6 11 14 19 
5 6 15 16 19 
0 2 4 9 11 
1 4 
1 4 7 12 
1 5 6 9 16 
1 5 8 11 12 
4 10 16 
0 2 4 9 11 
1 6 8 12 15 
1 5 11 12 19 
1 7 16 18 
1 5 11 14 15 19 
1 7 16 18 
4 8 9 12 
6 
1 4 7 12 
6 8 9 13 
1 6 8 12 15 
4 7 
4 
0 2 4 6 9 11 
2 5 9 12 15 16 
4 6 
1 10 
1 7 16 18 
1 7 16 18 
1 5 6 11 12 
7 16 18 30 
1 8 9 
4 13 
1 10 
4 7 
1 4 7 12 
1 5 8 11 12 
4 6 8 12 19 
0 7 10 
2 4 16 
1 8 9 15 
5 13 15 16 19 
1 9 15 19 
1 7 16 18 
1 7 16 18 
0 2 4 6 9 11 
1 5 11 14 19 
1 5 8 11 12 
1 7 16 18 
4 9 13 16 19 
1 7 
1 4 7 12 
0 2 4 9 11 
1 5 6 11 12 
0 2 4 9 11 
1 10 
1 7 16 18 
1 7 16 18 
4 6 9 12 
1 5 11 12 19 
1 8 15 16 
2 9 
2 4 
5 9 15 
4 10 
5 9 15 19 
0 7 10 
1 5 9 11 12 
0 2 4 9 11 
1 7 16 18 
0 2 4 9 11 
1 7 16 18 
1 5 11 12 19 
4 6 9 
1 6 9 13 19 
1 7 16 18 
4 
0 2 4 6 9 11 
6 8 18 
2 11 22 
1 7 16 18 
1 6 13 15 19 
1 5 6 11 14 19 
1 4 
2 5 9 12 15 16 
1 5 8 11 12 
0 4 
4 7 
0 2 4 9 11 
4 16 
1 7 16 18 
1 5 8 9 11 12 
1 5 8 11 12 
1 5 9 11 12 14 15 
1 4 
4 6 8 13 
1 4 11 14 
7 11 15 16 18 
1 7 16 18 
1 7 16 18 
5 9 19 
1 9 11 14 
6 8 9 
7 15 16 18 22 
1 7 
2 10 
1 6 9 15 
0 2 4 9 11 
1 4 6 11 14 
1 7 16 18 
0 
1 7 16 18 
2 5 6 9 12 19 
4 7 
1 7 16 18 
7 15 16 18 22 
2 4 
4 6 9 
9 19 22 
1 4 6 11 14 
1 9 13 19 
0 7 16 18 
0 2 4 6 9 11 
2 4 
8 12 15 19 
6 8 19 
1 4 8 11 14 
1 7 16 18 
0 2 4 9 11 
1 4 7 12 
0 2 4 9 11 
2 8 9 
0 2 4 6 9 11 
1 7 16 18 
0 2 4 9 11 
1 4 7 12 
1 4 7 12 
9 19 22 
4 7 
1 5 6 8 9 
5 9 16 19 
1 7 16 18 
0 2 4 9 11 
6 8 9 12 28 
1 7 16 18 
1 5 6 11 12 
1 5 8 11 12 
4 8 18 
1 3 5 6 
1 4 7 12 
1 5 8 11 12 
1 4 7 12 
0 4 8 9 
1 7 16 18 
2 9 
5 6 11 14 
3 8 18 
1 5 6 11 12 
5 6 15 16 19 
0 2 4 9 11 
1 5 11 12 19 
1 5 11 12 16 
1 5 6 11 12 
0 2 4 16 
5 6 8 13 
1 4 6 9 
1 5 6 8 19 
1 4 
1 4 8 9 12 
1 7 16 18 
2 4 16 
3 8 11 12 15 16 
1 7 
4 6 8 
6 9 13 16 18 
1 4 
1 7 16 18 
0 2 4 9 11 
0 2 4 9 11 
1 4 7 12 
2 8 11 12 
0 3 9 24 
1 5 11 12 19 
0 2 4 9 11 
1 4 14 15 
0 2 4 9 11 
5 8 12 19 
1 7 16 18 
1 7 16 18 
1 
0 2 4 9 11 
1 5 9 11 12 14 15 
0 9 15 16 
1 7 16 18 
1 5 8 11 12 
1 7 16 18 
1 5 6 11 12 
1 4 
1 5 11 14 15 19 
1 5 8 11 12 
0 2 4 9 11 
0 2 4 9 11 
9 13 15 18 19 
1 5 15 
1 4 7 12 
0 2 4 6 9 11 
1 10 
1 4 6 
0 2 4 9 11 
1 7 16 18 
4 10 
1 4 7 12 
0 2 4 9 11 
1 7 16 18 
0 2 4 9 11 
4 10 
2 10 15 19 
0 2 4 9 11 
7 16 18 30 
1 4 7 12 
4 9 
1 7 16 18 
1 5 8 11 12 
0 2 4 9 11 
2 4 16 
1 3 5 11 12 
1 5 6 11 14 19 
1 4 11 14 
1 5 8 11 12 
6 8 9 14 
6 9 14 16 19 
3 6 8 13 15 
7 10 
1 5 8 11 12 
6 9 14 16 19 
0 2 4 9 11 
1 4 11 14 
0 2 4 6 9 11 
1 7 16 18 
1 7 
0 2 4 9 11 
4 16 
0 2 4 6 9 11 
1 7 16 18 
2 4 
1 7 16 18 
4 
0 2 4 9 11 
0 2 4 9 11 
0 2 4 9 11 
0 2 4 9 11 
0 2 4 9 11 
0 2 4 6 9 11 
1 7 16 18 
1 10 
1 7 16 18 
1 6 8 9 
1 7 16 18 
1 4 7 12 
5 9 12 15 22 
1 7 16 18 
1 6 8 9 16 
7 15 16 18 22 
0 2 4 6 9 11 
4 7 
5 9 11 12 15 22 
1 4 
1 3 11 14 15 
0 2 4 9 11 
0 2 4 6 9 11 
0 2 4 9 11 
1 4 
1 4 7 12 
5 6 8 15 
1 7 16 18 
3 8 11 12 15 16 
1 5 8 11 12 
1 4 7 12 
7 15 16 18 22 
5 8 12 14 
1 5 8 11 12 
0 2 4 9 11 
1 4 11 14 
4 12 19 
2 6 22 
1 4 11 14 
4 10 
1 4 9 
4 6 
0 2 4 9 11 
1 5 11 12 19 
1 13 15 19 
0 2 6 19 
0 2 4 9 11 
4 10 
0 2 4 9 11 
1 7 16 18 
5 7 16 18 
1 7 16 18 
1 5 11 12 19 
1 4 7 12 
0 2 4 9 11 
1 4 
0 6 9 14 15 
3 8 11 12 15 16 
1 4 8 11 14 
0 2 4 9 11 
1 7 16 18 
2 4 10 
0 2 4 
1 4 
1 5 8 11 12 
1 4 7 12 
0 2 4 9 11 
4 7 
1 7 16 18 
3 8 11 12 15 16 
1 7 16 18 
1 4 14 15 
1 4 
1 5 8 11 12 
6 
1 7 
5 8 14 
4 6 
2 9 
3 8 11 12 15 16 
4 10 
1 6 8 9 16 
1 7 16 18 
4 13 
1 5 9 11 12 14 
4 9 
1 4 8 
6 9 19 22 
4 10 
1 4 7 12 
4 14 
0 2 4 9 11 
4 7 
1 7 16 18 
0 2 4 9 11 
0 2 4 9 11 
1 7 16 18 
0 2 4 6 9 11 
1 7 16 18 
1 5 8 11 12 
1 4 7 12 
1 5 8 11 12 
0 2 4 9 11 
1 5 8 11 12 
1 5 9 11 12 14 15 
1 3 8 11 12 16 
1 7 
4 10 
5 12 18 19 
1 5 8 11 12 
5 9 12 15 22 
4 16 
1 4 6 11 14 
3 8 11 12 15 16 
0 2 4 9 11 
1 7 16 18 
1 7 16 18 
6 9 19 
1 7 
2 9 19 22 
1 4 
0 9 15 16 
1 5 6 11 12 
4 7 
9 12 15 
1 7 16 18 
0 2 4 9 11 
0 4 14 
1 7 
1 7 16 18 
1 5 8 11 12 
2 5 9 12 15 19 
1 3 8 
2 4 16 
1 7 16 18 
1 7 16 18 
2 4 
0 2 4 9 11 
4 10 16 
1 4 7 12 
4 9 
1 3 8 9 
4 10 
0 2 4 9 11 
4 7 
1 5 8 11 12 
1 5 6 11 12 
1 7 16 18 
1 5 8 11 12 
1 7 16 18 
1 7 16 18 
0 2 4 9 11 
1 4 7 12 
4 10 
0 2 4 9 11 
4 9 
0 2 4 9 11 
1 4 14 15 
4 10 
1 4 
4 8 15 19 
4 16 
0 2 4 9 11 
0 2 4 9 11 
1 4 7 12 
4 10 
1 9 13 19 
1 5 9 11 12 14 15 
1 7 16 18 
4 
4 10 
1 4 6 11 14 
1 7 16 18 
4 8 14 
4 10 
1 5 8 11 12 
0 2 4 9 11 
1 5 8 11 12 
6 
7 10 
4 12 19 
2 3 6 13 19 
0 2 4 9 11 
0 2 4 
0 2 4 6 9 11 
4 6 9 
5 6 8 15 19 
1 7 16 18 
1 7 16 18 
0 2 4 9 11 
2 11 14 16 22 24 
1 5 8 11 12 
1 
1 7 16 18 
4 6 8 9 
1 7 16 18 
1 10 
1 4 7 12 
10 13 
1 5 8 11 12 
1 5 11 12 24 
1 7 16 18 
0 4 7 
1 7 16 18 
1 7 16 18 
0 2 4 9 11 
2 4 
0 4 14 
4 10 
1 5 8 11 12 
0 3 14 18 25 31 
0 8 12 19 
1 7 
4 7 
1 5 8 11 12 
1 5 11 12 18 
0 4 7 
0 4 16 
1 10 
7 10 
0 2 4 9 11 
1 4 
1 4 6 11 14 
1 8 9 16 
1 4 
1 7 16 18 
7 11 15 16 18 
1 5 8 11 12 
4 
2 4 14 
1 5 8 11 12 
2 4 14 
1 4 
1 7 16 18 
7 9 
4 10 
0 2 4 9 11 
0 4 
1 4 7 12 
4 10 
0 2 4 9 11 
0 2 4 9 11 
6 8 9 13 
0 2 4 6 9 11 
0 4 
1 7 
0 2 4 9 11 
0 2 4 9 11 
9 11 15 16 18 
1 4 8 11 14 
0 2 4 6 9 11 
4 10 
1 7 16 18 
1 5 8 11 12 
0 4 
4 10 16 
1 4 14 15 
1 7 
1 7 
2 9 
0 2 4 9 11 
0 2 4 9 11 
0 2 4 9 11 
0 2 4 9 11 
0 2 4 9 11 
1 7 16 18 
3 5 6 
7 15 16 18 22 
1 7 
1 5 6 11 12 
1 7 16 18 
9 
1 7 
7 15 16 18 22 
1 5 8 11 12 
1 4 11 14 
0 2 4 9 11 
1 7 
1 4 
9 
11 12 15 22 
4 10 
4 9 
6 
2 4 14 
5 6 
4 6 
1 7 
4 6 8 
1 4 
0 4 7 
1 3 5 6 8 
1 5 8 11 12 
4 7 9 
2 7 
1 5 11 12 18 
1 4 
4 12 19 
1 5 6 11 12 
1 7 16 18 
1 5 7 10 13 
1 7 
1 5 6 11 12 
0 4 10 16 
2 10 15 19 
6 
4 
4 10 
1 5 8 11 12 
1 5 15 
1 4 
1 3 5 11 12 
1 5 11 12 18 
1 5 8 11 12 
4 6 
4 10 
1 10 
2 4 9 
4 
4 10 
4 7 
1 7 16 18 
4 10 
2 4 9 
2 4 6 10 
1 4 7 16 18 
1 4 7 12 
2 6 14 
2 10 
1 5 6 11 12 
2 3 8 22 
1 3 9 15 19 
14 
2 3 6 
5 8 11 16 27 
8 15 16 
5 11 15 19 
4 12 19 
16 19 22 
1 5 15 
11 15 16 18 
1 6 8 9 16 
0 6 8 9 18 
1 5 7 10 13 
4 7 14 
4 
0 4 7 
7 
4 7 
4 7 14 
4 7 
1 4 13 15 18 
16 19 22 
0 2 11 19 
5 9 11 
0 11 14 15 31 
4 12 19 
11 16 19 22 
0 6 9 15 16 
3 14 16 22 
1 6 8 9 16 
0 2 5 6 8 18 
4 12 19 
1 5 7 15 
0 2 6 9 18 
0 2 5 6 8 18 
1 5 7 10 13 
8 13 15 16 
0 2 5 6 8 18 
1 6 8 9 16 
0 2 5 6 8 18 
2 3 6 
0 9 14 15 
0 2 13 19 
0 2 5 9 12 19 22 
0 2 5 6 8 18 
1 6 9 16 21 
3 12 14 16 21 
8 15 21 22 24 
0 2 5 6 8 18 
3 14 16 22 24 
3 11 14 16 22 24 
0 2 5 6 8 18 
2 3 8 13 19 
3 8 11 13 16 
1 5 7 10 13 
1 5 14 15 
1 5 7 15 
1 5 15 
0 2 5 6 8 18 
2 6 19 
2 3 6 
0 2 5 6 8 18 
1 5 7 15 
0 6 11 12 18 22 
0 2 5 6 8 18 
5 9 11 16 
4 12 19 
0 2 5 6 8 18 
1 5 7 15 
1 6 8 9 16 
1 6 8 9 16 
0 2 5 6 8 18 
2 3 13 19 
3 15 16 
3 11 14 16 22 
1 6 9 16 18 
8 9 11 16 
2 5 6 9 19 
1 5 7 10 13 
0 2 5 6 8 18 
1 5 15 22 
0 2 5 6 8 18 
3 6 9 11 
1 5 7 15 
1 5 15 
1 3 6 8 14 30 
0 2 5 6 8 18 
5 6 8 14 16 18 
2 6 19 
0 2 5 6 8 18 
11 16 22 24 
1 5 7 10 13 
1 5 7 15 
1 5 7 15 
0 2 16 27 
1 6 8 9 16 
0 2 5 6 8 18 
1 5 7 10 13 
1 5 7 9 15 16 
1 6 8 9 16 
0 2 5 6 8 18 
3 16 18 22 
0 6 11 12 22 
3 11 14 22 24 
0 2 5 6 8 18 
11 16 22 
1 5 7 15 
3 5 11 15 19 
0 2 5 6 8 18 
2 3 6 
3 11 16 22 24 
0 9 14 15 
0 2 6 9 18 
1 6 9 16 18 
1 5 7 10 13 
0 2 5 6 8 18 
1 6 8 9 16 
0 2 5 6 8 18 
1 5 7 10 13 
1 5 7 10 13 
1 5 15 
1 5 7 10 13 
3 11 14 16 22 24 
0 9 15 16 
5 9 11 19 
1 4 6 8 
1 5 15 
1 5 7 15 
2 3 6 
1 9 11 12 14 22 
9 16 22 24 
6 9 15 19 
0 2 8 14 21 30 
1 5 7 10 13 
0 2 5 6 8 18 
1 5 15 
0 2 5 6 9 
0 6 13 16 
5 6 8 14 16 18 
1 6 8 9 16 
0 2 5 6 8 18 
1 5 15 
1 4 6 8 
0 2 5 6 8 18 
1 3 5 6 8 18 
1 5 6 9 16 
1 5 14 15 
5 8 9 15 18 
1 6 8 9 16 
0 2 5 6 8 18 
1 6 8 9 16 
0 2 5 6 8 18 
0 2 5 6 8 18 
3 11 16 18 24 
9 12 14 16 31 
16 19 22 
1 5 7 15 
1 5 7 10 13 
0 2 5 6 8 18 
2 5 8 11 19 
1 6 8 9 16 
1 5 7 10 13 
1 5 7 15 
1 5 7 15 
1 5 7 15 
1 5 7 15 
5 6 8 14 16 18 
2 3 8 11 13 
1 4 6 8 
1 6 8 9 16 
3 5 11 16 
1 6 8 9 16 
4 12 19 
0 2 5 6 8 18 
5 8 15 16 
5 11 21 24 
0 2 5 6 8 18 
0 9 15 16 
0 2 5 6 8 18 
5 6 8 14 16 18 
1 5 15 
1 5 7 10 13 
1 5 7 15 
6 13 16 18 
0 2 5 6 8 18 
1 5 7 10 13 
0 2 3 6 9 18 
2 3 6 
9 14 16 22 
0 2 5 6 8 18 
0 2 6 9 18 
1 6 8 9 16 
2 5 8 19 
0 2 5 6 8 18 
1 5 7 10 13 
1 5 14 15 
9 11 14 16 22 
1 6 8 9 16 
1 6 8 9 16 
0 2 5 6 8 18 
3 6 19 
1 4 6 9 
1 9 11 12 14 22 
2 5 9 15 18 
4 12 19 
8 9 11 15 
8 12 14 16 22 24 
8 9 11 12 14 31 
1 6 8 9 16 
0 2 5 6 8 18 
8 9 15 16 
0 2 5 6 8 18 
0 2 5 6 8 18 
3 9 14 16 22 
2 3 14 16 22 24 
0 2 5 6 8 18 
0 2 5 6 8 18 
1 6 8 9 16 
0 2 5 6 8 18 
1 5 7 10 13 
1 6 9 16 27 
1 5 7 10 13 
0 2 6 11 28 31 
1 6 8 9 16 
1 9 13 15 19 
5 11 16 
1 6 8 9 16 
1 5 15 
0 6 16 27 
0 2 5 6 8 18 
0 11 14 19 31 
1 6 8 9 16 
8 15 16 
8 11 15 16 
2 5 6 14 16 18 
0 2 5 6 8 18 
1 6 8 9 16 
6 8 14 18 21 24 
0 2 8 11 19 31 
0 2 9 15 16 
1 6 8 9 16 
1 5 15 18 
0 2 5 6 8 18 
0 5 8 11 19 
0 2 5 6 9 
0 6 9 15 
2 3 6 8 13 
3 15 16 
1 5 15 
0 2 6 8 9 
1 5 15 
1 5 7 15 
1 5 7 10 13 
1 5 14 15 
1 5 7 10 13 
1 5 15 
1 5 7 15 
1 6 8 9 16 
1 4 6 8 
9 11 12 14 19 31 
1 5 7 10 13 
0 2 5 6 8 18 
0 2 5 6 8 18 
1 5 7 10 13 
1 5 7 10 13 
3 12 14 16 22 24 
1 5 7 10 13 
7 9 11 12 14 
1 5 6 9 16 
1 5 7 10 13 
1 4 6 8 
2 3 8 13 19 
0 2 5 6 8 18 
1 5 7 10 13 
1 5 7 10 13 
1 5 7 15 
0 2 5 6 8 18 
8 13 15 16 27 
1 5 7 10 13 
1 5 15 
9 11 12 14 22 31 
1 5 15 
0 2 5 6 9 
1 6 8 9 16 
1 3 5 6 8 18 
0 2 5 6 8 18 
1 5 7 15 
1 5 7 15 
5 8 11 16 
0 9 14 15 16 
0 2 5 6 8 18 
1 5 15 
1 5 7 15 
2 8 11 16 
2 3 6 
0 11 15 16 
1 5 7 15 
4 12 19 
2 3 8 11 
4 12 19 
0 11 12 15 22 
0 2 5 24 
0 2 5 6 8 18 
8 9 15 16 
1 5 7 15 
5 6 9 11 
0 2 5 6 8 18 
1 6 8 9 16 
0 9 15 16 
2 3 6 
1 6 9 16 28 
1 6 8 9 16 
1 5 15 
1 5 7 15 
5 9 11 15 
1 5 7 15 
0 2 5 6 8 18 
2 3 8 13 19 
1 5 7 10 13 
1 3 5 6 8 
1 6 9 16 25 
1 5 6 9 16 22 
2 3 6 
0 2 9 15 
1 5 15 
1 5 7 10 13 
2 6 19 
1 5 7 15 
2 3 6 13 19 
2 3 8 13 16 
1 5 7 10 13 
1 5 7 15 
1 5 7 15 
0 2 5 6 8 18 
2 6 19 
5 9 11 15 
1 6 8 9 16 
1 5 7 10 13 
2 3 6 
0 2 5 6 8 18 
1 13 15 16 25 
0 2 5 6 8 18 
1 5 7 15 
1 6 8 9 16 
2 3 6 
1 5 15 16 
1 5 7 15 
1 5 15 
0 3 9 15 16 
0 6 15 18 19 
1 5 7 15 
1 5 15 
1 5 7 15 
3 7 9 12 14 
1 5 9 15 16 
1 6 8 9 16 
3 9 14 18 25 30 31 
0 2 6 9 18 
1 5 7 10 13 
0 8 11 14 31 
4 12 19 
0 2 5 6 8 18 
1 6 8 9 16 
1 5 9 15 16 22 
3 14 15 25 31 
1 5 7 10 13 
2 6 19 
1 6 8 9 16 
0 2 5 6 8 18 
0 2 6 11 28 31 
0 2 5 6 8 18 
1 5 7 10 13 
1 4 6 8 
1 4 6 8 
0 2 5 6 8 18 
1 4 6 8 
1 4 6 8 
1 6 8 9 16 
18 
0 2 5 6 8 18 
1 4 6 8 
1 5 7 15 
0 2 5 6 8 18 
4 12 19 
1 13 15 19 25 
1 5 7 10 13 
1 5 6 9 16 
2 6 19 
0 2 6 11 16 31 
1 5 7 10 13 
1 5 7 10 13 
1 5 15 
2 3 6 
2 3 6 
8 9 11 15 
1 4 6 9 
0 6 9 15 
1 5 7 10 13 
11 14 16 22 24 
4 12 19 
1 5 7 10 13 
1 5 15 
4 11 14 16 
1 5 7 10 13 
1 5 7 15 
1 5 15 22 
1 5 7 10 13 
0 2 5 8 11 31 
1 5 7 10 13 
1 3 5 6 8 
1 3 5 6 8 18 
1 5 7 15 
1 4 6 8 
1 5 7 10 13 
1 5 7 10 13 
2 3 11 13 19 
0 2 6 9 18 
8 9 15 16 
1 6 8 9 16 
1 5 7 15 
1 4 6 8 
4 12 19 
0 6 9 15 
1 3 5 8 11 19 22 25 28 
0 9 14 15 
1 5 7 15 
1 5 7 10 13 
0 5 11 15 19 
2 3 8 13 19 
0 6 11 12 22 
5 8 15 16 
1 3 5 15 
0 2 5 6 8 18 
1 5 7 15 
1 5 7 15 
1 5 7 15 
0 2 5 6 8 18 
1 5 7 10 13 
1 6 8 9 16 
1 3 5 6 8 18 
1 5 7 15 
0 9 15 16 
1 13 15 16 19 
1 5 7 10 13 
1 6 8 9 16 
1 5 7 15 
0 6 9 15 16 
1 5 7 10 13 
1 5 7 10 13 
1 5 7 15 
1 5 7 10 13 
1 5 7 10 13 
2 6 19 
9 11 12 14 28 31 
3 9 14 16 24 
1 5 7 11 15 
1 6 8 9 16 
1 5 7 10 13 
0 2 6 11 16 31 
0 6 11 12 22 
0 6 9 15 16 
1 5 7 10 13 
0 9 15 16 
1 5 7 10 13 
1 5 7 10 13 
5 8 9 15 18 
1 5 7 10 13 
1 5 15 
1 6 8 9 16 
1 5 11 15 
1 6 8 9 16 
1 5 14 15 
1 5 7 15 
0 9 15 16 
1 4 6 9 
0 6 9 15 16 
2 6 19 
1 5 7 10 13 
4 12 19 
1 5 7 10 13 
1 5 15 25 
1 5 7 10 13 
1 5 15 
6 8 9 18 
1 5 7 15 
1 6 8 9 16 
0 2 5 6 8 18 
1 5 7 10 13 
1 5 7 10 13 
1 5 7 10 13 
0 2 5 6 11 31 
1 4 6 9 
1 5 7 10 13 
0 8 9 24 
1 5 7 10 13 
0 2 5 6 8 18 
0 2 5 6 8 18 
1 6 8 9 16 
1 5 7 10 13 
5 8 9 11 
0 9 15 16 
2 3 6 
1 5 8 15 
5 8 11 15 16 
1 5 7 10 13 
1 5 7 10 13 
1 4 6 8 
0 6 9 15 
0 2 5 6 8 18 
0 2 5 6 8 18 
0 2 5 6 8 18 
3 11 14 16 22 
0 2 5 6 8 18 
1 5 9 15 16 22 
3 5 6 9 
1 6 8 9 16 
1 5 15 
0 8 11 14 31 
6 11 12 16 22 
0 6 19 
1 5 7 15 
2 3 5 6 9 
2 3 11 13 19 
1 5 7 15 
5 8 9 11 
0 2 18 19 22 
1 6 8 9 16 
0 9 15 18 
1 5 7 10 13 
1 5 7 10 13 
1 13 15 19 25 
1 5 7 10 13 
0 2 5 24 
8 11 15 16 18 
1 4 13 15 19 
0 3 9 15 
1 5 7 10 13 
1 5 7 10 13 
1 3 6 9 12 14 
1 5 7 10 13 
0 9 14 15 
1 4 6 8 
1 5 7 15 
1 5 7 15 
0 2 6 11 21 31 
2 3 6 
0 2 5 6 8 18 
8 9 15 16 
1 5 7 15 
1 5 7 10 13 
1 6 8 9 16 
0 2 5 6 8 18 
0 2 16 18 27 
11 14 16 22 
0 9 15 16 18 
2 3 6 
0 6 9 14 15 
2 3 5 6 9 
1 6 8 9 16 
1 5 7 10 13 
8 9 11 15 
1 5 7 15 
0 8 11 14 31 
1 5 7 15 
1 4 6 9 
1 6 9 16 30 
1 5 7 15 
1 5 7 10 13 
0 6 9 15 
1 6 8 9 16 
0 2 5 6 8 18 
1 5 7 10 13 
1 4 6 9 
16 19 22 
5 6 8 15 
5 8 9 15 18 
4 12 19 
2 3 11 13 19 
1 5 7 10 13 
1 4 6 8 
0 2 5 6 8 18 
0 2 5 22 
3 14 22 25 30 31 
8 9 11 15 
16 19 22 
0 9 15 16 
1 3 5 8 11 14 19 25 28 
3 5 15 16 
1 5 15 
1 5 7 10 13 
8 9 15 16 
3 11 14 16 22 24 
5 6 9 11 
0 2 5 6 8 18 
1 5 7 10 13 
1 5 15 
8 9 11 15 
1 4 13 15 16 
0 11 12 14 31 
4 12 19 
1 5 7 10 13 
1 4 6 8 
0 2 6 22 
1 5 9 15 16 
0 2 9 15 16 
1 5 7 10 13 
5 6 8 14 16 18 
0 2 5 6 8 18 
6 11 12 16 22 
1 6 8 9 16 
8 9 12 14 15 16 
1 3 6 9 12 14 
1 5 7 15 
1 5 15 
1 3 5 6 8 18 
5 9 11 19 
1 5 15 
1 6 8 9 16 
1 6 8 9 16 
3 8 9 15 
1 5 7 10 13 
1 5 7 10 13 
1 13 15 19 25 
1 3 6 14 16 21 
8 11 15 16 19 
1 5 7 15 
1 5 7 10 13 
1 3 5 6 8 
5 8 9 
2 14 16 22 24 
1 5 7 10 13 
1 6 8 9 16 
0 2 5 6 8 18 
0 9 15 16 
1 4 6 8 
1 5 9 15 16 
8 11 13 15 19 
1 5 14 15 
5 8 11 15 16 
0 9 14 15 16 
2 3 11 19 
16 19 22 
0 2 6 11 21 31 
2 3 13 19 
6 8 12 14 15 16 
8 15 16 
5 9 11 19 
0 9 15 16 
3 8 9 15 
1 5 15 
1 5 15 
8 9 11 15 
1 6 8 9 16 
4 12 19 
1 6 8 9 16 
1 5 7 10 13 
1 4 13 15 19 
1 6 8 9 16 
5 9 11 15 
1 4 6 8 
8 9 13 15 
0 2 5 6 8 18 
1 5 15 
5 6 8 14 16 18 
0 2 5 6 8 18 
1 4 6 9 
1 5 7 10 13 
1 5 7 15 
1 5 7 15 
5 9 11 19 
2 8 18 19 21 24 
8 11 16 
2 3 13 19 
0 9 15 16 
1 5 7 10 13 
1 6 8 9 16 
1 5 7 10 13 
3 5 6 9 
1 5 7 15 
1 5 7 10 13 
1 5 7 10 13 
1 5 7 10 13 
1 6 8 9 16 
1 3 6 14 18 21 
0 9 14 15 16 
1 5 15 
1 3 5 6 8 18 
1 6 8 9 16 
8 9 15 16 
0 9 14 15 
2 6 9 11 
2 3 13 19 
8 9 11 15 
5 6 8 14 16 18 
1 13 15 19 30 
0 2 14 24 
11 15 21 24 25 
0 2 5 6 8 18 
1 6 8 9 16 
5 6 9 11 
8 15 16 
1 5 7 10 13 
3 8 15 16 
1 5 9 15 16 
1 6 8 9 16 
1 6 9 16 18 
1 9 11 12 14 22 
1 5 7 10 13 
11 16 24 
1 5 7 10 13 
3 8 15 16 
0 2 9 15 16 
1 6 8 9 16 
1 5 15 
11 16 19 22 
1 6 9 14 16 
1 3 5 6 8 
2 3 8 13 19 
1 9 11 12 14 22 
2 3 6 8 13 
0 2 6 9 15 
6 11 12 16 22 
5 6 9 11 
1 5 7 10 13 
1 13 15 19 25 
0 2 6 19 
2 3 11 13 19 
0 2 5 6 8 18 
1 4 13 15 19 
1 5 9 15 16 22 
8 11 15 16 
0 2 16 18 27 
0 9 15 16 
1 5 15 
12 16 19 22 
0 9 14 15 16 
3 9 14 16 22 
1 5 15 
1 5 7 10 13 
2 3 6 
6 8 11 14 31 
0 9 14 15 16 
0 9 14 15 
1 3 5 11 14 19 25 28 30 
1 4 6 8 
1 4 6 8 
8 13 15 16 
1 5 7 15 21 
16 19 22 
8 9 13 15 
1 3 6 14 16 21 
1 4 6 9 
1 5 6 9 16 
3 11 14 16 22 
5 8 16 
1 4 
1 4 
0 11 14 19 31 
1 4 6 9 
0 6 9 14 15 
8 9 15 16 
1 5 15 
1 5 7 15 
1 6 8 9 16 
1 6 8 9 16 
16 19 22 
1 4 13 15 16 
2 3 13 19 
1 6 8 9 16 
1 5 7 10 13 
1 6 8 9 16 
1 6 8 9 16 
1 5 7 10 13 
2 3 8 13 19 
1 5 7 10 13 
0 9 15 16 
8 13 15 16 
8 9 11 15 
1 8 13 15 19 
0 2 9 15 16 
0 18 
8 15 16 
1 5 7 10 13 
11 15 16 
0 11 13 16 28 
0 5 8 11 16 
6 8 13 15 19 
1 5 7 10 13 
1 5 7 10 13 
1 5 7 10 13 
0 2 5 6 8 18 
1 5 7 10 13 
12 16 19 22 
1 13 15 19 25 
1 6 8 9 16 
2 6 19 
0 6 9 15 16 
1 3 5 6 8 
1 6 8 9 16 
16 19 22 
0 2 5 6 8 18 
1 5 7 10 13 
1 5 7 15 
1 5 7 10 13 
2 7 
2 7 
2 7 
2 7 
2 7 
2 7 
2 7 
2 7 
2 7 
2 7 
2 7 
2 7 
2 7 
2 7 
2 7 
0 2 
0 2 
0 2 
0 2 
0 2 
2 7 
0 2 
2 7 
2 7 
2 7 
2 7 
2 4 6 10 
1 4 7 10 
3 9 14 16 18 25 31 
1 4 7 10 
5 8 12 16 21 
6 12 14 16 18 19 
0 2 16 18 27 
0 11 12 19 25 27 28 
1 4 7 10 
0 6 15 19 
0 6 15 19 
0 3 9 14 22 25 30 31 
0 2 16 18 27 
0 6 18 19 
1 4 7 10 
0 15 18 19 
0 6 19 
1 3 5 8 11 12 19 25 28 
1 3 5 11 14 19 25 28 30 
0 11 12 16 27 
1 5 11 12 14 19 25 28 30 
0 2 9 24 
0 6 15 19 
1 4 7 10 
0 3 14 18 25 31 
0 6 19 24 
0 6 19 
0 6 18 19 
0 16 27 31 
0 14 18 19 
0 2 16 18 27 
1 5 11 19 25 27 28 30 
6 8 12 14 15 16 
0 16 27 31 
6 12 14 16 18 19 
0 2 16 18 27 
0 16 27 
0 2 8 24 
1 4 7 10 
8 12 15 16 21 
1 3 5 11 12 19 25 28 30 
1 4 7 10 
8 11 21 24 25 
8 9 12 16 21 
0 16 27 31 
0 16 18 22 27 
1 5 11 18 19 25 28 30 
1 5 11 12 14 19 25 28 30 
0 6 15 19 
8 12 16 21 25 28 
0 2 16 27 
3 9 14 22 25 31 
0 6 15 19 
0 6 16 27 
1 8 12 16 21 
0 6 15 19 
0 16 27 
0 6 16 27 
0 2 16 18 27 
0 4 10 16 27 
6 18 19 
0 2 16 18 27 
0 2 16 18 27 
6 12 14 16 18 19 
6 12 14 15 16 30 
0 11 12 16 19 25 27 28 
0 6 18 19 
1 4 7 10 
0 6 9 
0 6 15 19 
0 16 18 22 27 
1 4 7 10 
0 6 19 
0 3 14 15 25 31 
2 4 6 10 
1 4 7 10 
6 12 14 16 18 19 
0 11 12 16 19 25 27 28 
6 12 14 16 18 19 
1 4 7 10 
0 6 15 18 19 
0 3 9 14 25 31 
2 3 9 14 25 31 
0 18 19 24 
1 4 7 10 
1 5 8 9 11 19 22 25 28 
0 12 16 19 24 27 
1 4 7 10 
0 2 16 18 27 
0 15 18 19 
1 3 5 11 19 22 25 28 30 
1 3 5 11 19 22 25 28 30 
0 2 16 18 27 
1 3 5 8 11 19 22 25 28 
6 8 12 14 15 16 
1 12 14 16 18 19 28 
1 3 5 11 14 19 25 28 30 
1 4 7 10 
8 12 16 21 25 28 
1 4 7 10 
0 2 16 27 
0 16 27 
0 2 16 18 27 
8 11 12 14 19 21 25 28 
0 16 27 
1 4 7 10 
0 6 15 19 
6 8 12 14 15 16 
0 6 16 27 
6 8 9 12 14 16 
6 12 14 15 16 18 
0 2 16 27 
0 2 16 27 
0 4 10 16 27 
1 4 7 10 
6 8 12 14 15 16 
0 2 16 18 27 
0 6 15 
8 12 16 21 
1 3 5 11 12 19 25 28 30 
0 16 18 21 27 
8 11 12 14 19 21 25 28 
0 15 16 27 
1 8 12 14 16 19 28 
1 4 7 10 
0 6 15 19 
0 2 16 18 27 
6 12 14 16 18 19 
8 12 16 21 25 28 
1 5 8 11 15 19 25 28 
0 2 16 18 27 
8 12 16 21 25 28 
8 12 16 21 25 28 
0 6 18 19 
0 2 15 16 27 
0 6 15 19 
0 16 27 
6 8 12 14 15 16 
6 12 14 16 18 19 
6 12 14 16 18 19 
2 6 19 
0 6 19 24 
0 5 6 19 
0 11 12 19 25 27 28 
0 2 5 16 27 
0 2 9 24 
0 3 24 30 
0 2 9 24 
0 6 15 19 
0 6 19 
1 8 12 14 16 19 28 
1 5 8 11 14 19 25 28 
1 4 7 10 
6 12 14 16 18 19 
1 4 7 10 
0 2 9 16 27 
12 16 21 27 30 
0 11 12 16 19 25 27 28 
1 5 8 11 19 25 27 28 
0 3 14 15 18 25 31 
0 16 27 31 
0 16 27 
0 2 16 18 27 
8 12 15 21 24 
0 9 16 21 27 
0 16 27 
6 8 12 14 15 16 
6 8 12 14 15 16 
1 5 8 11 19 25 27 28 
0 2 5 24 
0 6 18 19 
1 5 8 9 11 19 22 25 28 
0 2 16 18 27 
0 2 16 18 27 
6 8 12 14 15 16 
1 3 5 8 11 12 19 25 28 
0 11 12 16 19 25 27 28 
2 4 6 10 
0 6 18 19 
8 12 16 21 25 28 
8 12 14 16 21 
1 5 11 15 19 25 28 30 
6 12 14 16 18 19 
0 2 16 18 27 
2 4 6 10 
0 2 16 18 27 
6 8 12 14 15 16 
0 16 27 
1 3 5 8 11 12 19 25 28 
0 11 12 16 19 25 27 28 
1 5 11 14 19 25 28 30 
0 16 27 31 
6 8 12 16 21 
0 6 18 19 
0 2 6 19 
1 5 11 19 25 28 30 
0 2 16 22 27 
1 5 8 11 19 25 28 
0 11 16 21 27 
8 12 16 21 
0 6 15 18 
0 16 27 31 
1 5 11 14 19 22 25 28 30 
0 6 16 27 
1 4 7 10 
0 6 19 24 
0 2 9 16 27 
8 12 16 21 25 28 
1 5 8 9 11 19 22 25 28 
1 4 7 10 
18 21 22 24 
1 4 7 10 
1 5 11 19 25 27 28 30 
1 3 5 8 11 19 22 25 28 
1 5 11 12 19 25 28 30 
1 3 5 11 12 19 25 28 30 
6 12 16 21 30 
1 4 7 10 
0 3 5 24 
6 12 14 18 19 
1 4 7 10 
6 8 12 16 21 
8 12 15 16 21 
1 5 8 11 12 19 25 28 
1 5 11 18 19 25 28 30 
6 12 16 18 21 
6 8 12 14 15 16 
1 5 8 11 18 19 25 28 
0 12 16 24 27 
8 11 12 14 19 21 25 28 
8 12 16 21 
0 3 14 15 25 31 
0 6 18 19 
0 2 8 24 
0 16 27 
0 3 11 16 27 30 
0 2 16 22 27 
0 11 12 16 27 
0 16 27 
1 5 11 15 19 25 28 30 
0 2 16 18 27 
0 11 12 16 19 25 27 28 
1 3 5 11 14 19 25 28 30 
1 4 7 10 
1 5 8 11 19 25 28 
12 16 21 31 
1 3 5 11 14 19 25 28 30 
0 2 16 18 27 
0 2 16 18 27 
0 15 16 18 22 27 
0 2 16 18 27 
0 6 18 19 
0 11 12 16 19 25 27 28 
0 3 14 16 25 31 
5 12 15 16 18 21 
1 5 11 19 22 25 28 30 31 
1 8 12 16 21 
0 3 9 14 25 31 
1 4 7 10 
0 3 14 25 27 31 
1 5 11 14 19 25 28 30 
0 6 18 19 
8 11 12 14 19 21 25 28 
6 15 18 19 
0 18 19 24 
3 9 11 14 15 22 25 31 
8 12 16 21 25 28 
0 2 5 24 
1 3 5 9 11 19 25 28 30 
0 2 16 27 
1 3 5 11 14 19 25 28 30 
0 16 27 
0 3 14 16 19 27 28 
0 12 16 18 27 28 
1 3 5 11 18 19 25 28 
3 8 12 16 21 31 
8 12 14 16 21 
0 2 19 
8 11 12 14 19 21 25 28 
6 8 12 16 21 
0 16 27 31 
1 3 5 11 12 19 25 28 30 
6 8 12 14 15 16 
12 15 16 18 21 
0 2 16 18 27 
0 6 16 27 
6 11 15 21 24 
11 12 14 19 21 25 28 30 
2 4 6 10 
6 15 19 
0 6 14 19 
0 6 15 18 19 
21 22 24 
6 12 14 16 19 
1 8 12 16 21 
3 14 25 31 
1 3 5 11 19 22 25 28 30 
0 6 19 24 
1 4 7 10 
0 6 15 19 
0 16 27 
2 4 6 10 
6 8 12 14 15 16 
1 4 7 10 
0 5 16 24 
1 3 5 11 14 19 25 28 30 
0 6 15 19 
6 12 14 16 18 19 
3 6 9 14 21 25 31 
6 8 12 14 15 16 
1 5 8 11 12 14 19 25 28 
0 16 27 
0 2 19 
0 3 11 16 19 27 28 
6 8 12 14 15 16 
0 16 27 31 
0 3 14 15 25 31 
0 16 27 
0 2 8 24 
1 4 7 10 
1 4 7 10 
6 8 12 14 15 16 
0 6 16 22 27 
8 12 16 21 
1 4 7 10 
0 6 18 19 
8 12 16 21 25 28 
1 5 11 12 14 19 25 28 30 
0 6 15 19 
3 14 15 18 25 27 31 
0 2 19 
1 3 5 8 11 14 19 25 28 
1 4 7 10 
0 3 14 15 18 25 31 
1 4 7 10 
8 12 16 21 25 
1 5 8 11 12 19 25 28 
6 12 16 18 21 
6 12 14 16 18 19 
0 9 24 30 
3 14 19 21 25 31 
0 11 12 19 25 27 28 
9 11 12 19 24 25 28 30 
0 2 8 24 
8 11 12 14 19 21 25 28 
0 6 16 27 
0 2 8 24 
8 12 16 21 
8 12 16 21 25 28 
0 6 15 19 
12 14 16 18 21 
0 5 9 24 
3 9 14 25 30 31 
12 16 18 21 
0 6 19 
8 12 16 21 
12 16 18 21 
6 15 19 
8 12 16 21 
11 15 21 24 
1 4 7 10 
0 2 16 22 27 
6 12 14 16 18 19 
5 21 24 25 
0 16 27 
1 5 11 19 25 27 28 30 
0 2 8 24 
1 4 7 10 
0 2 5 24 
0 15 16 18 19 27 
6 12 14 16 18 19 
0 6 12 14 15 16 
6 14 18 19 
1 4 7 10 
5 11 21 24 
1 8 12 14 16 19 28 
6 12 14 16 18 19 
0 11 16 25 27 
6 12 14 16 18 19 
8 12 14 16 21 
0 16 27 
0 3 9 24 
1 3 5 11 14 19 25 28 30 
1 5 8 11 12 14 19 25 28 
1 3 5 11 12 19 25 28 30 
3 21 24 
0 16 27 
1 4 7 10 
6 14 18 19 
8 11 12 14 19 21 25 28 
8 12 16 21 25 28 
6 15 26 
8 12 16 21 25 28 
0 2 6 19 
1 4 7 10 
1 4 7 10 
1 3 5 11 14 19 25 28 30 
0 6 18 19 
1 4 7 10 
8 12 16 21 
0 6 19 
0 3 24 30 
8 12 15 16 21 
2 6 15 19 
6 12 14 15 16 19 
6 14 18 19 
8 12 16 21 
0 11 12 16 19 25 27 28 
1 3 5 8 11 19 25 28 
12 16 21 25 28 30 
5 6 26 
1 4 7 10 
0 3 14 15 25 31 
6 12 14 15 16 18 
1 21 24 
0 2 5 24 
8 12 16 21 
0 2 3 14 16 27 31 
8 12 16 21 
0 2 16 18 27 
1 4 7 10 
1 3 5 8 11 19 22 25 28 
1 4 7 10 
1 5 8 11 12 14 19 25 28 
6 12 14 16 18 19 
0 2 16 18 27 
6 8 11 12 14 16 22 
0 6 18 19 
1 8 12 16 21 
1 5 11 14 19 22 25 28 30 
1 5 11 19 25 27 28 30 
6 8 12 14 15 16 
6 8 12 14 15 16 
8 12 16 21 25 28 
16 18 21 24 
6 8 12 14 15 16 
6 12 14 16 18 19 
0 6 18 19 
0 16 27 31 
8 9 12 16 21 
0 6 18 19 
1 4 7 10 
0 16 27 31 
0 16 27 31 
0 6 14 19 
0 14 15 19 
1 3 5 11 19 22 25 28 30 
3 8 11 12 16 21 
0 16 27 31 
1 5 11 12 14 19 25 28 30 
3 9 14 18 25 30 31 
1 4 7 10 
6 8 12 16 21 
3 9 14 21 25 30 31 
1 4 7 10 
1 5 8 11 19 25 28 30 
3 9 14 22 25 30 31 
3 8 12 16 21 
6 12 14 16 18 19 
0 6 15 19 
3 9 14 16 25 31 
0 16 27 
6 8 12 16 21 
1 4 7 10 
1 5 8 9 11 19 22 25 28 
6 8 12 14 15 16 
1 4 7 10 
0 14 16 21 27 31 
8 12 16 21 
1 5 8 11 14 19 22 25 28 
0 2 5 24 
2 6 19 
6 15 19 
1 4 7 10 
6 12 14 16 18 19 
1 4 7 10 
6 8 12 14 15 16 
0 6 19 
0 16 27 31 
1 4 7 10 
6 8 12 14 15 16 
1 5 11 16 19 25 28 30 
11 12 14 19 21 25 28 30 
0 11 16 24 27 
0 11 16 19 25 27 28 
0 6 15 19 
6 15 18 19 
8 11 12 14 19 21 25 28 
1 4 7 10 
0 2 16 18 27 
1 5 8 11 14 19 25 28 
0 11 12 19 25 27 28 
8 11 12 14 19 21 25 28 
1 5 11 12 14 19 25 28 30 
1 4 7 10 
0 2 16 18 27 
8 12 16 21 
0 3 14 15 25 31 
8 12 15 16 21 
0 14 19 24 
2 4 6 10 
0 6 19 
1 5 11 12 14 19 25 28 30 
1 5 8 11 12 14 19 25 28 
0 6 18 19 
1 5 8 11 12 14 19 25 28 
1 8 12 14 16 19 28 
0 2 9 24 
0 2 6 
0 3 9 16 19 27 
8 12 15 16 21 
6 18 21 24 
8 12 16 21 25 28 
6 12 14 16 18 19 
0 2 4 24 
1 5 8 11 19 25 28 
1 5 8 11 19 25 28 
0 6 18 19 
6 12 14 16 18 19 
0 6 16 27 
0 16 27 31 
0 2 6 14 
0 3 14 15 25 31 
0 4 14 16 27 
0 2 16 18 27 
0 6 16 27 
8 12 16 21 25 28 
1 8 12 16 21 
6 12 14 16 18 19 22 
1 3 5 8 11 14 19 25 28 
1 4 7 10 
1 4 7 10 
1 4 7 10 
8 12 16 21 25 28 
0 16 18 22 27 
3 8 12 16 21 25 
1 3 5 8 11 14 19 25 28 
12 15 16 18 21 
0 2 5 24 
0 6 15 19 
1 4 7 10 
0 3 14 18 25 31 
0 2 16 18 27 
0 9 18 24 
11 12 14 19 21 25 28 30 
8 12 16 21 
0 6 18 19 
8 12 16 21 
0 16 18 19 27 28 
3 8 9 14 25 27 31 
1 5 8 11 12 14 19 25 28 
1 5 8 11 14 18 19 25 28 
0 2 16 18 27 
8 12 16 21 
0 2 5 24 
2 4 6 10 
8 11 12 14 19 21 25 28 
5 6 26 
0 2 16 18 27 
6 15 19 
8 12 16 18 21 
0 6 16 27 
0 2 3 14 16 27 31 
2 3 14 15 18 25 31 
0 11 12 16 19 25 27 28 
0 2 3 14 16 27 31 
3 8 9 14 22 25 30 31 
0 16 27 31 
0 2 5 24 
1 4 7 10 
8 12 16 19 21 28 
1 4 7 10 
0 6 19 24 
0 2 5 24 
6 12 16 18 21 
1 5 9 11 19 22 25 28 30 
12 16 21 30 
0 16 27 
2 4 6 10 
6 12 14 16 18 19 
1 4 7 10 
1 4 7 10 
0 6 16 27 
1 4 7 10 
6 12 14 16 18 19 
1 3 5 11 12 19 25 28 30 
0 3 14 15 25 31 
0 2 9 24 
0 19 21 24 
0 2 3 14 16 27 31 
0 2 16 18 27 
1 4 7 10 
6 8 12 16 21 
1 4 7 10 
1 4 7 10 
6 8 12 16 21 
8 12 15 16 21 
0 2 6 19 
0 8 24 27 
0 16 27 
6 12 14 16 18 19 
1 5 8 11 18 19 25 28 
6 12 14 16 18 19 
2 4 6 10 
1 8 12 16 21 
0 2 16 18 27 
3 8 12 16 19 21 
6 12 16 18 21 
8 11 12 14 19 21 25 28 
3 6 11 26 
0 16 18 25 27 
0 16 27 31 
0 2 9 24 
3 8 9 11 19 21 25 28 
3 6 8 12 14 16 
6 12 14 16 18 19 
0 15 19 24 
0 16 27 
3 9 14 15 18 25 31 
8 12 16 21 
6 8 12 14 15 16 
1 3 5 11 14 19 25 28 30 
1 3 5 8 11 12 19 25 28 
0 3 14 15 25 31 
8 12 16 18 21 
6 8 12 14 15 16 
1 4 7 10 
0 12 16 24 27 
1 4 7 10 
2 6 19 
8 12 16 21 
0 18 21 24 
0 6 12 14 16 18 
8 11 12 14 19 21 25 28 
1 3 5 8 11 14 19 25 28 
8 11 12 14 19 21 25 28 
1 8 12 16 21 
0 6 15 19 
0 3 9 14 25 31 
0 6 19 24 
0 9 15 22 24 
0 2 9 24 
1 4 7 10 
1 4 7 10 
0 3 9 14 25 31 
0 6 18 19 
1 3 5 8 11 19 22 25 28 
0 6 12 14 16 18 
0 6 15 19 
6 15 19 
0 11 16 19 25 27 28 
0 6 19 24 
0 6 19 24 
0 4 14 16 27 
0 6 18 19 
8 12 14 16 21 
1 8 12 16 21 
1 4 7 10 
0 3 14 15 25 31 
0 6 19 
1 5 8 11 12 19 22 25 28 
6 15 18 19 
0 11 16 21 27 
8 12 15 16 21 
0 16 27 31 
0 2 5 24 
0 2 5 24 
0 6 15 19 
1 3 5 8 11 19 22 25 28 
6 8 12 14 15 16 
1 4 7 10 
0 5 16 24 
0 2 5 24 
3 14 15 22 25 31 
1 12 14 16 18 19 28 
6 12 14 15 16 18 
12 14 16 18 21 
12 15 16 18 21 
0 6 19 24 
0 2 5 24 
1 4 7 10 
1 4 7 10 
0 16 27 31 
8 12 16 21 25 28 
0 3 14 18 25 31 
12 14 16 18 21 
0 16 27 
3 9 14 18 19 25 31 
12 16 18 19 21 28 
0 11 15 19 22 
4 14 21 24 
1 4 7 10 
3 9 14 18 25 31 
6 8 12 14 15 16 
1 12 14 16 18 19 28 
0 6 18 19 
1 3 5 8 11 14 19 25 28 
6 12 14 16 18 19 
1 4 7 10 
1 4 7 10 
1 4 7 10 
0 2 16 27 
6 12 14 15 16 18 
3 9 14 25 30 31 
0 3 14 15 25 31 
6 18 19 
0 6 16 27 
0 6 9 19 
0 16 21 25 27 
1 4 7 10 
1 4 7 10 
1 4 7 10 
3 6 8 12 14 16 
1 4 7 10 
0 15 18 19 
1 5 8 11 12 14 19 25 28 
8 11 12 14 19 21 25 28 
11 12 15 16 18 21 
0 6 18 19 
6 10 12 14 16 18 
0 6 18 19 
0 2 5 24 
6 12 14 16 18 19 
0 5 6 15 19 
1 8 12 16 21 
0 19 22 
0 6 19 
12 14 16 18 21 
0 6 19 24 
8 12 15 16 21 
5 6 26 
0 6 18 19 
0 6 19 
1 5 11 14 19 25 28 30 
1 5 11 12 19 22 25 28 30 
0 3 9 24 
6 8 12 14 16 18 
9 12 16 18 21 
0 18 19 24 
0 15 19 24 
1 4 7 10 
1 4 7 10 
1 4 7 10 
1 5 11 18 19 25 28 30 
1 5 8 11 19 25 28 30 
8 12 16 21 
0 2 5 24 
3 9 12 14 18 25 31 
0 2 5 24 
0 2 8 24 
1 4 7 10 
5 12 16 21 30 
0 2 4 24 
8 9 12 16 21 
0 18 19 27 
0 6 12 14 16 18 
3 8 9 19 
0 9 15 19 
0 6 19 24 
6 12 16 18 21 
0 6 19 
1 4 7 10 
0 6 15 18 
0 6 15 18 
1 4 7 10 
6 8 12 14 15 16 
0 16 27 31 
1 5 8 11 12 14 19 25 28 
0 3 14 15 25 31 
0 3 9 14 25 31 
1 4 7 10 
0 16 27 
0 6 18 19 
1 4 7 10 
12 16 21 
0 6 19 
0 6 18 19 
0 6 19 
0 2 19 
1 4 7 10 
8 12 15 16 21 
0 2 14 19 
0 6 24 
2 3 8 13 19 
1 3 5 11 19 22 25 28 30 
1 4 7 10 
0 6 19 
6 8 12 14 15 16 
1 4 7 10 
1 4 7 10 
2 21 24 
3 14 16 25 31 
1 5 8 11 12 14 19 25 28 
1 5 8 11 18 19 25 28 
0 16 27 
2 7 
1 4 7 10 
1 4 7 10 
4 7 14 
4 7 
4 7 
4 7 14 
4 7 
4 7 
0 4 7 
4 7 
4 7 
4 7 14 
0 4 7 14 
4 7 
4 14 
4 7 14 
4 
4 7 14 
0 4 7 14 
4 7 14 
4 7 
18 21 24 
4 
1 4 7 
8 12 16 21 
4 7 14 
1 6 8 9 16 
0 2 5 6 8 18 
0 4 7 
1 6 8 9 16 
0 2 6 15 16 
2 4 14 
2 4 
2 4 
0 2 6 10 14 
0 2 6 15 16 
2 3 6 13 19 
0 12 14 15 18 
0 4 15 16 
0 4 7 
1 6 11 12 14 16 
1 9 11 16 
0 4 
5 6 12 
4 7 14 
4 
0 12 14 15 18 
0 4 7 
1 4 7 21 
4 7 
4 7 
4 7 
7 14 
4 7 
7 
4 7 
4 7 14 
4 7 14 
4 7 
4 7 
4 7 14 
0 4 7 
4 7 
0 4 14 
4 14 
4 7 14 
2 3 8 12 14 15 
15 16 21 
6 8 9 11 16 
4 
4 7 
4 7 14 
4 
0 2 4 7 
0 4 14 
0 4 7 14 
3 11 14 16 22 24 
0 8 9 24 
6 9 11 19 
0 6 
6 8 12 16 21 
1 4 7 10 
9 11 19 21 22 25 28 30 
1 4 7 10 
1 3 5 8 11 12 19 25 28 
8 9 11 19 21 25 28 
0 6 9 
11 18 21 22 24 
1 3 5 8 11 14 19 25 28 
1 4 7 10 
1 5 8 11 15 19 25 28 
1 12 14 16 19 28 
12 16 19 22 
1 4 7 
4 7 14 
0 2 16 18 27 
0 6 16 27 
0 18 19 24 
6 18 
1 4 7 10 
1 4 7 10 
3 9 14 16 18 25 31 
0 5 9 24 
1 21 24 
6 8 12 14 15 16 
0 6 16 27 
0 12 14 18 19 
3 9 14 25 31 
6 12 14 15 16 18 
0 6 15 19 
0 2 3 14 16 27 31 
0 3 14 15 25 31 
0 3 9 14 25 31 
3 21 24 25 
3 6 9 14 25 30 31 
1 4 7 10 
0 16 27 
1 4 7 10 
0 5 24 30 
1 4 7 10 
1 4 7 10 
2 4 6 10 
12 15 16 18 21 28 
0 6 18 19 
0 6 16 22 27 
3 8 12 16 21 
0 6 18 19 
1 5 8 11 14 19 25 28 
6 8 12 14 15 16 
1 4 7 10 
1 3 5 8 11 14 19 25 28 
3 6 8 12 14 16 
6 8 12 14 16 19 
0 3 14 15 25 31 
0 6 15 18 
1 8 12 16 21 
0 6 15 19 22 
0 6 19 24 
8 12 15 16 21 
0 6 19 
9 16 22 
14 15 18 19 24 
8 9 12 
0 9 12 14 18 
1 4 7 10 13 
2 6 11 15 16 
1 3 12 14 15 
3 8 11 19 21 24 
11 14 
11 14 15 16 21 
0 8 12 16 18 22 
6 9 19 25 
2 21 24 
2 5 8 14 18 22 
0 9 14 16 19 
1 3 9 14 15 
5 6 14 18 19 
4 11 12 14 
1 3 6 14 15 
2 3 5 8 21 
5 6 14 18 22 
1 4 7 10 13 
5 8 19 21 30 
0 9 12 16 18 
6 14 15 16 18 19 
3 8 21 22 24 
3 5 11 21 24 
1 8 12 15 16 
1 3 6 14 15 
1 9 14 15 21 
2 5 6 8 10 16 19 
1 6 12 14 15 
6 14 16 18 22 
1 9 12 14 15 
2 6 11 16 19 
0 5 9 19 
2 6 8 14 16 19 
0 9 12 18 
0 9 12 15 16 
2 4 6 8 18 19 
2 5 8 14 19 
1 6 12 14 15 
1 12 14 15 
1 3 12 14 15 
5 9 14 19 22 
1 3 12 14 15 
12 14 16 18 19 
0 9 12 16 19 30 
1 3 5 14 15 
5 12 14 16 18 19 
3 15 19 22 24 
1 6 12 14 15 
6 8 14 19 22 
2 5 12 15 18 19 
1 3 14 15 19 
0 9 12 16 21 
0 2 6 11 15 
6 8 16 18 22 
2 11 12 14 19 
2 6 8 16 19 
1 14 15 18 
6 8 14 16 18 
8 12 14 16 18 
0 9 15 16 21 
1 3 6 14 15 
1 3 14 15 
5 8 11 19 22 
1 3 6 14 15 
5 8 9 12 14 18 
8 11 19 24 
1 14 15 
8 12 14 19 
2 4 8 19 21 
2 3 8 19 28 
11 14 16 18 22 
3 19 21 22 24 
2 8 14 15 
4 11 14 19 
2 5 6 8 9 19 
2 12 14 16 18 22 
2 3 8 15 21 
1 14 15 19 
1 3 14 15 
1 6 14 15 
2 3 9 19 
1 6 8 12 16 
1 14 15 19 
16 24 25 
12 14 16 18 22 
6 14 16 18 22 
2 5 9 16 18 19 
0 9 12 16 21 
2 9 15 16 18 19 
1 8 12 14 16 
0 2 4 6 11 
0 9 14 16 21 
12 14 16 18 19 
1 6 14 15 19 
11 12 14 18 
5 9 14 16 19 
1 3 14 15 
1 3 9 14 15 
0 2 14 16 18 22 
6 8 16 18 22 
11 12 14 18 
0 9 12 16 21 
2 5 8 14 22 27 
1 3 8 10 15 
0 11 12 15 16 
0 8 14 16 22 
1 14 15 18 
0 2 6 11 16 
6 8 9 12 18 
2 3 8 19 21 24 
6 8 16 19 30 
1 6 12 14 15 
3 5 21 22 24 
0 9 12 16 19 
6 8 19 21 22 
4 11 14 19 
9 12 15 19 22 
2 5 6 9 14 
1 6 14 15 19 
1 14 15 19 
5 14 16 18 19 22 
2 5 8 16 18 22 
4 6 8 12 19 24 
8 14 16 18 19 22 
2 8 14 18 19 22 
0 9 15 16 18 
0 2 4 11 18 
3 8 21 22 24 
14 16 18 21 22 
5 8 19 21 22 
0 9 14 16 19 
1 6 12 14 15 
3 9 12 15 19 24 
1 8 11 12 16 
0 2 6 11 15 
1 8 11 14 16 
0 2 4 6 11 
1 6 8 14 16 
1 8 10 12 15 
1 3 8 10 15 
5 12 14 16 19 22 
0 5 14 16 18 22 
1 3 8 10 15 
2 12 18 22 
1 3 8 10 15 
3 11 12 19 
1 3 8 10 15 
0 5 9 14 16 22 
0 2 3 12 
0 5 9 14 18 22 
1 3 8 10 15 
0 8 14 16 18 22 
5 8 9 16 18 19 
3 5 8 12 24 
0 9 12 16 21 
1 8 10 12 15 
0 5 9 14 16 22 
9 12 14 16 22 27 
1 6 8 16 18 
0 2 4 6 11 
12 16 18 24 25 
6 12 19 30 
8 12 14 16 
3 8 11 21 24 
8 11 14 16 19 
3 11 15 19 24 
1 8 11 15 16 
2 8 16 18 19 22 
0 12 14 16 18 
0 8 14 16 18 22 
1 3 8 10 15 
1 6 8 11 16 
8 14 16 18 22 27 
1 8 10 15 
1 3 8 10 15 
3 9 12 15 24 
0 9 16 18 
3 8 9 15 24 
1 4 8 15 16 
0 3 5 9 14 18 
1 8 10 15 
1 3 8 10 15 
5 8 18 
0 9 16 19 
4 8 14 16 19 
5 12 14 18 19 22 
2 3 5 19 24 
1 8 10 15 
1 3 8 10 15 
0 9 14 16 18 22 
1 3 8 10 15 
8 12 14 16 18 22 
1 8 15 16 18 
0 8 9 16 21 
3 8 11 21 24 
1 5 8 10 15 
1 6 8 10 15 
0 9 12 14 16 
1 8 10 12 15 
1 3 8 10 15 
14 15 18 19 
2 5 12 14 19 22 
1 8 11 16 18 
2 6 12 15 
5 8 11 16 18 19 
0 12 14 16 
1 8 14 16 18 
0 8 14 16 19 
1 3 8 10 15 
5 8 14 18 19 22 
3 8 11 15 21 24 
1 8 10 15 27 
0 8 14 16 18 22 
1 8 14 15 16 
0 8 14 16 18 22 
8 11 14 16 19 
0 9 12 15 16 
1 8 11 14 16 
0 9 12 15 16 
0 12 18 19 
9 
5 8 9 16 18 19 
3 8 9 11 24 
0 9 11 14 18 22 
1 3 8 10 15 
3 5 11 21 24 
0 5 14 18 19 22 
0 11 14 16 18 22 
2 3 11 12 
1 3 8 10 15 
5 6 19 
0 2 12 16 
0 12 16 18 21 
3 5 8 11 15 19 24 
1 11 14 
3 12 15 19 24 
0 9 12 14 16 
0 9 16 22 
0 2 4 6 11 
1 8 10 15 
1 8 11 15 16 
3 12 15 19 24 
1 3 8 10 15 
5 8 9 15 16 18 
6 8 11 15 16 18 
0 12 19 
2 3 21 24 
2 6 11 15 16 
1 8 11 16 18 
3 9 11 12 24 
2 12 14 19 
2 5 6 11 15 
0 2 3 7 
1 8 14 16 18 
0 4 12 16 18 
0 2 12 16 
12 14 16 19 
0 9 12 16 21 
5 6 8 12 14 15 
1 11 14 15 
1 11 14 15 
2 5 6 9 12 14 
2 3 11 15 21 24 
1 4 7 10 13 
2 5 12 14 18 22 
8 12 14 16 19 22 
0 5 8 12 16 
11 12 14 18 
1 6 8 11 16 
1 3 8 10 15 
1 6 8 15 16 
3 9 12 15 18 19 24 
1 8 11 12 16 
3 8 11 12 21 24 
8 11 14 16 19 
2 4 6 11 16 
2 6 11 15 16 
2 6 11 15 16 
1 11 14 15 
1 8 10 15 
3 5 19 21 24 
0 2 6 11 16 
0 12 14 16 18 
2 4 6 11 15 
0 8 14 16 18 22 
1 3 8 10 15 
0 8 14 16 18 19 
3 11 15 21 24 
1 8 10 15 
1 3 8 10 15 
5 11 14 16 19 22 
1 8 10 15 
0 4 8 9 16 
2 5 12 18 19 22 
4 11 14 16 
1 8 10 15 27 
0 8 11 14 16 22 
0 14 16 18 19 22 
0 12 14 16 18 22 
0 9 12 16 21 
12 14 19 22 
0 8 12 14 16 22 
2 3 9 15 19 24 
1 8 10 15 
1 8 11 15 16 
1 3 8 10 15 
0 5 12 14 16 22 
8 11 14 15 16 19 
1 8 14 15 16 
3 6 16 19 
0 8 14 16 
6 8 11 15 16 19 
1 5 8 16 18 30 
1 8 12 15 16 
2 12 14 22 
1 3 8 10 15 
2 8 14 16 19 22 
3 12 15 21 22 24 
0 2 4 6 11 
0 8 14 18 19 22 
8 11 15 16 18 19 
1 8 14 15 16 
1 8 15 16 18 
1 3 8 10 15 
3 8 12 15 21 24 
0 8 9 16 21 
5 8 9 11 16 18 21 
1 3 8 10 15 
2 8 14 18 19 22 
8 12 14 19 
0 2 12 14 18 22 
3 5 11 12 15 19 24 
0 2 8 14 16 22 
0 2 6 11 12 14 
0 2 5 14 
8 11 14 16 19 
9 12 16 24 25 
8 12 14 16 18 22 
1 4 7 10 13 
12 18 24 25 
1 8 10 12 15 
1 3 8 10 15 
8 14 15 16 18 22 
9 
1 3 8 10 15 
0 9 14 16 21 
0 8 14 16 
1 3 8 10 15 
0 2 12 14 16 22 
2 4 6 11 15 
0 5 9 14 18 22 
3 8 11 21 24 
0 9 11 16 21 
3 9 11 15 19 24 
1 3 8 10 15 
1 8 15 16 18 
3 5 8 12 15 19 24 
2 6 12 15 
1 3 8 10 15 
3 5 11 21 24 
0 12 14 16 18 
12 14 16 22 
0 6 11 14 
0 9 14 16 21 
3 8 9 15 19 22 24 
1 11 14 15 
0 9 12 14 18 
12 16 18 24 25 
3 8 12 15 24 
0 11 15 16 21 
1 4 7 10 13 
3 5 11 21 24 
1 3 8 10 15 
0 2 4 6 11 
1 8 10 15 
2 6 11 14 16 24 
5 8 9 11 14 16 18 
0 12 14 16 18 22 
14 15 19 28 
4 11 14 19 
2 5 7 10 12 14 
2 6 11 15 28 
1 8 14 16 18 
2 11 21 24 
11 12 14 18 
0 2 4 6 11 
3 24 
0 8 9 16 21 
1 8 11 14 16 
0 8 14 16 18 22 
2 5 7 10 12 14 
1 8 9 12 15 21 
3 12 15 19 24 
0 5 16 27 
0 5 12 14 16 18 
8 12 14 16 19 22 
3 5 12 21 24 
3 9 15 24 
0 2 4 12 16 
0 3 11 14 16 18 22 
8 12 16 18 19 22 
5 8 9 15 16 18 27 
1 8 11 12 16 
0 9 12 14 16 
1 8 10 15 
1 3 8 10 15 
1 3 8 10 15 
2 3 5 21 24 27 
1 3 8 10 15 
0 14 16 18 22 27 
1 8 10 12 15 
2 12 14 16 18 22 
5 11 14 21 24 
3 8 9 12 24 
0 2 6 11 15 
5 8 9 11 16 18 21 
11 12 14 18 
9 11 14 19 
9 12 14 19 
0 6 11 15 
0 2 16 18 
2 5 8 9 15 16 18 
4 8 11 15 16 19 
3 5 8 11 24 
1 8 11 14 16 
0 12 16 18 19 
0 8 12 14 16 22 
14 15 19 24 
5 8 9 11 14 16 18 
0 2 12 14 16 18 
6 9 12 15 16 24 
2 3 8 12 24 
2 6 11 15 
11 12 14 18 
1 8 11 15 16 
0 8 14 15 16 
0 8 14 16 21 
3 8 9 12 15 24 
1 8 11 16 18 
8 14 16 19 
1 8 15 16 30 
8 11 14 15 16 19 
5 14 16 18 
4 11 14 19 
2 3 5 12 21 24 
0 12 16 18 21 
0 2 4 6 11 
6 11 
0 9 16 19 
12 14 16 22 
2 6 11 15 28 
4 12 14 19 
6 9 12 15 16 24 
0 2 4 6 11 
4 12 14 19 
8 11 15 16 18 19 
4 8 9 15 16 
1 8 10 15 
6 8 12 14 18 
0 9 12 14 16 
11 12 16 19 
2 5 8 18 19 22 
5 8 9 12 14 18 
2 4 6 11 30 
3 15 19 21 24 
12 14 19 30 
2 3 9 15 21 24 
4 12 14 19 
1 8 9 16 
1 12 14 15 
3 6 9 11 15 24 
6 11 12 14 
3 6 9 11 15 24 
5 9 14 16 19 22 
0 4 8 12 16 
2 12 16 24 25 
0 4 9 12 16 
1 8 15 16 18 
3 5 11 15 24 
3 8 12 15 21 24 
6 14 
2 6 11 12 15 
9 11 14 19 
5 9 12 18 
0 12 14 16 18 
1 4 7 10 13 
3 5 11 15 24 
0 9 12 16 21 
0 4 9 16 18 
5 6 8 14 15 
3 5 11 21 24 25 
2 6 14 
1 8 12 16 19 
1 3 8 10 15 
1 3 6 9 12 
1 8 10 15 18 
2 4 6 8 11 
1 3 8 10 15 
0 2 16 18 21 
1 8 11 15 16 
1 8 11 16 30 
1 8 10 12 15 
0 8 12 14 16 21 
1 8 11 15 16 
1 6 8 15 16 
1 4 7 10 13 
3 5 11 21 24 
1 8 10 15 
1 8 10 15 
0 2 9 15 
0 11 12 15 16 
1 4 8 15 16 
1 8 10 15 21 
1 8 10 15 18 
5 8 9 15 16 18 27 
1 3 8 10 15 
1 4 7 10 13 
3 9 12 15 19 24 
3 8 11 21 24 
0 6 11 15 
3 5 8 21 24 
2 9 11 12 
8 12 14 22 
8 11 14 15 16 19 
0 2 16 21 27 
0 5 12 14 16 
1 8 11 14 16 
0 11 15 16 19 
3 5 11 12 15 21 24 
0 9 16 21 
11 12 14 21 
1 8 11 16 19 
0 9 12 16 21 
0 6 15 19 
2 4 6 11 15 
0 2 12 
2 6 12 15 
2 6 9 12 14 28 
1 4 7 10 13 
1 3 8 10 15 
0 8 11 16 21 
1 5 8 16 18 21 
0 4 12 15 16 
7 10 13 
0 9 12 14 16 
0 4 16 19 21 
1 8 10 12 15 
21 
6 9 11 15 
8 9 12 14 16 
5 8 9 12 14 18 
1 3 6 9 12 
5 8 9 12 14 18 
8 9 12 14 16 
0 2 5 7 12 
1 3 6 9 12 
1 3 6 9 12 
1 6 8 12 14 16 
0 2 6 9 11 14 
12 16 18 24 25 
0 2 5 7 12 
1 6 12 15 27 
6 9 11 15 
12 16 18 24 25 
12 16 18 24 25 
5 6 8 12 14 15 
1 3 6 9 12 
6 8 12 14 19 
5 8 9 12 14 18 
2 5 7 10 12 14 
2 6 11 15 
5 8 9 12 14 18 
0 6 11 18 
0 2 5 7 12 
12 16 21 24 25 
1 14 16 21 
2 5 7 10 12 14 
1 6 12 15 25 
0 2 5 7 12 
6 8 9 12 14 
12 16 19 24 25 
1 6 12 15 25 
5 8 9 12 14 18 
8 9 12 14 16 
1 3 6 9 12 
0 2 5 7 12 
1 6 12 15 25 
3 16 18 24 25 
8 9 12 14 16 
1 6 12 15 25 
3 6 11 15 
2 6 9 11 
1 3 6 9 12 
6 8 12 14 19 
5 8 9 12 14 18 
1 3 6 9 12 
0 2 3 7 19 
0 2 5 7 12 
8 9 12 14 16 
0 2 5 7 12 
2 5 7 10 12 14 
2 6 9 11 
5 8 9 12 14 18 
12 14 16 24 25 
1 3 6 9 12 
1 3 6 9 12 
0 6 11 15 
1 3 6 9 12 
1 3 6 9 12 
0 2 5 7 12 
12 16 18 24 25 
12 16 18 24 25 
1 3 6 9 12 
1 3 6 9 12 
5 8 9 12 14 18 
12 16 18 24 25 
1 3 6 9 12 
0 2 3 7 19 
1 3 6 9 12 
1 3 6 9 12 
0 2 5 7 12 
0 2 5 7 12 
0 2 5 7 12 
2 6 11 15 
1 3 6 9 12 
0 2 5 7 12 
1 3 6 9 12 
0 2 3 7 18 
0 2 7 12 15 
1 6 12 15 18 
0 2 5 7 12 
2 5 7 10 12 14 
2 6 11 15 
1 3 6 12 15 
0 2 3 7 9 11 
6 9 11 15 
0 2 5 7 12 
8 9 12 14 16 
0 2 5 7 12 
0 2 3 7 14 
1 3 6 9 12 
1 3 6 9 12 
2 12 16 24 25 
0 2 3 5 7 
6 
1 3 6 9 12 
12 16 18 24 25 
1 3 5 6 11 
2 6 11 15 
5 8 9 12 14 18 
6 8 9 12 14 
0 2 3 5 7 
0 2 5 7 12 
12 16 18 24 25 
12 16 18 24 25 
0 2 5 7 12 
2 12 16 24 25 
0 2 5 7 12 
0 2 5 7 12 
5 8 12 14 15 30 
1 3 6 9 12 
12 16 18 24 25 
1 3 6 9 12 
0 3 5 
12 16 18 24 25 
1 6 12 15 18 
0 2 5 7 12 
1 3 6 9 12 
3 5 14 21 
12 16 18 24 25 
1 3 6 9 12 
1 3 6 9 12 
5 6 12 15 27 
5 6 8 14 15 
0 2 3 7 18 
1 3 6 9 12 
1 3 6 9 12 
12 16 18 24 25 
5 8 9 12 14 18 
5 8 9 12 14 18 
9 12 16 24 25 
6 8 9 12 14 16 
0 2 5 7 12 
5 8 9 12 14 18 
0 2 5 6 11 14 
0 2 5 7 12 
0 6 11 15 
6 8 9 12 14 16 
0 2 5 7 12 
8 9 12 14 16 
8 9 12 14 16 
0 2 5 7 12 
6 8 12 14 18 
1 3 6 9 12 
2 6 11 15 
1 3 6 9 12 
1 3 6 9 12 
0 2 3 7 18 
1 6 12 15 19 
2 5 7 10 12 14 
1 3 6 9 12 
0 2 7 12 27 
2 6 11 15 
12 16 18 24 25 
8 9 12 14 16 
8 9 12 14 16 
6 9 11 15 
5 8 9 12 14 18 
1 3 6 9 12 
2 12 16 24 25 
1 3 6 9 12 
5 6 8 12 14 15 
8 9 12 14 16 
1 3 6 9 12 
5 8 9 12 14 18 
0 2 5 7 12 
2 3 5 7 10 14 
5 8 9 12 14 18 
12 16 18 24 25 
1 3 6 9 12 
0 2 6 9 11 14 
1 3 6 9 12 
0 2 5 7 12 
12 16 18 24 25 
1 3 6 9 12 
2 6 9 11 
0 2 3 5 7 
5 8 9 12 14 18 
8 9 12 14 16 
0 2 3 7 
0 6 9 14 16 
5 6 8 12 14 15 
14 15 21 
0 2 5 7 12 
1 3 6 9 12 
2 5 7 10 12 14 
0 2 6 11 14 15 
12 16 18 24 25 
0 2 5 7 12 
0 2 5 7 12 
2 5 7 10 12 14 
2 6 11 15 
0 6 11 15 
0 6 11 18 
6 8 9 12 14 
1 3 6 9 12 
5 6 8 12 14 15 
3 6 9 14 18 
0 2 3 7 18 
8 9 12 14 16 
12 16 18 24 25 
0 2 5 7 12 
5 8 9 12 14 18 
0 2 5 7 12 
2 12 16 24 25 
1 3 6 9 12 
2 6 8 12 14 
2 5 6 9 12 14 
5 8 9 12 14 18 
0 2 5 7 12 
2 6 9 11 
5 8 9 12 14 18 
6 8 12 14 15 
5 6 8 12 14 15 
0 2 3 7 9 11 
0 2 3 10 19 
5 8 9 12 14 18 
5 6 8 12 14 15 
0 2 5 7 12 
2 5 7 10 12 14 
1 3 6 9 12 
1 3 6 9 12 
0 2 6 11 14 15 
9 12 16 22 24 25 
2 5 7 10 12 14 
1 3 6 9 12 
0 2 3 7 18 
0 6 11 18 
0 3 6 9 14 
0 2 5 7 12 
0 2 3 7 18 
1 6 12 15 21 
12 16 18 24 25 
5 8 9 12 14 18 
0 2 5 7 12 
0 2 5 7 12 
3 6 11 15 
2 6 14 16 24 
0 2 6 9 11 14 
3 6 9 15 16 24 
1 6 9 12 15 
0 2 6 11 12 14 
6 9 11 15 
2 6 11 15 
12 16 18 24 25 
12 16 18 24 25 
12 16 19 24 25 
5 8 9 12 14 18 
8 9 12 14 16 
0 2 5 7 12 
3 5 6 8 14 15 
5 8 9 12 14 18 
0 2 5 7 12 
3 5 6 8 14 15 
0 2 5 7 12 
2 4 6 8 10 
6 8 12 14 16 18 
0 2 5 7 12 
12 16 18 24 25 
2 5 7 10 12 14 
1 3 14 21 
1 3 5 6 11 
6 8 9 12 14 
0 2 6 9 11 14 
5 8 9 12 14 18 
2 5 7 10 12 14 
5 8 9 12 14 18 
0 2 3 7 9 11 
8 9 12 14 16 
0 6 11 15 
5 8 9 12 14 18 
0 2 5 7 12 
1 3 6 9 12 
0 2 6 11 12 14 
5 8 9 12 14 18 
12 16 18 24 25 
0 2 5 7 12 
0 2 3 7 19 
5 6 8 12 14 15 
0 2 3 9 11 14 
5 8 9 12 14 18 
1 3 6 9 12 
0 2 3 5 7 
0 2 5 7 12 
9 12 16 22 24 25 
2 6 11 15 
5 8 9 12 14 18 
8 9 12 14 16 
5 8 9 12 14 18 
0 2 6 9 11 14 
1 6 9 12 15 
5 8 9 12 14 18 
2 5 7 10 12 14 
6 12 16 24 25 
2 5 6 9 12 14 
5 8 9 12 14 18 
12 16 18 24 25 
8 9 12 14 16 
0 6 11 12 
3 5 8 9 14 18 
5 8 9 12 14 18 
0 2 5 7 12 
6 8 12 14 19 
12 16 18 24 25 
12 16 18 24 25 
5 8 9 12 14 18 
2 5 6 9 12 14 
0 2 6 9 11 14 
5 8 9 12 14 18 
12 16 18 24 25 
2 5 7 10 12 14 
2 6 9 11 
1 3 6 9 12 
0 2 5 7 12 
1 3 6 9 12 
5 8 9 12 14 18 
5 6 8 12 14 15 
0 2 5 7 12 
6 9 11 15 
2 5 6 9 12 14 
0 2 3 5 
2 3 14 19 21 
0 2 6 11 14 24 
1 3 6 9 12 
12 16 18 24 25 
0 2 6 11 12 14 
3 5 6 8 14 15 
3 5 6 8 14 15 
1 3 6 9 12 
2 5 6 9 12 14 
12 16 18 24 25 
3 5 6 8 14 15 
0 2 3 5 7 
6 8 9 12 14 16 
2 5 7 10 12 14 
0 2 6 9 11 14 
2 3 5 7 10 14 
5 8 9 12 14 18 
5 6 8 12 14 15 
5 8 9 12 14 18 
0 2 5 7 12 
0 2 6 11 14 15 
2 5 7 10 12 14 
6 9 11 15 
2 12 16 24 25 
5 6 8 12 14 15 
2 12 16 24 25 
12 16 18 24 25 
5 8 9 12 14 18 
12 16 18 24 25 
8 9 12 14 16 
12 16 18 24 25 
3 5 6 8 14 15 
3 5 6 8 14 15 
5 8 9 12 14 18 
3 6 11 15 
2 3 5 7 10 14 
9 12 16 24 25 
0 2 5 6 11 14 
0 3 6 11 
1 3 5 6 11 
0 2 3 7 9 11 
0 2 3 7 19 
3 6 11 15 
2 3 5 7 10 14 
3 5 6 8 14 15 
9 12 16 22 24 25 
0 2 3 7 9 11 
0 6 11 15 
1 3 6 9 12 
0 2 3 5 7 
5 8 9 12 14 18 
2 5 6 9 12 14 
0 2 6 9 11 14 
2 6 11 15 
0 2 5 7 12 
3 6 11 15 
0 3 6 14 
8 12 16 24 25 
0 2 5 6 11 14 
2 12 16 24 25 
8 9 12 14 16 
12 16 21 24 25 
5 8 9 12 14 18 
3 6 11 15 
12 16 18 24 25 
3 5 6 8 14 15 
0 2 3 9 11 14 
2 5 7 10 12 14 
11 21 
1 3 6 9 12 
2 3 5 7 10 14 
1 3 6 9 12 
12 16 18 24 25 
3 5 6 8 14 15 
0 2 6 11 12 14 
0 2 6 11 
2 5 7 10 12 14 
0 2 3 5 7 
5 6 8 12 15 
3 6 11 15 
0 2 6 9 11 14 
3 5 8 9 14 18 
8 9 12 14 16 
3 5 6 8 14 15 
2 5 7 10 12 14 
1 6 12 15 25 
2 5 7 10 12 14 
2 3 5 7 10 14 
0 3 6 11 
3 6 11 15 
1 3 5 11 
0 2 6 11 28 
3 5 6 8 14 15 
12 16 18 24 25 
2 3 5 7 10 14 
3 6 11 15 
1 3 6 9 12 
3 6 11 15 
2 3 5 7 10 14 
2 6 11 14 15 
0 2 9 11 12 14 
1 3 5 
3 14 19 
0 16 
2 3 5 7 10 14 
2 5 7 10 12 14 
1 6 12 15 25 
3 6 11 15 
0 2 5 7 12 
1 5 6 9 12 15 
0 2 3 11 
2 5 7 10 12 14 
0 2 5 7 12 
1 6 12 15 25 
0 2 3 5 7 
3 6 11 15 
3 16 18 24 25 
3 6 11 15 
2 6 14 16 24 
6 12 14 18 
5 8 9 12 14 18 
3 5 6 8 14 15 
1 3 5 6 11 
2 3 5 7 10 14 
5 6 8 12 14 15 
11 12 15 16 24 25 
2 5 6 9 12 14 
12 16 18 24 25 
3 6 11 15 
2 6 11 15 18 
3 5 8 15 
3 14 19 21 30 
2 3 5 7 10 14 
1 6 12 15 25 
2 3 5 7 10 14 
1 3 6 9 12 
0 2 4 6 11 
3 6 11 15 
1 3 6 9 12 
3 16 18 24 25 
0 2 4 6 11 
2 3 12 15 21 24 
0 2 5 6 11 14 18 
2 5 7 10 12 14 
2 3 5 7 10 14 
3 5 6 8 14 15 
3 5 6 8 14 15 
2 3 5 7 10 14 
2 6 14 16 24 
2 3 5 6 9 14 
2 3 5 7 10 14 
1 3 6 9 12 
12 16 18 24 25 
3 5 14 19 21 
2 3 5 7 10 14 
3 6 11 15 
3 6 11 15 
2 3 8 12 21 24 
2 3 5 7 10 14 
6 9 11 15 
2 3 6 11 
0 6 11 15 
1 8 16 19 
1 11 
2 19 
3 5 8 15 
2 3 5 7 10 14 
5 8 9 12 14 18 
8 9 12 14 16 
2 3 6 11 
2 9 
12 15 16 24 25 
1 4 7 10 13 
12 16 18 24 25 
2 6 14 16 24 
3 12 15 21 22 24 
3 5 11 15 24 
3 15 21 22 24 
3 11 15 21 24 
3 11 12 15 21 24 
3 15 21 22 24 
3 11 12 15 21 24 
3 11 15 21 24 
3 11 15 21 24 
3 11 15 21 24 
3 9 15 22 24 
2 3 16 24 25 
3 11 15 19 24 
3 8 15 21 24 
1 8 11 15 16 
1 8 11 16 18 
0 2 5 7 12 
1 3 6 9 12 
0 2 4 6 11 
6 11 
1 3 6 9 12 
3 9 15 18 21 24 
3 6 11 15 
24 25 
24 
30 
11 
7 
3 14 15 
7 
1 5 
1 21 
1 5 24 
1 8 9 
1 3 
1 5 9 
3 9 15 19 
5 8 
1 3 5 11 15 
3 8 14 19 21 
1 3 5 6 11 
3 14 18 19 21 
0 2 3 10 19 
3 14 19 21 30 
3 6 9 14 18 
4 10 14 21 
0 2 3 10 19 
1 3 5 11 18 
1 3 5 11 
0 2 3 10 19 
0 2 3 5 30 
0 2 3 7 9 11 
2 3 14 19 21 
0 2 3 5 15 
0 2 3 10 19 
2 3 14 19 21 
0 2 3 5 
2 3 14 19 21 
0 2 3 9 11 14 
1 3 5 6 11 
0 2 3 5 
2 3 14 19 21 
0 2 3 10 19 
0 2 3 5 18 
3 14 18 19 21 
1 3 5 6 11 
0 2 3 5 18 
0 2 3 5 
4 6 8 10 19 
3 6 8 9 14 
0 2 3 5 
0 3 6 9 14 
2 4 8 10 14 
2 14 16 19 21 
1 3 5 11 18 
0 2 3 10 19 
0 2 3 10 19 
1 3 5 11 27 
4 10 14 21 
1 4 6 9 12 14 18 
0 3 6 9 14 
3 14 18 19 21 
0 2 5 9 11 14 
0 3 6 9 14 
0 2 3 10 19 
1 3 5 11 
0 2 3 10 19 
0 2 3 5 18 
3 11 14 15 19 21 
0 6 9 14 16 
0 3 6 9 14 
0 3 10 18 19 
0 2 3 7 9 11 
0 2 3 10 19 
0 2 3 5 
0 2 3 5 
1 3 5 6 11 
0 2 3 5 
0 2 3 10 19 
2 3 14 19 21 
0 3 10 19 21 
0 2 3 10 19 
0 3 6 9 14 
3 14 18 19 21 
1 3 5 6 11 
1 3 5 6 11 
1 3 5 6 11 
0 2 3 5 18 
1 3 5 6 11 
0 2 3 5 
0 2 3 5 
1 3 5 6 11 
0 2 3 9 11 14 
0 2 3 5 
1 3 5 6 11 
3 9 14 19 21 
0 2 3 10 19 
3 14 19 21 30 
0 2 3 10 19 
0 2 3 5 
1 3 5 6 11 
0 3 10 19 27 
0 2 3 5 
0 2 3 5 
0 2 3 10 19 
0 2 3 10 19 
4 10 14 21 
3 6 9 14 27 
1 3 5 6 11 
3 6 9 14 30 
0 2 3 5 
1 4 6 12 14 18 
0 2 3 10 19 
0 2 3 10 19 
0 2 3 10 19 
1 3 5 6 11 
1 3 5 6 11 
0 2 3 5 18 
1 3 5 11 27 
0 2 3 10 19 
0 2 3 10 19 
2 3 14 19 21 
0 2 3 5 
2 3 14 19 21 
0 2 3 5 18 
0 2 3 5 
0 2 3 5 
0 3 6 9 14 
0 2 3 5 18 
2 3 14 19 21 
1 3 5 11 
0 2 3 10 19 
0 2 3 5 
0 2 3 9 11 14 
3 14 19 21 30 
0 2 3 10 19 
3 14 18 19 21 
1 3 5 6 11 
3 14 15 19 21 
2 3 14 19 21 
1 3 5 6 11 
2 3 14 19 21 
1 3 5 6 11 
0 2 3 10 19 
0 3 10 15 19 
0 2 3 5 
0 2 9 11 14 16 
1 3 5 6 11 
1 3 5 6 11 
1 3 5 6 11 
0 2 3 5 
1 3 5 6 11 
0 2 3 10 19 
0 3 6 9 14 
1 3 5 11 18 
4 6 8 10 19 
0 2 3 7 9 11 
0 2 3 7 9 11 
0 2 3 10 19 
0 3 6 9 14 
0 2 3 5 
1 3 5 11 18 
1 3 5 6 11 
1 3 5 6 11 
1 3 5 6 11 
4 6 8 10 19 
0 2 3 10 19 
0 2 3 10 19 
0 2 3 5 
3 14 18 19 21 
1 3 5 11 30 
1 3 5 11 28 
2 3 14 19 21 
2 3 7 9 11 13 
2 3 7 9 11 13 
0 2 3 10 19 
0 2 3 10 19 
3 6 14 19 21 
3 6 9 14 30 
0 6 9 14 16 
0 2 3 10 19 
1 3 5 6 11 
3 6 9 14 27 
4 10 14 21 
1 3 5 6 11 
0 2 3 10 19 
0 2 3 10 19 
0 2 3 10 19 
3 14 15 19 21 
3 14 19 21 30 
1 3 5 6 11 
3 14 18 19 21 
2 3 14 19 21 
0 3 6 9 14 
3 8 14 19 21 
1 3 5 11 18 
2 3 14 19 21 
1 3 5 11 
0 2 6 9 11 14 
0 2 3 5 18 
0 3 10 19 27 
4 6 8 10 19 
0 2 3 7 9 11 
0 2 3 5 
0 3 8 10 19 
0 2 9 11 14 30 
2 3 14 19 21 
1 3 5 6 11 
2 3 14 19 21 
0 2 3 10 19 
1 3 5 11 15 
0 2 3 5 
0 3 6 9 14 
0 2 3 10 19 
3 14 18 19 21 
0 2 3 10 19 
1 3 5 11 30 
1 3 5 8 11 
1 3 5 6 11 
0 2 3 10 19 
0 2 3 10 19 
0 3 6 9 14 
0 2 3 7 9 11 
0 3 6 9 14 
2 3 14 19 21 
0 2 3 10 19 
0 2 3 7 9 11 
0 2 3 10 19 
3 14 18 19 21 
0 2 3 7 9 11 
0 2 3 10 19 
0 3 10 19 27 
0 2 3 5 
0 3 6 9 14 
0 2 3 5 18 
2 3 14 19 21 
3 6 14 19 21 
4 6 8 10 19 
1 3 5 6 11 
1 3 5 6 11 
0 2 10 16 19 
2 3 14 19 21 
1 3 5 9 11 
1 3 5 6 11 
0 2 3 5 
3 14 19 21 30 
0 2 3 5 
0 3 6 9 14 
3 14 19 21 28 
0 2 3 10 19 
1 3 5 6 11 
0 2 3 5 
1 3 5 6 11 
0 2 3 5 21 
1 4 6 12 14 18 
0 2 3 5 
2 3 14 19 21 
0 2 3 9 11 14 
0 3 10 18 19 
1 3 5 6 11 
2 3 14 19 21 
0 2 3 10 19 
3 14 19 21 30 
3 14 19 21 30 
1 3 5 6 11 
3 6 9 14 27 
0 3 6 9 14 
3 8 14 19 21 
1 3 5 11 
1 3 5 6 11 
3 14 15 19 21 
0 2 3 9 11 14 
0 2 3 10 19 
3 14 19 21 28 
3 14 19 21 27 
2 3 14 19 21 
0 2 3 10 19 
0 2 3 10 19 
0 2 3 7 9 11 
2 3 7 9 11 13 
0 2 3 5 
4 6 8 10 19 
1 3 5 6 11 
0 2 3 5 
0 2 3 10 19 
0 2 7 9 11 16 
0 2 3 5 
0 3 6 9 14 
1 3 5 6 11 
0 2 3 5 18 
0 2 3 9 11 14 
0 2 3 10 19 
1 3 5 6 11 
2 3 14 19 21 
2 4 8 10 14 
2 3 14 19 21 
0 2 3 10 19 
1 5 11 16 
6 9 14 15 16 
1 3 5 11 18 
1 3 5 6 11 
1 3 5 11 27 
1 3 5 11 
1 3 5 6 11 
0 2 3 5 
0 3 6 9 14 
1 4 6 12 14 18 
1 3 5 6 11 
1 4 7 10 
1 3 5 11 18 
1 3 5 6 11 
0 2 3 7 9 11 
1 3 5 11 
1 3 5 11 
0 2 3 10 19 
1 3 5 6 11 
2 3 14 19 21 
2 3 14 19 21 
1 5 6 11 16 
0 2 3 10 19 
0 2 3 9 11 14 
0 2 3 5 
0 2 3 7 9 11 
1 3 5 11 
4 6 8 10 19 
0 2 3 5 
1 3 5 11 
3 14 19 21 30 
4 6 8 10 19 
0 2 10 16 19 
0 2 3 5 
0 2 7 9 11 16 
0 2 3 5 21 
0 2 5 9 11 14 
3 14 19 21 30 
3 14 18 19 21 
0 2 3 5 
1 3 5 11 
1 5 11 16 
0 6 9 14 16 
1 3 5 11 30 
1 3 5 6 11 
0 2 10 16 19 
4 6 8 10 19 
1 3 5 6 11 
2 4 8 10 14 
0 2 3 7 9 11 
6 9 14 16 18 
3 14 19 21 28 
0 3 10 18 19 
0 2 3 5 
1 4 6 9 12 14 18 
1 5 11 16 
0 3 6 9 14 
0 2 3 10 19 
14 16 18 19 21 
5 14 16 19 21 
2 3 14 19 21 
3 14 18 19 21 
0 2 7 9 11 16 
0 2 10 16 19 
1 5 11 16 
2 3 14 19 21 
3 14 15 19 21 
0 2 9 11 14 21 
1 3 5 11 30 
0 2 3 5 
1 3 5 6 11 
0 2 3 10 19 
3 5 6 8 14 15 
0 3 6 9 14 
1 3 5 6 11 
0 2 10 16 19 
2 7 9 11 13 16 
1 3 5 11 
3 14 18 19 21 
1 3 5 6 11 
0 2 3 5 
0 2 3 7 9 11 
0 2 3 10 19 
0 2 3 10 19 
0 3 6 9 14 
0 3 10 18 19 
0 2 3 5 
0 2 7 9 11 16 
3 6 9 14 30 
0 2 3 10 19 
4 6 8 10 19 
0 2 3 5 7 10 
1 3 5 11 
0 3 6 9 14 
1 3 5 6 11 
1 3 5 6 11 
0 2 3 5 
4 10 14 21 
1 5 11 16 
3 6 11 15 
2 3 14 19 21 
2 3 14 19 21 
0 6 9 14 16 
0 2 7 9 11 16 
1 3 5 6 11 
1 3 5 6 11 
2 3 5 6 9 14 
0 2 3 7 9 11 
1 3 5 11 
1 4 6 9 12 14 18 
1 3 5 6 11 
12 16 24 25 30 
0 2 7 9 11 16 
2 3 14 19 21 
2 3 14 19 21 
0 6 9 14 16 
0 2 3 10 19 
1 3 5 6 11 
1 4 6 9 14 18 
0 2 3 5 
3 14 18 19 21 
1 5 11 16 
1 5 11 16 
0 2 3 7 9 11 
0 2 7 9 11 16 
0 2 9 11 14 30 
0 6 9 14 16 
0 2 7 9 11 16 
0 2 7 9 11 16 
0 6 9 14 16 
2 3 14 19 21 
3 12 14 19 21 
3 14 15 19 21 
0 6 9 14 16 
1 4 6 9 12 14 18 
0 2 7 9 11 16 
3 14 18 19 21 
0 2 3 10 19 
0 6 9 14 16 
0 2 7 9 11 16 
2 3 14 19 21 
1 5 6 11 16 
2 3 14 19 21 
5 8 9 12 14 18 
0 2 9 11 14 15 
1 3 5 6 11 
3 14 19 21 30 
3 14 19 21 30 
0 2 9 11 14 18 
0 3 6 9 14 
0 6 11 15 
0 2 3 5 7 10 
0 3 6 9 14 
0 6 9 14 16 
0 2 3 5 7 10 
3 14 19 21 30 
0 2 3 10 19 
1 14 16 21 
3 9 14 19 21 
0 2 9 11 14 30 
1 3 5 6 11 
0 6 9 14 16 
0 2 9 11 14 30 
3 14 19 21 30 
0 2 7 9 11 16 
0 2 3 5 7 10 
0 2 3 5 7 10 
3 9 14 19 21 
0 2 7 9 11 16 
0 2 3 10 19 
1 4 6 9 12 14 18 
0 2 9 11 14 16 
0 6 9 14 16 
1 4 6 9 12 14 18 
0 6 9 14 16 
0 2 3 10 19 
0 3 6 9 14 
1 4 6 9 12 14 18 
2 12 16 24 25 
0 6 9 14 16 
1 4 6 9 12 14 18 
0 3 6 9 14 
1 5 11 16 
3 5 6 9 14 
2 3 14 19 21 
4 6 8 10 19 
1 3 5 11 
4 10 14 21 
2 4 8 10 14 
0 2 3 9 11 14 
2 4 8 10 14 
0 2 3 9 11 14 
0 2 3 10 19 
0 2 9 11 14 18 
0 2 3 7 9 11 
3 9 15 19 
3 9 15 19 
1 8 
1 9 21 
1 8 
11 
11 
12 16 24 25 30 
12 16 24 25 30 
12 16 24 25 30 
12 16 24 25 30 
12 16 24 25 30 
12 16 18 24 25 
12 16 24 25 30 
12 16 24 25 30 
12 16 24 25 30 
12 16 24 25 30 
2 12 16 24 25 
12 16 24 25 30 
12 16 24 25 30 
2 12 16 24 25 
12 16 24 25 30 
12 16 24 25 30 
12 16 24 25 30 
0 2 3 5 
3 14 18 19 21 
3 14 19 21 28 
2 6 9 14 16 
2 3 7 9 11 13 
1 4 6 9 12 14 18 
1 4 6 12 14 18 
1 6 9 12 14 18 
1 6 12 14 18 
0 2 9 11 14 30 
0 2 3 7 9 11 
1 4 6 9 14 18 
0 2 3 5 
0 6 11 14 
0 2 3 10 19 
0 2 3 10 19 
4 9 14 15 21 
11 12 14 15 16 19 
12 16 18 
1 9 14 16 18 25 
1 4 6 9 12 14 18 
1 6 12 14 18 
18 19 30 
1 5 6 8 9 19 
10 13 16 18 
1 6 9 12 14 18 
1 3 5 6 11 
1 4 6 9 14 18 
2 3 14 19 21 
0 2 10 16 19 
7 
3 9 15 19 
7 
1 24 
1 
1 5 9 
3 9 15 19 
7 
5 6 9 16 22 
5 7 10 19 22 
1 5 
8 15 
0 8 18 22 
0 7 14 
0 3 9 15 16 22 
18 
15 18 
0 2 9 16 18 22 
0 5 8 16 22 
1 3 6 14 19 
1 3 14 19 
1 3 5 24 
3 22 
1 3 5 24 
1 3 5 24 
1 3 8 21 24 
1 3 8 21 24 
1 3 6 22 
1 3 16 21 24 
1 3 11 21 24 
3 8 21 
15 19 
3 8 
15 19 28 
1 3 6 22 
1 3 16 19 21 
3 8 12 15 19 24 
1 3 11 21 24 
8 11 14 18 21 
9 
2 8 9 14 16 19 
2 8 11 16 18 22 28 
1 4 9 14 
2 7 
2 7 
7 
3 9 19 21 22 24 
2 7 
1 4 6 9 14 18 
2 6 9 
2 6 9 11 15 
2 6 9 11 15 
6 9 11 15 
1 4 6 9 12 14 18 
6 13 
6 13 
6 13 
6 13 
6 13 
6 13 
3 11 14 15 19 21 
1 3 5 6 11 
0 2 3 7 9 11 
1 5 11 16 
3 9 14 19 21 
0 2 7 9 11 16 
3 14 18 19 21 
1 3 5 6 11 
0 2 3 10 19 
3 14 15 19 21 
0 3 6 9 14 
0 2 3 5 
0 2 3 10 19 
0 2 3 9 11 14 
0 2 3 10 19 
0 2 3 10 19 
3 6 9 14 27 
0 2 3 5 
1 3 5 11 18 
1 3 5 6 11 
1 3 5 11 21 
0 2 3 10 19 
1 3 5 6 11 
2 3 14 19 21 
2 3 14 19 21 
0 2 3 7 9 11 
0 3 10 12 19 
1 3 5 6 11 
3 14 18 19 21 
1 4 6 9 12 14 18 
0 3 10 18 19 
1 3 5 8 11 
1 3 5 11 18 
0 3 6 9 14 
1 3 5 6 11 
1 3 5 6 11 
0 3 8 10 19 
0 3 6 9 14 
1 3 5 6 11 
0 3 6 11 
1 3 5 11 
3 6 14 19 21 
2 3 14 19 21 
3 5 14 19 21 
0 3 6 9 14 
1 4 6 12 14 18 
1 3 5 6 11 
1 3 5 11 
1 3 5 11 
