0 14
1 11
2 5
3 7
4 8
5 3
6 14
7 18
8 16
9 11
10 3
11 19
12 6
13 11
14 4
15 7
16 16
17 7
18 8
19 15
20 17
21 14
22 18
23 3
24 16
25 15
26 2
27 5
28 12
29 11
30 10
31 8
32 18
33 1
34 3
35 4
36 11
37 19
38 7
39 3
40 20
41 15
42 11
43 13
44 15
45 18
46 9
47 18
48 16
49 8
50 9
51 16
52 16
53 5
54 10
55 2
56 19
57 10
58 20
59 5
60 18
61 13
62 6
63 13
64 13
65 19
66 4
67 20
68 14
69 15
70 16
71 20
72 9
73 14
74 20
75 11
76 14
77 16
78 19
79 9
80 10
81 4
82 15
83 18
84 4
85 7
86 11
87 18
88 18
89 6
90 13
91 5
92 3
93 17
94 1
95 9
96 1
97 20
98 17
99 14
100 9
101 15
102 18
103 13
104 2
105 14
106 11
107 7
108 9
109 15
110 10
111 6
112 18
113 15
114 17
115 19
116 8
117 4
118 2
119 6
120 19
121 3
122 14
123 19
124 18
125 13
126 14
127 9
128 1
129 6
130 13
131 19
132 1
133 16
134 18
135 7
136 19
137 11
138 12
139 12
140 11
141 9
142 11
143 3
144 3
145 3
146 2
147 10
148 17
149 18
150 20
151 4
152 2
153 2
154 6
155 9
156 1
157 10
158 12
159 10
160 7
161 7
162 8
163 10
164 7
165 4
166 2
167 18
168 12
