1 65
1 75
1 130
1 15
1 106
1 67
2 111
2 95
2 40
2 163
2 114
2 139
3 47
3 153
3 155
3 182
3 173
3 43
4 92
4 68
4 12
4 78
4 126
4 94
5 150
5 170
5 37
5 140
5 68
5 122
6 76
6 117
6 43
6 102
6 97
6 28
7 153
7 13
7 24
7 52
7 168
7 77
8 99
8 121
8 171
8 57
8 115
8 28
9 103
9 39
9 13
9 157
9 150
9 155
10 164
10 47
10 30
10 28
10 168
10 12
11 144
11 119
11 48
11 24
11 135
11 87
12 127
12 23
12 153
12 185
12 147
12 55
13 10
13 60
13 175
13 149
13 53
13 6
14 26
14 18
14 115
14 117
14 131
14 22
15 76
15 153
15 29
15 58
15 23
15 94
16 77
16 142
16 150
16 169
16 104
16 92
17 162
17 142
17 58
17 94
17 45
17 70
18 88
18 168
18 44
18 74
18 140
18 133
19 84
19 16
19 97
19 23
19 117
19 150
20 84
20 175
20 117
20 180
20 119
20 172
21 129
21 12
21 67
21 111
21 112
21 110
22 25
22 88
22 140
22 95
22 27
22 185
23 48
23 100
23 117
23 126
23 133
23 109
24 162
24 1
24 156
24 179
24 134
24 6
25 132
25 182
25 42
25 186
25 134
25 119
26 46
26 56
26 173
26 40
26 11
26 116
27 37
27 100
27 65
27 102
27 128
27 166
28 48
28 42
28 21
28 167
28 95
28 144
29 84
29 186
29 62
29 28
29 34
29 169
30 151
30 185
30 102
30 11
30 35
30 165
31 104
31 167
31 73
31 86
31 113
31 3
32 117
32 138
32 145
32 58
32 131
32 170
33 96
33 42
33 166
33 139
33 143
33 169
34 36
34 62
34 23
34 76
34 54
34 85
35 122
35 84
35 131
35 47
35 48
35 120
36 172
36 163
36 1
36 86
36 84
36 41
37 115
37 37
37 17
37 141
37 92
37 144
38 43
38 45
38 118
38 27
38 150
38 69
39 67
39 63
39 167
39 77
39 140
39 143
40 121
40 112
40 63
40 119
40 123
40 108
41 35
41 71
41 156
41 9
41 51
41 16
42 181
42 93
42 99
42 48
42 52
42 114
43 139
43 113
43 32
43 65
43 172
43 30
44 33
44 95
44 90
44 66
44 6
44 44
45 122
45 14
45 5
45 41
45 116
45 3
46 93
46 71
46 98
46 128
46 61
46 157
47 12
47 19
47 25
47 125
47 7
47 141
48 166
48 76
48 37
48 122
48 9
48 42
49 21
49 60
49 185
49 93
49 88
49 71
50 44
50 29
50 137
50 94
50 128
50 34
51 41
51 186
51 4
51 52
51 37
51 6
52 71
52 105
52 154
52 26
52 80
52 23
53 11
53 133
53 72
53 69
53 65
53 12
54 101
54 64
54 184
54 129
54 145
54 148
55 94
55 141
55 157
55 154
55 52
55 48
56 184
56 15
56 116
56 133
56 34
56 123
57 29
57 95
57 31
57 129
57 68
57 49
58 54
58 168
58 38
58 186
58 61
58 154
59 71
59 82
59 121
59 100
59 104
59 126
60 3
60 139
60 79
60 15
60 155
60 58
61 88
61 77
61 129
61 105
61 162
61 147
62 92
62 100
62 108
62 182
62 119
62 86
63 58
63 114
63 166
63 55
63 129
63 97
64 107
64 150
64 99
64 37
64 25
64 33
65 3
65 116
65 182
65 143
65 184
65 139
66 174
66 82
66 93
66 45
66 170
66 13
67 106
67 51
67 76
67 1
67 99
67 15
68 167
68 125
68 49
68 35
68 31
68 119
69 32
69 68
69 131
69 139
69 143
69 21
70 25
70 7
70 180
70 15
70 21
70 49
71 56
71 110
71 104
71 107
71 74
71 147
72 83
72 112
72 129
72 65
72 175
72 133
73 76
73 132
73 93
73 1
73 14
73 137
74 79
74 138
74 96
74 150
74 141
74 73
75 145
75 168
75 84
75 101
75 74
75 108
76 84
76 73
76 183
76 141
76 37
76 175
77 49
77 149
77 32
77 69
77 106
77 126
78 42
78 35
78 21
78 12
78 55
78 157
79 185
79 133
79 164
79 134
79 20
79 136
80 30
80 147
80 157
80 55
80 52
80 19
81 169
81 129
81 171
81 176
81 76
81 55
82 129
82 114
82 167
82 122
82 135
82 169
83 163
83 147
83 158
83 11
83 124
83 129
84 111
84 176
84 4
84 183
84 41
84 185
85 155
85 149
85 123
85 84
85 38
85 76
86 145
86 101
86 154
86 4
86 135
86 133
87 89
87 25
87 88
87 43
87 29
87 71
88 181
88 67
88 91
88 115
88 148
88 19
89 13
89 175
89 55
89 40
89 129
89 29
90 50
90 183
90 134
90 133
90 28
90 164
91 24
91 114
91 19
91 112
91 89
91 25
92 63
92 68
92 159
92 184
92 186
92 169
93 130
93 173
93 133
93 8
93 158
93 60
94 167
94 37
94 45
94 52
94 176
94 28
95 163
95 1
95 151
95 129
95 105
95 74
96 14
96 92
96 40
96 161
96 104
96 22
97 77
97 74
97 122
97 63
97 18
97 43
98 145
98 109
98 34
98 93
98 21
98 96
99 180
99 116
99 33
99 155
99 145
99 51
100 89
100 11
100 151
100 29
100 19
100 167
101 46
101 131
101 98
101 180
101 141
101 40
102 24
102 154
102 97
102 184
102 20
102 63
103 150
103 114
103 82
103 89
103 94
103 97
104 16
104 24
104 2
104 12
104 77
104 111
105 129
105 76
105 125
105 105
105 69
105 98
106 142
106 145
106 87
106 24
106 172
106 25
107 152
107 124
107 136
107 89
107 181
107 178
108 142
108 53
108 26
108 92
108 123
108 35
109 55
109 22
109 66
109 7
109 113
109 116
110 145
110 154
110 156
110 86
110 47
110 88
111 98
111 138
111 158
111 114
111 16
111 18
112 19
112 54
112 61
112 141
112 81
112 136
113 150
113 158
113 173
113 64
113 152
113 31
114 184
114 167
114 86
114 24
114 74
114 27
115 17
115 76
115 184
115 59
115 49
115 147
116 7
116 162
116 31
116 167
116 27
116 169
117 133
117 74
117 46
117 87
117 2
117 7
118 156
118 174
118 110
118 80
118 95
118 182
119 161
119 147
119 119
119 84
119 157
119 35
120 131
120 185
120 1
120 119
120 93
120 58
121 145
121 98
121 126
121 56
121 58
121 67
122 134
122 171
122 138
122 110
122 136
122 140
123 79
123 63
123 68
123 85
123 120
123 180
124 154
124 100
124 137
124 49
124 19
124 56
125 101
125 53
125 50
125 37
125 103
125 32
126 126
126 80
126 56
126 29
126 44
126 62
127 8
127 49
127 81
127 26
127 93
127 56
128 85
128 4
128 167
128 63
128 118
128 95
129 184
129 71
129 69
129 186
129 97
129 0
130 83
130 32
130 24
130 145
130 119
130 27
131 24
131 39
131 84
131 92
131 117
131 179
132 167
132 97
132 120
132 108
132 102
132 115
133 98
133 154
133 101
133 19
133 51
133 114
134 62
134 98
134 32
134 35
134 64
134 7
135 1
135 181
135 150
135 4
135 182
135 33
136 77
136 101
136 9
136 66
136 141
136 59
137 58
137 162
137 74
137 129
137 179
137 76
138 145
138 139
138 147
138 106
138 152
138 100
139 145
139 106
139 39
139 58
139 175
139 79
140 41
140 173
140 89
140 37
140 49
140 44
141 42
141 49
141 141
141 167
141 134
141 1
142 2
142 58
142 185
142 121
142 98
142 76
143 8
143 170
143 162
143 74
143 18
143 19
144 135
144 119
144 142
144 160
144 179
144 10
145 70
145 39
145 9
145 43
145 50
145 98
146 115
146 18
146 59
146 185
146 14
146 85
147 171
147 182
147 68
147 52
147 7
147 16
148 154
148 141
148 184
148 179
148 181
148 93
149 33
149 1
149 168
149 89
149 181
149 100
150 2
150 108
150 35
150 95
150 17
150 13
151 135
151 79
151 46
151 121
151 52
151 21
152 93
152 74
152 145
152 39
152 58
152 42
153 162
153 146
153 14
153 150
153 152
153 103
154 9
154 146
154 117
154 138
154 1
154 181
155 158
155 49
155 27
155 136
155 184
155 55
156 82
156 64
156 121
156 150
156 154
156 152
157 150
157 20
157 79
157 102
157 168
157 93
158 112
158 18
158 7
158 9
158 74
158 49
159 105
159 40
159 15
159 44
159 46
159 89
160 52
160 136
160 35
160 54
160 154
160 7
161 136
161 121
161 40
161 150
161 1
161 108
162 50
162 61
162 99
162 96
162 161
162 181
163 98
163 52
163 129
163 63
163 110
163 176
164 24
164 16
164 68
164 136
164 83
164 39
165 129
165 68
165 177
165 52
165 126
165 70
166 126
166 9
166 112
166 100
166 4
166 182
167 41
167 152
167 83
167 43
167 68
167 37
168 20
168 172
168 100
168 152
168 9
168 46
169 85
169 28
169 121
169 175
169 136
169 152
170 43
170 110
170 111
170 68
170 59
170 93
171 174
171 119
171 121
171 100
171 54
171 184
172 98
172 129
172 152
172 82
172 9
172 64
173 37
173 83
173 49
173 171
173 156
173 173
174 46
174 94
174 87
174 14
174 41
174 126
175 106
175 68
175 77
175 110
175 41
175 152
176 152
176 186
176 52
176 4
176 2
176 182
177 33
177 19
177 169
177 21
177 182
177 119
178 119
178 21
178 2
178 115
178 159
178 79
179 122
179 101
179 2
179 182
179 124
179 156
180 112
180 11
180 39
180 66
180 136
180 59
181 136
181 112
181 95
181 87
181 13
181 41
182 39
182 12
182 152
182 80
182 112
182 82
183 167
183 19
183 100
183 129
183 18
183 81
184 85
184 80
184 49
184 2
184 19
184 129
185 114
185 58
185 70
185 4
185 118
185 61
186 16
186 182
186 104
186 156
186 20
186 158
187 174
187 89
187 161
187 76
187 62
187 91
188 58
188 35
188 178
188 93
188 33
188 37
189 98
189 4
189 29
189 159
189 17
189 93
190 11
190 105
190 50
190 176
190 58
190 118
191 101
191 89
191 157
191 161
191 171
191 159
192 2
192 98
192 103
192 105
192 79
192 61
193 115
193 157
193 159
193 182
193 137
193 76
194 130
194 157
194 159
194 185
194 11
194 79
195 102
195 71
195 79
195 157
195 7
195 141
196 103
196 108
196 55
196 80
196 157
196 117
197 96
197 62
197 174
197 157
197 182
197 42
198 105
198 25
198 81
198 167
198 9
198 35
199 14
199 9
199 46
199 119
199 68
199 5
200 175
200 5
200 93
200 123
200 77
200 18
201 122
201 11
201 157
201 46
201 186
201 77
202 2
202 102
202 52
202 160
202 117
202 129
203 137
203 87
203 26
203 124
203 18
203 59
204 110
204 167
204 157
204 159
204 161
204 184
205 39
205 157
205 175
205 159
205 122
205 177
206 161
206 96
206 9
206 130
206 24
206 169
207 185
207 81
207 157
207 17
207 19
207 4
208 15
208 56
208 159
208 20
208 4
208 161
209 40
209 7
209 68
209 9
209 70
209 158
210 182
210 26
210 174
210 158
210 159
210 168
211 42
211 79
211 118
211 130
211 158
211 105
212 26
212 47
212 158
212 81
212 68
212 39
213 82
213 85
213 2
213 123
213 9
213 33
214 107
214 50
214 77
214 158
214 25
214 162
215 28
215 117
215 118
215 86
215 101
215 114
216 69
216 2
216 158
216 174
216 39
216 28
217 52
217 177
217 81
217 56
217 171
217 93
218 174
218 46
218 68
218 130
218 4
218 141
219 9
219 162
219 158
219 70
219 163
219 184
220 171
220 174
220 167
220 114
220 9
220 5
221 85
221 33
221 29
221 184
221 162
221 86
222 185
222 137
222 162
222 40
222 163
222 168
223 122
223 130
223 162
223 169
223 11
223 77
224 162
224 22
224 33
224 116
224 168
224 25
225 37
225 139
225 102
225 185
225 60
225 2
226 137
226 167
226 47
226 162
226 59
226 33
227 20
227 163
227 86
227 40
227 59
227 56
228 177
228 130
228 82
228 175
228 33
228 40
229 77
229 99
229 28
229 52
229 162
229 163
230 55
230 44
230 2
230 162
230 185
230 25
231 137
231 162
231 163
231 15
231 106
231 64
232 46
232 177
232 117
232 110
232 77
232 2
233 137
233 60
233 99
233 162
233 101
233 62
234 33
234 93
234 35
234 25
234 77
234 175
235 77
235 162
235 83
235 35
235 115
235 110
236 137
236 162
236 63
236 118
236 79
236 93
237 185
237 163
237 167
237 169
237 5
237 82
238 79
238 167
238 185
238 99
238 116
238 169
239 61
239 2
239 25
239 168
239 14
239 5
240 55
240 90
240 46
240 101
240 87
240 130
241 42
241 81
241 93
241 83
241 185
241 53
242 91
242 81
242 93
242 177
242 99
242 83
243 110
243 53
243 168
243 62
243 169
243 130
244 130
244 49
244 81
244 55
244 185
244 111
245 168
245 37
245 33
245 21
245 115
245 122
246 28
246 169
246 96
246 5
246 138
246 171
247 137
247 14
247 177
247 130
247 25
247 185
248 39
248 81
248 169
248 86
248 55
248 130
249 89
249 116
249 185
249 5
249 177
249 171
250 171
250 122
250 138
250 116
250 2
250 124
251 171
251 177
251 110
251 49
251 5
251 9
252 69
252 63
252 25
252 117
252 122
252 5
253 21
253 122
253 28
253 12
253 171
253 69
254 55
254 81
254 58
254 101
254 177
254 130
255 177
255 12
255 14
255 15
255 116
255 33
256 124
256 110
256 55
256 177
256 122
256 65
257 177
257 12
257 14
257 40
257 63
257 58
258 116
258 177
258 58
258 12
258 70
258 65
259 177
259 50
259 81
259 96
259 12
259 122
260 12
260 55
260 33
260 70
260 117
260 86
261 137
261 177
261 12
261 28
261 87
261 50
262 177
262 50
262 81
262 12
262 86
262 28
263 12
263 65
263 14
263 81
263 60
263 116
264 13
264 39
264 137
264 15
264 99
264 56
265 86
265 59
265 13
265 56
265 70
265 91
266 13
266 15
266 81
266 16
266 86
266 18
267 137
267 81
267 130
267 50
267 13
267 96
268 100
268 13
268 15
268 130
268 70
268 29
269 13
269 99
269 50
269 15
269 107
269 29
270 18
270 13
270 101
270 15
270 130
270 16
271 96
271 13
271 119
271 33
271 29
271 83
272 21
272 130
272 50
272 39
272 56
272 118
273 22
273 64
273 59
273 13
273 81
273 15
274 50
274 52
274 13
274 111
274 16
274 107
275 103
275 13
275 113
275 39
275 137
275 42
276 14
276 16
276 96
276 18
276 19
276 21
277 81
277 14
277 29
277 50
277 16
277 70
278 91
278 14
278 16
278 40
278 82
278 99
279 59
279 14
279 52
279 16
279 82
279 18
280 35
280 14
280 16
280 59
280 18
280 19
281 83
281 14
281 107
281 16
281 86
281 19
282 107
282 86
282 123
282 88
282 111
282 61
283 14
283 96
283 111
283 16
283 113
283 138
284 50
284 14
284 59
284 33
284 86
284 61
285 60
285 16
285 19
285 21
285 62
285 42
286 50
286 86
286 39
286 19
286 22
286 70
287 86
287 22
287 88
287 39
287 138
287 41
288 22
288 111
288 40
288 42
288 44
288 50
289 112
289 60
289 87
289 22
289 41
289 44
290 22
290 42
290 44
290 60
290 50
290 107
291 42
291 65
291 87
291 22
291 44
291 50
292 87
292 89
292 22
292 60
292 42
292 62
293 22
293 70
293 42
293 60
293 112
293 138
294 22
294 87
294 42
294 60
294 118
294 100
295 22
295 123
295 61
295 117
295 87
295 63
296 65
296 22
296 61
296 63
296 70
296 87
297 22
297 87
297 61
297 89
297 138
297 63
298 113
298 87
298 100
298 22
298 138
298 61
299 112
299 22
299 138
299 61
299 100
299 63
300 100
300 61
300 63
300 65
300 70
300 87
301 61
301 63
301 65
301 112
301 70
301 88
302 61
302 112
302 63
302 65
302 70
302 88
303 61
303 63
303 65
303 70
303 88
303 112
304 61
304 116
304 113
304 65
304 88
304 89
305 62
305 65
305 113
305 70
305 116
305 88
306 62
306 65
306 70
306 113
306 88
306 89
307 88
307 62
307 89
307 91
307 113
307 116
308 62
308 88
308 89
308 91
308 113
308 116
309 88
309 91
309 122
309 113
309 116
309 118
310 88
310 113
310 116
310 118
310 122
310 124
311 113
311 88
311 116
311 118
311 122
311 124
312 113
312 117
312 88
312 118
312 122
312 124
313 113
313 117
313 118
313 123
313 124
314 117
314 118
314 123
314 124
315 118
315 123
315 124
316 118
316 123
316 124
317 119
317 124
318 119
318 124
319 119
319 124
320 124
321 124
