1 71
1 130
1 168
1 68
1 81
1 136
2 140
2 102
2 87
2 93
2 42
2 31
3 51
3 53
3 85
3 99
3 45
3 71
4 102
4 79
4 125
4 12
4 43
4 68
5 102
5 114
5 153
5 139
5 53
5 106
6 59
6 40
6 23
6 41
6 68
6 51
7 90
7 28
7 42
7 56
7 78
7 102
8 106
8 108
8 148
8 35
8 103
8 92
9 47
9 141
9 37
9 93
9 109
9 51
10 13
10 154
10 32
10 127
10 3
10 160
11 167
11 5
11 148
11 162
11 124
11 158
12 12
12 89
12 18
12 111
12 139
12 125
13 104
13 63
13 141
13 117
13 80
13 44
14 96
14 58
14 126
14 34
14 28
14 98
15 135
15 107
15 2
15 33
15 30
15 146
16 104
16 6
16 76
16 92
16 113
16 48
17 87
17 29
17 43
17 66
17 67
17 72
18 140
18 155
18 136
18 144
18 12
18 149
19 126
19 1
19 145
19 127
19 121
19 157
20 79
20 123
20 28
20 65
20 5
20 98
21 150
21 10
21 55
21 57
21 82
21 5
22 165
22 107
22 24
22 121
22 163
22 51
23 145
23 114
23 105
23 9
23 75
23 89
24 31
24 120
24 83
24 27
24 48
24 116
25 147
25 122
25 151
25 89
25 153
25 61
26 6
26 34
26 9
26 158
26 22
26 75
27 118
27 24
27 160
27 64
27 18
27 138
28 80
28 165
28 23
28 83
28 154
28 27
29 74
29 157
29 112
29 160
29 70
29 65
30 166
30 39
30 74
30 72
30 69
30 22
31 25
31 103
31 120
31 6
31 85
31 110
32 131
32 55
32 16
32 10
32 129
32 147
33 114
33 25
33 159
33 39
33 129
33 121
34 87
34 115
34 31
34 158
34 154
34 26
35 99
35 70
35 156
35 120
35 48
35 45
36 61
36 34
36 166
36 168
36 85
36 154
37 102
37 14
37 3
37 122
37 16
37 83
38 122
38 35
38 52
38 74
38 22
38 18
39 138
39 13
39 79
39 105
39 49
39 159
40 8
40 61
40 98
40 59
40 32
40 21
41 43
41 85
41 122
41 32
41 8
41 4
42 102
42 2
42 112
42 162
42 13
42 42
43 35
43 37
43 22
43 85
43 10
43 152
44 56
44 35
44 95
44 37
44 70
44 19
45 26
45 11
45 86
45 120
45 63
45 138
46 120
46 85
46 118
46 36
46 89
46 2
47 115
47 152
47 107
47 40
47 88
47 119
48 13
48 160
48 80
48 148
48 74
48 88
49 145
49 141
49 59
49 99
49 93
49 27
50 75
50 129
50 31
50 0
50 105
50 100
51 160
51 36
51 21
51 123
51 56
51 42
52 146
52 119
52 95
52 136
52 50
52 133
53 140
53 13
53 154
53 11
53 125
53 134
54 105
54 44
54 164
54 144
54 39
54 52
55 103
55 50
55 122
55 97
55 11
55 61
56 115
56 106
56 73
56 18
56 125
56 9
57 66
57 11
57 60
57 56
57 14
57 30
58 57
58 11
58 75
58 53
58 54
58 72
59 29
59 136
59 95
59 134
59 81
59 157
60 140
60 71
60 124
60 62
60 50
60 58
61 50
61 16
61 110
61 22
61 28
61 52
62 38
62 62
62 100
62 143
62 130
62 167
63 97
63 36
63 30
63 119
63 117
63 46
64 94
64 59
64 97
64 108
64 125
64 51
65 100
65 27
65 52
65 29
65 72
65 93
66 18
66 67
66 8
66 119
66 154
66 163
67 159
67 147
67 57
67 155
67 44
67 92
68 64
68 58
68 41
68 83
68 159
68 160
69 149
69 61
69 141
69 2
69 122
69 164
70 129
70 137
70 27
70 28
70 6
70 64
71 157
71 79
71 134
71 57
71 1
71 110
72 160
72 83
72 162
72 6
72 138
72 117
73 28
73 138
73 148
73 36
73 50
73 14
74 19
74 93
74 23
74 101
74 21
74 164
75 165
75 71
75 7
75 122
75 38
75 140
76 134
76 137
76 132
76 30
76 110
76 69
77 56
77 116
77 97
77 142
77 164
77 32
78 46
78 162
78 49
78 17
78 80
78 131
79 99
79 148
79 70
79 29
79 78
79 50
80 147
80 127
80 168
80 149
80 40
80 120
81 101
81 103
81 126
81 14
81 155
81 22
82 119
82 124
82 127
82 126
82 58
82 89
83 58
83 38
83 60
83 106
83 40
83 122
84 115
84 51
84 168
84 29
84 159
84 21
85 37
85 148
85 150
85 167
85 131
85 125
86 151
86 100
86 67
86 28
86 167
86 30
87 15
87 13
87 6
87 133
87 25
87 51
88 161
88 70
88 19
88 141
88 73
88 18
89 36
89 82
89 122
89 124
89 16
89 106
90 130
90 122
90 100
90 113
90 4
90 97
91 108
91 110
91 107
91 133
91 111
91 157
92 142
92 134
92 99
92 51
92 21
92 73
93 6
93 18
93 137
93 133
93 65
93 105
94 29
94 79
94 122
94 15
94 124
94 6
95 126
95 144
95 107
95 81
95 133
95 16
96 11
96 137
96 62
96 36
96 119
96 42
97 101
97 43
97 114
97 88
97 128
97 147
98 120
98 136
98 108
98 140
98 13
98 0
99 155
99 127
99 37
99 56
99 38
99 113
100 110
100 77
100 143
100 87
100 136
100 131
101 129
101 18
101 48
101 36
101 120
101 4
102 164
102 60
102 129
102 108
102 126
102 88
103 143
103 86
103 157
103 142
103 102
103 127
104 31
104 108
104 56
104 161
104 111
104 110
105 75
105 98
105 167
105 83
105 17
105 147
106 24
106 72
106 73
106 77
106 108
106 28
107 29
107 6
107 4
107 8
107 64
107 99
108 64
108 147
108 157
108 109
108 60
108 159
109 124
109 164
109 81
109 22
109 24
109 49
110 137
110 64
110 100
110 28
110 130
110 66
111 61
111 69
111 147
111 158
111 47
111 162
112 12
112 9
112 103
112 67
112 3
112 48
113 37
113 88
113 16
113 134
113 24
113 139
114 24
114 41
114 28
114 37
114 151
114 19
115 63
115 91
115 105
115 138
115 122
115 97
116 9
116 15
116 108
116 2
116 70
116 147
117 43
117 93
117 70
117 79
117 78
117 135
118 147
118 131
118 16
118 4
118 77
118 67
119 36
119 123
119 24
119 155
119 40
119 41
120 111
120 84
120 167
120 98
120 151
120 12
121 53
121 58
121 105
121 107
121 29
121 157
122 130
122 1
122 42
122 76
122 133
122 167
123 84
123 138
123 155
123 130
123 131
123 19
124 148
124 42
124 28
124 124
124 98
124 37
125 7
125 139
125 37
125 25
125 148
125 28
126 56
126 78
126 7
126 45
126 158
126 93
127 140
127 124
127 44
127 42
127 46
127 54
128 11
128 24
128 40
128 93
128 138
128 155
129 101
129 87
129 155
129 102
129 31
129 95
130 24
130 168
130 29
130 109
130 65
130 148
131 29
131 52
131 167
131 157
131 0
131 120
132 85
132 127
132 137
132 167
132 82
132 7
133 133
133 7
133 48
133 61
133 4
133 142
134 0
134 97
134 95
134 150
134 91
134 123
135 78
135 159
135 3
135 40
135 90
135 68
136 56
136 130
136 48
136 162
136 0
136 134
137 24
137 77
137 40
137 29
137 126
137 123
138 114
138 120
138 73
138 62
138 11
138 97
139 74
139 51
139 158
139 60
139 30
139 122
140 43
140 133
140 19
140 47
140 49
140 36
141 0
141 67
141 89
141 122
141 6
141 3
142 125
142 99
142 112
142 30
142 165
142 69
143 37
143 112
143 76
143 157
143 25
143 120
144 16
144 30
144 114
144 109
144 59
144 24
145 110
145 155
145 161
145 21
145 22
145 133
146 142
146 86
146 130
146 54
146 159
146 106
147 133
147 83
147 30
147 158
147 64
147 97
148 30
148 43
148 70
148 76
148 95
148 107
149 148
149 36
149 24
149 45
149 31
149 6
150 40
150 161
150 56
150 167
150 87
150 20
151 87
151 102
151 158
151 42
151 80
151 95
152 65
152 50
152 62
152 46
152 9
152 58
153 158
153 45
153 74
153 124
153 163
153 76
154 95
154 86
154 21
154 158
154 78
154 102
155 102
155 97
155 57
155 78
155 60
155 139
156 41
156 49
156 98
156 71
156 63
156 11
157 93
157 50
157 64
157 162
157 72
157 105
158 133
158 90
158 103
158 37
158 123
158 11
159 161
159 167
159 53
159 148
159 98
159 9
160 108
160 158
160 164
160 105
160 11
160 159
161 51
161 101
161 111
161 103
161 65
161 133
162 17
162 109
162 13
162 141
162 54
162 135
163 37
163 3
163 21
163 1
163 126
163 109
164 127
164 130
164 168
164 123
164 133
164 43
165 159
165 50
165 123
165 21
165 73
165 41
166 51
166 44
166 109
166 111
166 25
166 158
167 120
167 19
167 95
167 110
167 161
167 74
168 19
168 61
168 109
168 167
168 74
168 123
169 87
169 63
169 11
169 41
169 40
169 60
170 82
170 61
170 161
170 163
170 12
170 148
171 6
171 97
171 17
171 124
171 90
171 3
172 90
172 116
172 162
172 163
172 93
172 44
173 148
173 4
173 52
173 117
173 137
173 97
174 61
174 44
174 66
174 43
174 84
174 17
175 139
175 109
175 31
175 72
175 120
175 123
176 90
176 134
176 24
176 142
176 36
176 51
177 109
177 163
177 73
177 131
177 51
177 167
178 106
178 19
178 57
178 32
178 62
178 40
179 82
179 65
179 148
179 37
179 150
179 19
180 148
180 32
180 56
180 44
180 133
180 139
181 148
181 163
181 91
181 19
181 115
181 45
182 141
182 76
182 163
182 8
182 167
182 127
183 141
183 133
183 72
183 0
183 69
183 77
184 120
184 69
184 6
184 19
184 131
184 130
185 37
185 38
185 82
185 7
185 163
185 61
186 4
186 150
186 167
186 138
186 56
186 82
187 90
187 17
187 163
187 93
187 19
187 120
188 19
188 37
188 75
188 52
188 93
188 148
189 44
189 167
189 64
189 99
189 9
189 54
190 51
190 11
190 150
190 13
190 64
190 68
191 114
191 167
191 149
191 135
191 0
191 43
192 82
192 79
192 106
192 133
192 32
192 167
193 168
193 130
193 32
193 43
193 120
193 67
194 168
194 6
194 32
194 70
194 72
194 97
195 79
195 74
195 120
195 86
195 76
195 90
196 123
196 13
196 137
196 103
196 168
196 32
197 54
197 7
197 60
197 38
197 149
197 70
198 106
198 7
198 168
198 76
198 51
198 142
199 24
199 56
199 109
199 25
199 120
199 168
200 61
200 130
200 97
200 32
200 47
200 70
201 22
201 130
201 136
201 67
201 44
201 168
202 47
202 13
202 78
202 24
202 0
202 149
203 52
203 61
203 123
203 114
203 0
203 37
204 15
204 131
204 139
204 134
204 149
204 7
205 123
205 134
205 0
205 56
205 109
205 120
206 102
206 63
206 113
206 76
206 91
206 32
207 7
207 0
207 54
207 16
207 114
207 134
208 7
208 37
208 150
208 44
208 56
208 97
209 106
209 7
209 46
209 123
209 88
209 76
210 137
210 82
210 80
210 97
210 135
210 51
211 142
211 52
211 137
211 149
211 0
211 82
212 112
212 7
212 63
212 0
212 69
212 123
213 16
213 44
213 54
213 32
213 149
213 123
214 21
214 1
214 15
214 137
214 100
214 16
215 134
215 109
215 1
215 149
215 7
215 114
216 106
216 88
216 32
216 42
216 37
216 139
217 1
217 32
217 37
217 134
217 38
217 136
218 40
218 56
218 97
218 109
218 32
218 86
219 97
219 71
219 15
219 40
219 80
219 99
220 57
220 40
220 93
220 54
220 7
220 9
221 73
221 98
221 77
221 1
221 102
221 60
222 1
222 105
222 56
222 32
222 113
222 7
223 60
223 109
223 32
223 134
223 40
223 70
224 149
224 47
224 11
224 1
224 84
224 103
225 1
225 136
225 142
225 7
225 68
225 110
226 49
226 8
226 112
226 134
226 73
226 149
227 7
227 116
227 45
227 75
227 63
227 140
228 131
228 112
228 19
228 116
228 69
228 8
229 15
229 52
229 8
229 9
229 11
229 16
230 49
230 8
230 60
230 24
230 149
230 9
231 139
231 100
231 149
231 114
231 40
231 48
232 8
232 11
232 20
232 71
232 123
232 16
233 149
233 20
233 8
233 123
233 150
233 40
234 103
234 131
234 8
234 67
234 40
234 63
235 123
235 134
235 97
235 40
235 82
235 41
236 63
236 8
236 54
236 11
236 16
236 77
237 131
237 46
237 56
237 57
237 8
237 40
238 90
238 150
238 124
238 41
238 25
238 8
239 47
239 97
239 67
239 8
239 134
239 11
240 149
240 86
240 115
240 150
240 134
240 56
241 46
241 98
241 135
241 83
241 101
241 149
242 25
242 20
242 76
242 112
242 41
242 16
243 135
243 41
243 124
243 11
243 149
243 98
244 69
244 16
244 98
244 131
244 20
244 79
245 142
245 17
245 125
245 57
245 41
245 136
246 20
246 60
246 90
246 41
246 22
246 25
247 113
247 74
247 76
247 63
247 115
247 41
248 93
248 141
248 41
248 90
248 52
248 80
249 42
249 20
249 63
249 82
249 112
249 22
250 20
250 105
250 90
250 43
250 131
250 124
251 43
251 20
251 44
251 57
251 112
251 22
252 68
252 150
252 20
252 98
252 44
252 60
253 20
253 98
253 86
253 22
253 93
253 44
254 65
254 150
254 45
254 82
254 136
254 20
255 65
255 63
255 88
255 136
255 67
255 49
256 45
256 20
256 131
256 124
256 86
256 112
257 45
257 47
257 20
257 22
257 58
257 25
258 75
258 45
258 140
258 47
258 112
258 20
259 73
259 67
259 112
259 45
259 47
259 116
260 20
260 22
260 45
260 90
260 25
260 98
261 136
261 21
261 68
261 105
261 126
261 91
262 25
262 48
262 124
262 139
262 150
262 45
263 45
263 20
263 47
263 58
263 102
263 150
264 45
264 73
264 112
264 75
264 67
264 21
265 21
265 150
265 45
265 136
265 124
265 67
266 21
266 25
266 114
266 22
266 45
266 47
267 100
267 22
267 98
267 25
267 58
267 52
268 22
268 46
268 88
268 52
268 58
268 115
269 46
269 47
269 131
269 48
269 52
269 58
270 47
270 48
270 78
270 112
270 52
270 131
271 82
271 47
271 113
271 115
271 124
271 52
272 124
272 47
272 73
272 150
272 69
272 71
273 112
273 47
273 58
273 150
273 142
273 131
274 47
274 71
274 48
274 58
274 150
274 60
275 67
275 150
275 48
275 86
275 58
275 60
276 125
276 150
276 112
276 48
276 58
276 99
277 131
277 48
277 58
277 102
277 60
277 105
278 48
278 58
278 64
278 60
278 136
278 67
279 58
279 60
279 64
279 67
279 69
279 70
280 58
280 98
280 64
280 67
280 69
280 125
281 82
281 65
281 67
281 99
281 101
281 112
282 113
282 65
282 67
282 125
282 69
282 70
283 65
283 68
283 70
283 73
283 75
283 76
284 136
284 65
284 68
284 70
284 73
284 75
285 65
285 125
285 68
285 136
285 71
285 74
286 65
286 71
286 93
286 113
286 125
286 136
287 65
287 105
287 113
287 99
287 101
287 68
288 65
288 93
288 86
288 68
288 126
288 71
289 65
289 68
289 136
289 71
289 74
289 76
290 65
290 69
290 71
290 77
290 87
290 74
291 69
291 71
291 74
291 83
291 126
291 77
292 99
292 126
292 71
292 113
292 87
292 74
293 126
293 83
293 138
293 74
293 113
293 71
294 138
294 99
294 87
294 140
294 71
294 80
295 138
295 71
295 74
295 101
295 83
295 102
296 71
296 74
296 77
296 80
296 83
296 101
297 101
297 74
297 113
297 115
297 126
297 139
298 140
298 101
298 74
298 77
298 83
298 87
299 77
299 83
299 101
299 102
299 87
299 113
300 77
300 83
300 113
300 87
300 101
300 102
301 101
301 114
301 77
301 83
301 87
301 103
302 83
302 77
302 87
302 103
302 114
302 115
303 77
303 83
303 87
303 114
303 103
303 115
304 78
304 87
304 114
304 115
305 78
305 114
305 88
305 115
306 78
306 88
306 115
307 78
307 88
307 115
308 78
308 88
308 115
309 78
309 88
309 115
310 78
310 88
310 115
311 78
311 88
311 116
312 78
312 88
312 116
313 78
313 88
