Period 0:
Room No. 0 :0200;0469;0419;0480;0463;0337;0495;0234;0346;0091;0228;0516;0457;0470;0286;0533;0318;0475;0197;0538;0450;0171;0146;0248;0060;0388;0112;0484;0406;0025;0202;0496;0408;0009;0069;0028;0254;0163;0417;0328;0447;0482;0395;0017;0461;0066;0233;0325;0448;0373;
Period 1:
Room No. 0 :0127;0474;0518;0130;0519;0424;0368;0271;0119;
Period 2:
Room No. 0 :0296;0520;0427;0445;0509;0063;0265;0459;0473;0084;0350;0250;0196;0195;0213;0225;0396;0481;0221;0259;0414;0490;0170;0354;0348;0144;0468;0327;0252;0022;0253;0541;0089;0247;0309;0109;0370;0137;0026;
Period 3:
Room No. 0 :0307;0527;0330;0501;0511;0226;0539;0401;0212;0240;0471;0279;0438;0349;0232;0393;0465;0030;0191;0410;0416;0536;0210;0211;0120;
Period 4:
Room No. 0 :0412;0020;0169;0029;0497;0158;0031;0102;0035;0088;0124;
Period 5:
Room No. 0 :0524;0011;0300;0441;0512;0184;0223;0145;0507;0543;0324;0472;0378;0421;0407;0209;0235;0517;0143;0162;0249;0442;0193;0032;0372;
Period 6:
Room No. 0 :0521;0122;0186;0528;0002;0492;0199;0157;0358;0394;0229;0266;0542;0024;0118;0074;0436;0080;0008;0478;0537;0038;0053;0494;0052;0415;0072;0165;
Period 7:
Room No. 0 :0092;0150;0377;0385;
Period 8:
Room No. 0 :0086;0303;0418;0367;0339;0458;0310;0201;0005;0281;0308;0062;0525;0479;0214;0161;0446;0079;0068;0464;0057;0486;0508;
Period 9:
Room No. 0 :0422;0530;0050;0444;0180;0073;0277;0215;0476;0110;0515;0246;0466;0535;0462;0493;0320;0113;0347;0409;
Period 10:
Room No. 0 :0014;0241;0304;0125;
Period 11:
Room No. 0 :0094;0019;0230;0263;0363;0264;0453;0274;0440;0491;0160;0420;0251;0514;0510;0451;0082;0075;0390;
Period 12:
Room No. 0 :0096;0015;0117;0040;0334;0206;0203;0405;0336;0140;0322;0326;0231;0488;0483;0391;0224;0056;0540;0499;0437;0010;0129;0208;
Period 13:
Room No. 0 :0380;0288;0081;
Period 14:
Room No. 0 :0153;0107;0369;0319;0179;0218;0411;0404;0352;0280;0064;0435;0489;0449;0181;0076;0287;0243;0402;0506;0335;
Period 15:
Room No. 0 :0331;0332;0329;0006;0085;0132;0070;0351;0389;0065;0189;0278;0183;
Period 16:
Room No. 0 :0376;0192;0293;0361;0315;0172;0087;0344;0523;0007;0121;0477;0061;0431;0159;
Period 17:
Room No. 0 :0173;0174;0242;0128;
Period 18:
Room No. 0 :0237;0034;0432;0055;0167;0365;0108;0141;0126;0187;0316;0504;0043;
Period 19:
Room No. 0 :0104;0013;0400;0362;0502;0185;0399;0284;0314;0403;0392;0487;0513;0379;0443;0397;
Period 20:
Room No. 0 :0178;0097;0049;
Period 21:
Room No. 0 :0071;0338;0425;0295;0294;0142;0375;0220;0534;
Period 22:
Room No. 0 :0001;0312;0423;0261;0147;0341;0115;0090;0460;0222;0021;0077;0485;0439;0282;0531;0433;
Period 23:
Room No. 0 :0273;0148;0306;
Period 24:
Room No. 0 :0205;0105;0305;0152;0522;0041;0198;0166;0244;0042;0116;0371;0219;
Period 25:
Room No. 0 :0272;0302;0452;0012;0175;0386;0455;0454;0345;0276;0016;
Period 26:
Room No. 0 :0093;0136;0270;
Period 27:
Room No. 0 :0207;0045;0398;0046;0058;0498;0374;0333;0239;0023;0283;0227;0387;0044;0048;0039;
Period 28:
Room No. 0 :0103;0355;0217;0262;0503;0364;0037;0429;0188;0168;0138;0131;0342;
Period 29:
Room No. 0 :0384;0100;0467;
Period 30:
Room No. 0 :0382;0257;0151;0428;0177;0267;0155;0054;0027;0505;0359;
Period 31:
Room No. 0 :0297;0164;0149;0095;0529;0269;0114;0047;0413;0426;0434;0051;
Period 32:
Room No. 0 :0256;0135;0301;0036;0018;0343;0321;0004;0083;
Period 33:
Room No. 0 :0268;0289;0299;
Period 34:
Room No. 0 :0204;0317;0360;0323;0532;0194;0275;
Period 35:
Room No. 0 :0381;0340;0123;0500;0003;0182;0366;0245;0383;0176;0154;
Period 36:
Room No. 0 :0292;0099;0098;0526;
Period 37:
Room No. 0 :0353;0238;0190;0101;0078;0357;0311;0033;0139;0067;
Period 38:
Room No. 0 :0298;0106;0285;0430;0313;0111;0216;0059;0255;
Period 39:
Room No. 0 :0291;0290;
