Period 0:
Room No. 0 :0387;0249;0044;0518;0506;0203;0512;0283;0043;0253;0116;0046;0414;0022;0080;0009;0378;0536;0497;0055;0348;0248;0298;0474;0128;0081;0487;0461;0088;0066;0439;0235;0328;0091;0450;0195;0519;0541;0496;0410;0416;0239;0209;0052;
Period 1:
Room No. 0 :0266;0517;0127;0163;0174;0238;
Period 2:
Room No. 0 :0396;0425;0149;0189;0231;0505;0142;0111;0295;0007;0167;0395;0320;0444;0365;0202;0494;0287;0463;0225;0038;0061;0411;0166;0379;0254;0417;0280;0129;0354;0197;0437;0327;0233;0042;0447;0047;0466;0351;
Period 3:
Room No. 0 :0430;0385;0469;0207;0509;0067;0208;0468;0032;0143;0082;0031;0152;0065;0224;0445;0281;0158;0530;0232;0464;0493;0371;0516;0025;0318;0034;0029;0333;0030;0026;
Period 4:
Room No. 0 :0415;0495;0161;0475;0130;0380;
Period 5:
Room No. 0 :0164;0392;0405;0050;0462;0539;0467;0507;0210;0037;0340;0511;0222;0357;0413;0200;0168;0483;0449;0309;0279;0458;0099;0221;0471;0020;0010;0341;0234;0400;0490;0039;
Period 6:
Room No. 0 :0259;0312;0256;0448;0115;0017;0190;0515;0005;0480;0068;0191;0388;0409;0344;0533;0251;0286;0171;0473;0482;0343;
Period 7:
Room No. 0 :0237;
Period 8:
Room No. 0 :0071;0420;0460;0313;0141;0186;0453;0085;0436;0196;0484;0296;0508;0144;0162;0489;0326;0393;0027;0451;0170;0325;0252;
Period 9:
Room No. 0 :0383;0185;0513;0319;0360;0056;0524;0352;0488;0282;0002;0442;0024;0153;0412;0247;0435;0481;0407;0228;0169;0220;0075;0074;0264;0109;
Period 10:
Room No. 0 :0376;
Period 11:
Room No. 0 :0368;0271;0321;0214;0406;0510;0199;0006;0491;0347;0019;0399;0250;0310;0314;0403;0401;0534;0112;0229;0446;0057;0305;
Period 12:
Room No. 0 :0304;0441;0137;0092;0389;0349;0187;0500;0053;0486;0218;0477;0076;0064;0542;0078;0278;0084;0159;0457;0522;0246;0262;
Period 13:
Room No. 0 :0355;0303;0103;
Period 14:
Room No. 0 :0035;0240;0364;0438;0342;0131;0083;0275;0193;0139;0476;0391;0308;0121;0525;0531;0063;0008;0485;0472;0227;0514;0479;0402;0459;0535;
Period 15:
Room No. 0 :0242;0015;0288;0269;0338;0434;0367;0532;0201;0138;0219;0478;0096;0317;0346;0089;0311;0040;0394;0079;
Period 16:
Room No. 0 :0384;0108;0300;0155;0086;0345;0335;0537;0175;0180;0054;0431;0051;0069;0427;0443;0540;0470;0424;0408;0160;0543;
Period 17:
Room No. 0 :0521;
Period 18:
Room No. 0 :0293;0001;0261;0307;0107;0172;0192;0021;0077;0087;0372;0147;0538;0492;0429;0036;0284;
Period 19:
Room No. 0 :0117;0097;0206;0003;0358;0058;0230;0498;0404;0157;0316;0126;0527;0072;0090;
Period 20:
Room No. 0 :0423;0337;
Period 21:
Room No. 0 :0329;0332;0331;0132;0350;0374;0504;0113;0062;0226;0245;
Period 22:
Room No. 0 :0382;0265;0073;0004;0263;0390;0183;0182;0176;0145;0023;0223;0499;0151;
Period 23:
Room No. 0 :0045;0336;0294;0012;
Period 24:
Room No. 0 :0419;0369;0268;0426;0134;0501;0198;0440;0070;0277;0243;
Period 25:
Room No. 0 :0156;0422;0370;0324;0428;0276;0418;0181;0339;0503;0041;
Period 26:
Room No. 0 :0098;0356;
Period 27:
Room No. 0 :0049;0136;0216;0520;0526;0272;0455;0267;0213;0529;0421;
Period 28:
Room No. 0 :0290;0302;0101;0398;0270;0016;0194;0033;
Period 29:
Room No. 0 :0241;0353;
Period 30:
Room No. 0 :0104;0363;0123;0323;0381;0059;0362;0502;0285;0179;0177;0140;0465;0184;
Period 31:
Room No. 0 :0258;0366;0255;0257;0377;0260;0215;0454;0334;0014;0114;0154;
Period 32:
Room No. 0 :0095;0173;0315;0244;0322;0018;0188;0048;0373;0273;
Period 33:
Room No. 0 :0306;0125;0118;
Period 34:
Room No. 0 :0236;0432;0150;0375;0274;0433;0211;0124;0301;
Period 35:
Room No. 0 :0330;0100;0148;0361;0523;0060;0165;0217;
Period 36:
Room No. 0 :0297;0102;0093;
Period 37:
Room No. 0 :0205;0094;0528;0212;0120;0397;0105;
Period 38:
Room No. 0 :0299;0110;0119;0028;0146;0013;
Period 39:
Room No. 0 :0452;0106;0122;0386;0359;0178;
