Period 0:
Room No. 0 :0180;0463;0117;0359;0327;0098;0473;0384;0232;0492;0389;0465;0315;0171;0229;0431;0138;0512;0410;0415;0034;0025;0517;0474;0494;0129;0518;0253;0450;0062;0161;0166;0277;0244;0373;0333;0160;
Period 1:
Room No. 0 :0519;0507;0202;0173;0456;0027;
Period 2:
Room No. 0 :0135;0030;0496;0374;0357;0475;0495;0024;0442;0170;0009;0247;0266;0012;0282;0493;0021;0252;0224;0538;0511;0391;0416;0069;0234;0195;0159;0079;0394;0469;0328;0064;0461;0233;0320;0220;0254;0127;0033;0028;0091;
Period 3:
Room No. 0 :0199;0430;0386;0310;0488;0208;0103;0075;0516;0228;0471;0013;0154;0082;0274;0248;0360;0497;0466;0014;0142;0446;0010;0388;0022;0162;0068;0483;0169;0139;0535;0181;0074;0147;0444;0066;0130;0163;0286;0530;0088;0408;0235;0076;0464;
Period 4:
Room No. 0 :0120;0035;0341;
Period 5:
Room No. 0 :0454;0452;0318;0191;0255;0533;0212;0019;0303;0453;0462;0070;0514;0006;0060;0489;0083;0506;0113;0211;0437;0309;0227;0203;0251;0278;
Period 6:
Room No. 0 :0422;0418;0358;0196;0052;0231;0505;0217;0157;0099;0490;0379;0326;0451;0540;0281;0409;0478;0246;0433;0020;0067;0344;0322;
Period 7:
Room No. 0 :0055;0119;0368;0362;0080;
Period 8:
Room No. 0 :0404;0399;0263;0500;0186;0112;0525;0223;0380;0477;0468;0435;0126;0417;0486;0448;0264;0314;0026;
Period 9:
Room No. 0 :0382;0405;0151;0390;0257;0543;0280;0002;0509;0271;0429;0414;0167;0008;0225;0472;0054;0023;0221;0065;0447;0213;
Period 10:
Room No. 0 :0365;0128;0097;0261;
Period 11:
Room No. 0 :0101;0242;0042;0153;0316;0184;0396;0510;0007;0481;0402;0017;0485;0085;0275;0146;0249;0061;0441;0542;0482;0351;0395;0325;0298;
Period 12:
Room No. 0 :0312;0106;0290;0189;0269;0335;0484;0115;0378;0457;0063;0125;0372;0407;0240;0470;0479;0412;0515;
Period 13:
Room No. 0 :0174;0376;0499;
Period 14:
Room No. 0 :0304;0001;0285;0209;0375;0057;0528;0491;0541;0393;0158;0111;0523;0406;0287;0226;0187;0137;0350;0081;0250;
Period 15:
Room No. 0 :0432;0370;0521;0037;0108;0109;0084;0198;0504;0038;0140;0539;0439;0200;0090;0210;0345;0354;0480;0072;0222;0177;
Period 16:
Room No. 0 :0302;0086;0301;0321;0460;0361;0116;0426;0188;0243;0440;0476;0443;0276;0089;0420;
Period 17:
Room No. 0 :0265;0152;0093;
Period 18:
Room No. 0 :0136;0018;0371;0363;0288;0529;0434;0118;0216;0421;0339;0413;0531;0424;0458;0145;0201;
Period 19:
Room No. 0 :0307;0329;0259;0296;0526;0132;0214;0536;0104;0403;0193;0537;0392;0487;
Period 20:
Room No. 0 :0049;0092;
Period 21:
Room No. 0 :0299;0100;0355;0411;0262;0185;0148;0342;0534;0197;0143;0508;0445;
Period 22:
Room No. 0 :0071;0295;0381;0178;0179;0449;0190;0352;0077;
Period 23:
Room No. 0 :0205;0156;0520;
Period 24:
Room No. 0 :0087;0239;0293;0207;0004;0094;0044;0427;0334;0294;0047;0397;0144;
Period 25:
Room No. 0 :0385;0369;0095;0319;0192;0273;0498;0031;0338;0401;0056;0349;0436;0053;0105;0048;0367;
Period 26:
Room No. 0 :0149;0377;0206;0356;
Period 27:
Room No. 0 :0204;0215;0317;0311;0194;0337;0346;
Period 28:
Room No. 0 :0073;0050;0230;0110;0383;0467;0348;0279;0459;0513;0522;0532;
Period 29:
Room No. 0 :0236;0313;
Period 30:
Room No. 0 :0003;0133;0245;0340;0300;0502;0078;0124;0150;0455;0182;0134;
Period 31:
Room No. 0 :0291;0324;0284;0323;0219;0059;
Period 32:
Room No. 0 :0237;0039;0172;0387;0267;0114;0043;0438;0283;0527;0343;0005;
Period 33:
Room No. 0 :0102;0503;0046;0366;0292;0041;
Period 34:
Room No. 0 :0258;0272;0400;0218;0175;0155;0131;0398;0336;
Period 35:
Room No. 0 :0011;0524;0165;0270;0347;0058;0176;0168;0183;0036;0032;
Period 36:
Room No. 0 :0164;0297;0107;
Period 37:
Room No. 0 :0096;0268;0423;0040;0016;0308;0051;0428;0015;0121;
Period 38:
Room No. 0 :0332;0331;0330;0425;0141;
Period 39:
Room No. 0 :0122;0419;0364;0029;0501;0305;
