Period 0:
Room No. 0 :0315;0123;0470;0163;0066;0371;0511;0232;0458;0020;0129;0145;0484;0253;0464;0202;0541;0247;0519;0475;0405;0231;0415;0420;0320;0328;0473;0053;0067;0435;0495;0447;0113;0252;0518;0004;0507;0490;0450;0127;0266;0120;0351;0026;
Period 1:
Room No. 0 :0091;0088;0287;0144;0407;0496;0299;0418;
Period 2:
Room No. 0 :0230;0289;0161;0264;0058;0375;0486;0437;0025;0417;0254;0327;0471;0168;0142;0457;0235;0479;0451;0248;0462;0169;0111;0079;0309;0354;0539;0525;0040;0453;0021;0110;0128;
Period 3:
Room No. 0 :0187;0357;0378;0124;0075;0103;0065;0238;0027;0225;0063;0037;0032;0084;0481;0130;0416;0461;0198;0411;0348;0010;0171;0469;0022;0233;0410;0042;0003;0414;
Period 4:
Room No. 0 :0494;0135;0034;
Period 5:
Room No. 0 :0423;0096;0270;0370;0293;0085;0166;0158;0323;0448;0234;0220;0243;0229;0286;0170;0069;0442;0345;0276;0398;0412;0480;0048;
Period 6:
Room No. 0 :0236;0196;0218;0006;0191;0114;0311;0139;0512;0338;0492;0413;0505;0523;0081;0379;0517;0213;0459;0074;0275;0352;0062;0221;0493;0080;
Period 7:
Room No. 0 :0204;0325;0465;
Period 8:
Room No. 0 :0207;0240;0363;0137;0167;0513;0282;0031;0203;0394;0487;0472;0195;0316;0009;0436;0391;0201;0159;0224;0064;0497;
Period 9:
Room No. 0 :0133;0186;0216;0109;0389;0054;0429;0157;0094;0483;0336;0141;0250;0531;0228;0445;0468;0008;0444;0474;
Period 10:
Room No. 0 :0237;0326;0335;0386;
Period 11:
Room No. 0 :0242;0045;0179;0183;0272;0083;0182;0313;0189;0383;0115;0019;0177;0449;0477;0249;0538;0072;0409;0176;0033;0002;
Period 12:
Room No. 0 :0259;0258;0261;0190;0307;0341;0440;0510;0061;0280;0023;0526;0408;0395;0543;0542;0346;0131;0482;0372;0535;0446;0255;
Period 13:
Room No. 0 :0257;0256;0260;0121;
Period 14:
Room No. 0 :0267;0353;0283;0005;0425;0426;0016;0516;0151;0343;0396;0489;0533;0476;0226;0251;0310;0443;0068;0439;0162;0424;
Period 15:
Room No. 0 :0302;0012;0116;0174;0262;0039;0499;0175;0060;0431;0455;0321;0277;0090;0460;0540;0246;0485;0188;0181;
Period 16:
Room No. 0 :0384;0285;0146;0362;0104;0185;0434;0197;0314;0007;0530;0056;0082;0017;0466;0388;0463;0478;0279;0089;0402;
Period 17:
Room No. 0 :0164;
Period 18:
Room No. 0 :0106;0122;0126;0087;0358;0172;0380;0430;0504;0192;0491;0536;0138;0359;
Period 19:
Room No. 0 :0369;0093;0377;0301;0105;0215;0367;0055;0193;0537;0278;0143;0438;0488;0534;0339;0047;0152;
Period 20:
Room No. 0 :0132;0422;0356;0308;
Period 21:
Room No. 0 :0331;0332;0329;0330;0392;
Period 22:
Room No. 0 :0376;0108;0365;0295;0428;0433;0029;0501;0211;0154;0200;0044;0406;0515;
Period 23:
Room No. 0 :0319;0265;0160;0454;0245;
Period 24:
Room No. 0 :0291;0290;
Period 25:
Room No. 0 :0305;0099;0149;0173;0014;0397;0532;0244;0347;0393;0509;0028;0199;0038;0281;
Period 26:
Room No. 0 :0100;0381;0156;
Period 27:
Room No. 0 :0050;0095;0206;0502;0361;0404;0153;0070;0217;0273;0180;
Period 28:
Room No. 0 :0117;0297;0073;0015;0427;0222;0390;0208;0508;0076;0506;0421;0155;
Period 29:
Room No. 0 :0401;0382;0271;0092;
Period 30:
Room No. 0 :0101;0288;0498;0298;0527;0342;0059;0514;0403;0112;0317;0210;
Period 31:
Room No. 0 :0035;0337;0241;0284;0148;0018;0432;0467;0046;0184;0052;0318;0344;0227;0043;0373;0051;0324;0036;
Period 32:
Room No. 0 :0521;0001;0374;0268;0503;0387;0441;0350;0223;0077;0194;0333;0522;
Period 33:
Room No. 0 :0102;0456;0360;
Period 34:
Room No. 0 :0263;0452;0292;0364;0294;0296;0219;0030;0274;0078;
Period 35:
Room No. 0 :0011;0524;0147;0140;0214;0349;0165;
Period 36:
Room No. 0 :0520;0136;0385;0178;0049;
Period 37:
Room No. 0 :0150;0086;0340;0134;0107;0312;0300;0529;0041;0399;
Period 38:
Room No. 0 :0303;0239;0097;0322;0334;0024;0209;0528;0212;0269;0118;
Period 39:
Room No. 0 :0368;0013;0098;0400;0366;0500;0057;
