Period 0:
Room No. 0 :0410;0346;0355;0280;0240;0444;0515;0170;0005;0379;0311;0149;0441;0394;0463;0079;0159;0317;0248;0391;0401;0231;0517;0518;0490;0106;0202;0472;0253;0484;0235;0495;0163;0080;0412;0025;0475;0127;0474;0209;0187;0337;
Period 1:
Room No. 0 :0402;0469;0328;0450;0519;0496;0320;0342;0356;0098;
Period 2:
Room No. 0 :0104;0072;0077;0139;0215;0468;0443;0530;0447;0193;0374;0464;0511;0252;0064;0089;0130;0246;0069;0458;0525;0403;0161;0510;0232;0041;0309;0157;0479;0397;0169;0074;0334;0539;0199;0438;0022;0063;0414;0322;0483;0254;0470;0210;
Period 3:
Room No. 0 :0015;0092;0365;0183;0446;0316;0010;0480;0162;0281;0415;0249;0042;0283;0466;0457;0493;0058;0088;0020;0533;0181;0082;0234;0461;0413;0076;0200;0144;0267;0222;
Period 4:
Room No. 0 :0233;0091;0512;0327;0297;0419;
Period 5:
Room No. 0 :0099;0133;0501;0312;0150;0185;0059;0141;0516;0431;0351;0243;0489;0228;0287;0171;0021;0494;0417;0094;0462;0266;0003;0426;0134;0372;
Period 6:
Room No. 0 :0319;0018;0095;0454;0112;0147;0014;0251;0349;0081;0203;0229;0436;0273;0535;0191;0485;0062;0453;0473;0541;0478;0442;0409;0220;0325;0388;0153;0507;0538;0497;0048;0075;0465;
Period 7:
Room No. 0 :0293;0239;0423;0047;
Period 8:
Room No. 0 :0071;0338;0238;0513;0371;0352;0378;0029;0067;0201;0195;0488;0027;0451;0504;0085;0221;0121;0166;0407;0224;0066;0481;0416;0031;0052;
Period 9:
Room No. 0 :0174;0122;0364;0305;0198;0537;0385;0543;0321;0131;0399;
Period 10:
Room No. 0 :0260;0261;0256;0135;
Period 11:
Room No. 0 :0114;0366;0177;0258;0498;0255;0324;0217;0154;0400;0491;0286;0247;0259;
Period 12:
Room No. 0 :0336;0100;0113;0428;0156;0386;0213;0275;0211;0226;0035;0421;0078;0508;0445;0492;0206;0065;0406;0225;0405;0437;0395;0129;0043;
Period 13:
Room No. 0 :0376;
Period 14:
Room No. 0 :0306;0452;0214;0119;0285;0359;0505;0433;0124;0534;0448;0111;0477;0138;
Period 15:
Room No. 0 :0136;0011;0524;0270;0278;0143;0194;0460;0482;0223;0506;0007;0439;0393;0318;0061;0370;0449;0333;0326;0032;0168;0036;
Period 16:
Room No. 0 :0362;0160;0323;0101;0264;0148;0404;0277;0023;0408;0060;0250;0509;0487;0039;0531;0057;0227;0424;0068;0034;0499;
Period 17:
Room No. 0 :0207;0380;0110;
Period 18:
Room No. 0 :0331;0375;0230;0329;0117;0350;0126;0070;0459;0542;0084;0383;0006;0471;0476;
Period 19:
Room No. 0 :0303;0087;0418;0345;0432;0146;0109;0274;0090;0361;0196;0486;0086;0008;0310;0540;
Period 20:
Room No. 0 :0422;0339;0302;
Period 21:
Room No. 0 :0315;0241;0123;0284;0367;0026;0435;0151;0503;0192;
Period 22:
Room No. 0 :0299;0298;0289;0265;0290;0137;0180;0009;0158;0145;0440;
Period 23:
Room No. 0 :0244;0204;
Period 24:
Room No. 0 :0456;0271;0357;0073;0120;0308;0118;0396;0017;0033;0219;0502;0354;
Period 25:
Room No. 0 :0001;0304;0218;0411;0343;0500;0142;0019;0344;0528;0176;0279;
Period 26:
Room No. 0 :0263;0102;0093;
Period 27:
Room No. 0 :0291;0300;0189;0245;0348;0529;
Period 28:
Room No. 0 :0257;0292;0128;0182;0295;0002;0360;0268;0523;0083;0347;0522;0282;0155;0179;
Period 29:
Room No. 0 :0296;0125;0377;
Period 30:
Room No. 0 :0368;0103;0272;0313;0216;0140;0294;0024;0188;0373;0013;0212;0527;0390;
Period 31:
Room No. 0 :0012;0381;0314;0037;0167;0132;0152;0526;0016;0392;0389;0262;0051;0028;0532;0197;
Period 32:
Room No. 0 :0046;0332;0115;0425;0363;0105;0038;0004;0186;0514;
Period 33:
Room No. 0 :0382;
Period 34:
Room No. 0 :0164;0050;0340;0107;0054;0455;0341;0467;0040;0429;
Period 35:
Room No. 0 :0049;0097;0178;0165;0269;0520;0398;0536;
Period 36:
Room No. 0 :0205;0116;
Period 37:
Room No. 0 :0288;0096;0335;0242;0307;0208;0430;0053;0056;0276;0190;
Period 38:
Room No. 0 :0521;0358;0108;0044;0427;0420;0387;0055;0175;0184;
Period 39:
Room No. 0 :0237;0301;0030;0369;0172;0434;
