Period 0:
Room No. 0 :0130;0304;0435;0494;0518;0514;0288;0212;0082;0388;0221;0450;0425;0253;0478;0286;0412;0284;0234;0025;0446;0124;0024;0310;0402;0065;0211;0144;0472;0407;0163;0249;0461;
Period 1:
Room No. 0 :0170;0162;0519;0159;0127;0252;0091;0327;0320;0236;
Period 2:
Room No. 0 :0297;0505;0228;0267;0391;0280;0490;0088;0187;0442;0540;0447;0437;0044;0268;0409;0064;0235;0414;0254;0246;0465;0177;0475;0482;0394;0531;0497;0155;0176;0149;0217;
Period 3:
Room No. 0 :0527;0018;0508;0305;0336;0385;0012;0379;0347;0483;0272;0480;0516;0393;0232;0203;0181;0224;0273;0062;0415;0413;0161;0469;0022;0171;0410;0496;0512;0042;0111;
Period 4:
Room No. 0 :0493;0328;0355;0049;
Period 5:
Room No. 0 :0013;0264;0316;0536;0192;0231;0463;0444;0542;0492;0040;0265;0387;0048;0468;0245;0390;0074;0537;0440;0247;0416;0453;0038;0233;0076;0225;0169;0266;0411;0352;
Period 6:
Room No. 0 :0146;0153;0023;0408;0070;0115;0131;0430;0489;0143;0261;0216;0538;0445;0501;0199;0541;0186;0220;0466;0142;0431;0395;0282;0530;0473;0020;0464;0372;0364;0053;0424;0517;0075;
Period 7:
Room No. 0 :0279;0066;0495;0417;0073;0418;
Period 8:
Room No. 0 :0524;0340;0441;0339;0119;0485;0300;0477;0109;0061;0183;0202;0360;0357;0010;0003;0462;0145;0200;0389;0059;0341;0197;
Period 9:
Room No. 0 :0377;0334;0230;0128;0363;0125;0056;0486;0138;0515;0311;0081;0443;0114;0096;0458;0251;0535;0248;0068;0523;0479;0195;0158;0525;0287;
Period 10:
Room No. 0 :0370;0256;0259;
Period 11:
Room No. 0 :0384;0019;0108;0528;0281;0140;0313;0500;0534;0191;0491;0314;0063;0448;0150;0080;0219;0086;0522;0069;
Period 12:
Room No. 0 :0289;0302;0449;0345;0090;0290;0403;0484;0243;0120;0359;0511;0275;0016;0533;0229;0250;0089;
Period 13:
Room No. 0 :0309;0326;0102;0093;
Period 14:
Room No. 0 :0422;0031;0263;0362;0215;0045;0532;0165;0157;0378;0354;0476;0021;0017;0210;0118;0344;0543;0513;0193;
Period 15:
Room No. 0 :0258;0381;0178;0116;0201;0295;0179;0255;0323;0151;0392;0506;0190;0057;0277;0539;0457;0189;0129;0079;0474;0439;0351;
Period 16:
Room No. 0 :0456;0147;0270;0399;0460;0271;0226;0139;0324;0361;0154;0213;0077;0196;0481;0396;0436;0121;0027;0030;0451;0036;0112;
Period 17:
Room No. 0 :0333;0001;0087;
Period 18:
Room No. 0 :0204;0214;0307;0113;0198;0459;0137;
Period 19:
Room No. 0 :0331;0296;0105;0455;0047;0371;0526;0438;0055;0325;0488;0009;0276;0085;0043;
Period 20:
Room No. 0 :0386;0260;0365;
Period 21:
Room No. 0 :0099;0298;0136;0240;0427;0046;0319;0172;0194;0278;0008;0175;
Period 22:
Room No. 0 :0123;0521;0432;0148;0504;0285;0433;0405;0052;0007;
Period 23:
Room No. 0 :0356;0103;
Period 24:
Room No. 0 :0376;0293;0182;0100;0498;0218;0401;0510;0322;0006;0487;0470;0227;0315;
Period 25:
Room No. 0 :0397;0423;0002;0035;0122;0206;0507;0398;0406;0078;0471;0029;0367;0126;
Period 26:
Room No. 0 :0428;0380;0369;0104;
Period 27:
Room No. 0 :0382;0167;0092;0160;0429;0400;0152;0269;0509;0317;0015;0060;0338;0166;0421;
Period 28:
Room No. 0 :0291;0321;0180;0348;0223;0294;
Period 29:
Room No. 0 :0238;0071;
Period 30:
Room No. 0 :0011;0207;0454;0032;0141;0337;0208;0222;0346;0067;0014;
Period 31:
Room No. 0 :0332;0039;0041;0132;0184;0308;0034;0350;0244;0467;0051;0383;0374;0209;0168;0434;
Period 32:
Room No. 0 :0094;0135;0095;0342;0058;0343;0373;0084;0318;0283;0301;
Period 33:
Room No. 0 :0133;0134;
Period 34:
Room No. 0 :0117;0174;0312;0097;0239;0185;0335;0499;0072;0054;0349;0375;
Period 35:
Room No. 0 :0292;0098;0106;0502;0366;0426;0274;0026;0033;0083;0188;0005;
Period 36:
Room No. 0 :0241;0452;0353;
Period 37:
Room No. 0 :0299;0520;0110;0257;0262;0004;
Period 38:
Room No. 0 :0368;0050;0107;0529;0420;0028;0358;
Period 39:
Room No. 0 :0101;0242;0037;0303;0404;0503;
