Period 0:
Room No. 0 :0240;0416;0490;0437;0203;0540;0069;0498;0212;0472;0371;0104;0473;0171;0462;0405;0063;0309;0220;0466;0064;0400;0328;0413;0497;0163;0531;0195;0234;0127;0410;0518;0077;0021;0210;0285;0161;0344;
Period 1:
Room No. 0 :0130;0517;0388;0478;0450;0233;0253;0519;0124;0288;0306;0380;
Period 2:
Room No. 0 :0173;0188;0451;0242;0249;0225;0367;0143;0037;0541;0282;0046;0062;0375;0025;0465;0474;0464;0138;0532;0415;0080;0144;0326;0248;0170;0252;0065;0202;0493;0459;0091;0327;0507;0336;0266;0414;
Period 3:
Room No. 0 :0241;0406;0480;0401;0089;0013;0004;0475;0280;0232;0429;0538;0020;0463;0246;0287;0159;0535;0447;0394;0417;0495;0458;0484;0320;0461;0353;0339;0151;0185;
Period 4:
Room No. 0 :0496;0254;0174;0086;0134;0302;
Period 5:
Room No. 0 :0237;0511;0158;0352;0479;0186;0318;0506;0111;0196;0369;0206;0278;0250;0010;0034;0379;0022;0286;0224;0141;0247;0029;0039;
Period 6:
Room No. 0 :0150;0271;0260;0399;0217;0510;0142;0363;0313;0403;0231;0019;0187;0534;0078;0477;0470;0486;0469;0072;0070;0074;0542;0014;0235;0445;0162;0082;0176;0442;0494;0043;0038;0169;
Period 7:
Room No. 0 :0521;0108;
Period 8:
Room No. 0 :0311;0258;0226;0513;0298;0522;0213;0033;0068;0154;0269;0409;0121;0347;0199;0319;0009;0530;0489;0457;0211;0361;0390;0129;0387;0054;0398;0348;
Period 9:
Room No. 0 :0192;0205;0147;0122;0160;0425;0314;0537;0392;0440;0228;0310;0166;0407;0487;0051;0443;0471;0042;0066;
Period 10:
Room No. 0 :0011;0337;0027;
Period 11:
Room No. 0 :0423;0049;0505;0040;0201;0454;0109;0441;0275;0453;0075;0341;0512;0026;0393;0221;0251;0543;0412;0145;0030;
Period 12:
Room No. 0 :0092;0503;0230;0284;0003;0018;0312;0351;0140;0093;0024;0515;0536;0491;0243;0333;0168;0444;0079;0446;0370;
Period 13:
Room No. 0 :0012;0422;0418;0428;
Period 14:
Room No. 0 :0045;0297;0516;0152;0107;0434;0041;0047;0345;0421;0481;0157;0274;0229;0017;0084;0308;0088;
Period 15:
Room No. 0 :0356;0355;0182;0227;0315;0385;0100;0358;0376;0200;
Period 16:
Room No. 0 :0382;0031;0099;0006;0449;0504;0222;0391;0402;0113;0539;0433;0081;0430;0155;0317;0120;
Period 17:
Room No. 0 :0236;
Period 18:
Room No. 0 :0299;0331;0180;0435;0005;0268;0112;0509;0420;0483;0448;0325;0346;0110;0395;0354;0277;0137;0264;0177;
Period 19:
Room No. 0 :0136;0386;0073;0389;0172;0198;0015;0436;0485;0372;0321;0424;0427;0183;0342;
Period 20:
Room No. 0 :0273;0103;0028;0119;0368;
Period 21:
Room No. 0 :0259;0301;0340;0378;0307;0146;0500;0455;0214;0468;0193;0431;0488;0055;0526;0153;
Period 22:
Room No. 0 :0291;0316;0190;0060;0245;0189;0323;0492;
Period 23:
Room No. 0 :0432;0293;0256;0257;
Period 24:
Room No. 0 :0156;0419;0330;0324;0502;0357;0276;0279;
Period 25:
Room No. 0 :0332;0383;0114;0132;0184;0411;0023;0467;0008;0167;0223;0476;0533;0283;0165;
Period 26:
Room No. 0 :0300;0290;0525;
Period 27:
Room No. 0 :0215;0362;0377;0057;0105;0527;0116;0095;0085;0194;0508;0076;0032;0090;
Period 28:
Room No. 0 :0239;0097;0365;0261;0208;0216;0128;0514;0118;0501;0528;0036;0058;0408;0404;
Period 29:
Room No. 0 :0094;0304;
Period 30:
Room No. 0 :0262;0050;0164;0265;0426;0343;0373;0397;0482;0281;0529;
Period 31:
Room No. 0 :0255;0106;0207;0359;0056;0381;0294;0002;0349;0044;0439;0053;0052;
Period 32:
Room No. 0 :0071;0238;0338;0218;0067;0179;0083;0016;0197;0396;0126;
Period 33:
Room No. 0 :0178;0123;0366;0520;
Period 34:
Room No. 0 :0035;0102;0456;0334;0219;0523;0499;0263;
Period 35:
Room No. 0 :0101;0303;0524;0139;0007;0460;0061;0181;0270;0098;
Period 36:
Room No. 0 :0289;0322;0305;0364;
Period 37:
Room No. 0 :0204;0115;0087;0059;0209;0335;
Period 38:
Room No. 0 :0292;0117;0452;0295;0175;0125;0350;0048;0191;0438;0244;
Period 39:
Room No. 0 :0096;0272;0267;0296;0131;0148;0374;0360;
