Period 0:
Room No. 0 :0069;0253;0339;0202;0470;0187;0395;0127;0483;0530;0451;0430;0233;0340;0163;0057;0107;0189;0158;0341;0074;0541;0065;0234;0519;0478;0461;0406;0495;0308;0463;0228;0066;0024;0537;0220;0080;0327;0025;0416;0037;0248;0251;
Period 1:
Room No. 0 :0493;0161;0170;0354;0091;0474;0496;0450;0475;0288;0096;0380;
Period 2:
Room No. 0 :0049;0093;0435;0457;0191;0206;0243;0481;0513;0277;0412;0252;0438;0020;0310;0506;0344;0221;0465;0462;0089;0489;0017;0372;0328;0320;0111;0232;0448;0254;0159;0040;
Period 3:
Room No. 0 :0521;0374;0472;0115;0130;0016;0006;0160;0136;0531;0543;0476;0439;0403;0447;0309;0222;0443;0224;0420;0497;0286;0421;0517;0022;0246;0171;0410;0518;0539;0414;0060;
Period 4:
Room No. 0 :0235;0473;0210;0105;0382;0092;
Period 5:
Room No. 0 :0035;0106;0364;0390;0090;0223;0084;0120;0076;0534;0033;0359;0508;0075;0008;0479;0405;0512;0279;0407;0121;0532;0068;0336;0498;
Period 6:
Room No. 0 :0331;0471;0283;0319;0124;0343;0208;0157;0389;0459;0542;0525;0510;0487;0082;0036;0141;0193;0477;0231;0004;0197;0535;0287;0247;0225;0494;0464;0446;0361;0027;
Period 7:
Room No. 0 :0386;0045;0039;
Period 8:
Room No. 0 :0456;0103;0500;0391;0262;0346;0031;0371;0184;0166;0044;0085;0034;0409;0227;0523;0030;0177;0275;0203;0466;0137;0280;0533;0064;0129;0162;0176;0325;
Period 9:
Room No. 0 :0298;0015;0520;0056;0269;0230;0352;0393;0449;0311;0540;0338;0042;0485;0509;0047;0055;0195;0273;0453;0010;0469;0522;0169;0250;0415;
Period 10:
Room No. 0 :0418;0242;0125;
Period 11:
Room No. 0 :0156;0268;0289;0337;0394;0441;0507;0492;0144;0201;0538;0490;0324;0442;0088;0424;0229;0468;0183;0445;0018;0417;0168;0305;
Period 12:
Room No. 0 :0422;0304;0501;0114;0179;0041;0152;0436;0388;0213;0349;0444;0052;
Period 13:
Room No. 0 :0312;0263;0368;
Period 14:
Room No. 0 :0329;0101;0151;0454;0188;0005;0054;0366;0455;0505;0488;0249;0118;0026;0219;0145;0181;0392;0482;0342;0083;
Period 15:
Room No. 0 :0299;0363;0178;0411;0104;0131;0536;0378;0257;0491;0021;0081;0504;0043;0282;0226;0061;0266;0048;0458;0139;
Period 16:
Room No. 0 :0164;0297;0529;0134;0099;0172;0062;0434;0399;0281;0511;0402;0142;
Period 17:
Room No. 0 :0094;0095;0306;
Period 18:
Room No. 0 :0292;0146;0270;0098;0460;0452;0216;0186;0077;0058;0484;0373;0515;0276;0437;0480;0143;
Period 19:
Room No. 0 :0086;0087;0375;0318;0140;0379;0009;0413;0333;0516;0063;0347;0038;0212;0217;
Period 20:
Room No. 0 :0204;
Period 21:
Room No. 0 :0384;0300;0334;0514;0185;0335;0367;0215;0012;0117;0070;0059;0431;0396;
Period 22:
Room No. 0 :0239;0356;0428;0321;0404;0180;0014;0116;0351;0503;0429;0079;0019;0067;
Period 23:
Room No. 0 :0133;0078;
Period 24:
Room No. 0 :0011;0524;0153;0301;0370;0194;0433;0285;0051;0348;0499;0072;0528;0486;0211;0007;0408;
Period 25:
Room No. 0 :0303;0259;0526;0323;0317;0003;0190;0261;0265;0255;0053;0385;
Period 26:
Room No. 0 :0135;0258;0260;
Period 27:
Room No. 0 :0256;0425;0296;0267;0218;0154;0345;
Period 28:
Room No. 0 :0419;0353;0264;0369;0502;0214;0109;0426;0200;0350;0198;0029;0440;0360;
Period 29:
Room No. 0 :0123;0050;
Period 30:
Room No. 0 :0240;0290;0271;0383;0313;0192;0272;0527;0113;0110;
Period 31:
Room No. 0 :0332;0467;0330;0132;0167;0112;0165;0209;0199;0244;0023;0427;0316;
Period 32:
Room No. 0 :0205;0307;0358;0293;0398;0002;0138;0196;0357;0326;
Period 33:
Room No. 0 :0377;0073;0071;
Period 34:
Room No. 0 :0108;0097;0322;0432;0155;0295;0147;0207;0245;
Period 35:
Room No. 0 :0291;0294;0284;
Period 36:
Room No. 0 :0100;0381;0365;0149;
Period 37:
Room No. 0 :0236;0315;0182;0150;0387;0278;0274;
Period 38:
Room No. 0 :0241;0401;0013;0122;0175;0400;0032;0397;0314;0028;0126;
Period 39:
Room No. 0 :0128;0148;0362;0174;0046;0102;
