Period 0:
Room No. 0 :0533;0412;0467;0475;0543;0101;0077;0153;0232;0359;0539;0519;0471;0462;0186;0170;0165;0064;0266;0448;0275;0248;0378;0388;0517;0518;0091;0048;0110;0447;0437;0127;0495;0328;0146;0074;0254;0121;0494;0450;0130;0407;0341;0415;0410;0279;0163;0320;0166;
Period 1:
Room No. 0 :0020;0096;0306;
Period 2:
Room No. 0 :0456;0379;0283;0228;0069;0031;0482;0112;0259;0506;0540;0466;0141;0474;0084;0352;0443;0177;0436;0235;0402;0464;0195;0369;0247;0393;0157;
Period 3:
Room No. 0 :0125;0364;0264;0268;0295;0507;0296;0511;0277;0231;0389;0203;0372;0485;0018;0321;0481;0541;0250;0062;0531;0535;0461;0496;0004;0375;0030;0143;0033;
Period 4:
Room No. 0 :0162;0446;0424;0233;0181;0327;0171;0022;0473;0253;0457;0468;0409;0234;0260;0256;
Period 5:
Room No. 0 :0347;0288;0273;0115;0244;0449;0188;0175;0293;0514;0079;0374;0488;0413;0220;0229;0067;0081;0417;0472;0080;0357;0159;0272;
Period 6:
Room No. 0 :0265;0255;0002;0385;0344;0185;0361;0441;0014;0281;0051;0490;0197;0249;0515;0351;0463;0016;0451;0066;0405;0202;0225;0065;0394;0401;0476;0354;0294;0497;0075;0416;0325;0025;0444;0169;0082;
Period 7:
Room No. 0 :0095;0313;0242;
Period 8:
Room No. 0 :0237;0404;0213;0201;0349;0530;0061;0486;0209;0516;0318;0221;0408;0109;0280;0046;0337;0479;0076;0512;0427;0445;0251;0210;0287;0470;0144;0120;0508;0111;0458;
Period 9:
Room No. 0 :0384;0396;0192;0362;0345;0085;0491;0262;0116;0160;0142;0439;0542;0010;0459;0493;0469;0286;0420;0027;
Period 10:
Room No. 0 :0035;0257;
Period 11:
Room No. 0 :0422;0012;0049;0426;0214;0187;0198;0392;0026;0536;0487;0510;0348;0017;0310;0088;
Period 12:
Room No. 0 :0291;0226;0307;0480;0060;0431;0072;0538;0193;
Period 13:
Room No. 0 :0274;0104;0292;0134;0068;0089;
Period 14:
Room No. 0 :0380;0086;0502;0263;0523;0230;0333;0083;0039;0029;0537;0150;0309;0440;0406;0246;0477;0525;0245;
Period 15:
Room No. 0 :0330;0411;0241;0501;0199;0438;0172;0078;0324;0276;0138;0528;0007;0223;0390;0492;
Period 16:
Room No. 0 :0028;0013;0135;0003;0087;0399;0343;0113;0323;0414;0391;0278;0252;0504;0505;0442;0224;0057;0397;0206;0024;0326;
Period 17:
Room No. 0 :0353;0423;0098;0155;
Period 18:
Room No. 0 :0297;0123;0200;0117;0400;0433;0498;0269;0398;0465;0483;0534;0058;0005;0168;0395;0478;0403;
Period 19:
Room No. 0 :0011;0140;0270;0032;0500;0428;0429;0191;0219;0370;0059;0346;0489;0243;
Period 20:
Room No. 0 :0156;0355;
Period 21:
Room No. 0 :0356;0132;0108;0363;0376;0339;0522;0217;0387;0282;0532;0161;0126;0453;
Period 22:
Room No. 0 :0258;0366;0261;0148;0342;0527;0284;0023;0179;0008;0509;0176;0484;0145;0350;
Period 23:
Room No. 0 :0386;0452;0136;0106;
Period 24:
Room No. 0 :0304;0093;0100;0454;0006;0178;0285;0038;0092;0222;0053;
Period 25:
Room No. 0 :0360;0204;0019;0373;0311;0317;0227;0139;
Period 26:
Room No. 0 :0271;0289;0128;0001;0158;
Period 27:
Room No. 0 :0382;0073;0336;0183;0455;0189;0036;0182;0460;0137;0021;
Period 28:
Room No. 0 :0332;0329;0383;0190;0114;0331;0513;0371;
Period 29:
Room No. 0 :0050;0173;
Period 30:
Room No. 0 :0164;0174;0298;0149;0099;0312;0184;0240;0070;
Period 31:
Room No. 0 :0045;0207;0239;0040;0167;0365;0044;0118;0430;0043;0009;0055;0208;0421;0052;0316;0047;
Period 32:
Room No. 0 :0520;0205;0042;0319;0216;0105;0152;0147;0367;0334;0435;0063;0211;0212;
Period 33:
Room No. 0 :0267;0037;0303;0432;0154;
Period 34:
Room No. 0 :0236;0122;0314;0425;0194;0151;
Period 35:
Room No. 0 :0102;0524;0301;0340;0034;0503;0322;0196;0218;0129;0041;0054;
Period 36:
Room No. 0 :0097;0358;0315;0107;0015;
Period 37:
Room No. 0 :0133;0377;0300;0056;0215;0094;0529;0335;0499;0090;
Period 38:
Room No. 0 :0071;0238;0338;0308;0180;0434;
Period 39:
Room No. 0 :0368;0305;0131;0103;0119;0526;0124;
