Period 0:
Room No. 0 :0538;0467;0085;0298;0438;0111;0213;0286;0266;0038;0171;0507;0158;0232;0413;0395;0497;0093;0530;0091;0222;0477;0249;0375;0442;0541;0127;0072;0245;0090;0253;0143;0372;0408;0130;0451;0475;0458;0022;0518;0199;0040;0487;0410;0054;0065;0328;0470;0109;0517;0450;0416;0461;0320;0496;0076;0427;
Period 1:
Room No. 0 :0210;0069;0519;0035;
Period 2:
Room No. 0 :0082;0353;0528;0284;0018;0180;0215;0394;0247;0137;0094;0513;0474;0543;0168;0466;0364;0233;0333;0074;0406;0493;0193;0473;0063;0010;0336;0476;0417;0495;0437;0359;0407;0025;0234;0254;0447;0159;0325;
Period 3:
Room No. 0 :0382;0023;0428;0269;0112;0540;0121;0479;0225;0405;0309;0170;0020;0327;0221;0463;0472;0448;0189;
Period 4:
Room No. 0 :0291;
Period 5:
Room No. 0 :0116;0011;0378;0081;0219;0468;0436;0294;0542;0494;0275;0202;0162;0481;0489;0415;0220;0169;0388;0206;0311;0317;
Period 6:
Room No. 0 :0031;0265;0303;0525;0028;0453;0223;0043;0186;0455;0516;0246;0264;0492;0005;0165;0389;0287;0019;0462;0280;0263;0351;0166;0490;0457;0412;0068;0465;0027;0409;0478;0252;0512;0153;
Period 7:
Room No. 0 :0235;0163;0160;0066;0048;
Period 8:
Room No. 0 :0071;0197;0424;0321;0343;0434;0425;0443;0124;0243;0279;0183;0079;0296;0078;0047;0393;0402;0511;0224;0344;0539;0464;0161;0053;
Period 9:
Room No. 0 :0092;0272;0110;0148;0182;0366;0015;0486;0226;0471;0392;0064;0282;0459;0449;0113;0157;0009;0194;0537;0354;0326;0446;0176;0535;0414;0177;0129;
Period 10:
Room No. 0 :0332;
Period 11:
Room No. 0 :0149;0070;0419;0184;0115;0483;0105;0313;0106;0059;0350;0431;0251;0334;0514;0250;0488;0396;0278;0533;0203;0228;0469;0445;0021;0444;0030;
Period 12:
Room No. 0 :0174;0380;0274;0387;0008;0308;0017;0358;0209;0039;0505;0181;0357;0055;0504;0024;0084;0248;0231;0531;0339;0341;0086;0029;0067;
Period 13:
Room No. 0 :0152;0418;
Period 14:
Room No. 0 :0133;0529;0501;0114;0381;0083;0003;0140;0216;0515;0480;0318;0346;0277;0201;0391;0089;0200;0536;
Period 15:
Room No. 0 :0376;0386;0100;0132;0178;0285;0365;0061;0295;0439;0452;0144;
Period 16:
Room No. 0 :0002;0330;0242;0128;0192;0323;0337;0060;0441;0401;0310;0316;0172;0509;0141;0276;0229;0080;
Period 17:
Room No. 0 :0173;
Period 18:
Room No. 0 :0258;0255;0297;0399;0014;0218;0138;0398;0281;0120;0062;0440;
Period 19:
Room No. 0 :0288;0050;0373;0273;0198;0348;0187;0491;0290;0522;
Period 20:
Room No. 0 :0301;0104;0135;0134;
Period 21:
Room No. 0 :0101;0302;0033;0046;0370;0420;0026;0270;0175;0374;0145;0032;0454;
Period 22:
Room No. 0 :0123;0456;0271;0369;0498;0345;0217;0139;0196;0510;0433;0051;0485;0523;
Period 23:
Room No. 0 :0073;0340;0146;
Period 24:
Room No. 0 :0102;0360;0293;0426;0292;0013;0499;0185;0460;0058;0347;0007;0484;0379;
Period 25:
Room No. 0 :0306;0045;0411;0371;0041;0283;0103;0214;0508;0195;0421;0506;0088;0527;0403;
Period 26:
Room No. 0 :0368;0098;
Period 27:
Room No. 0 :0239;0423;0150;0362;0322;0126;0095;0118;0404;0363;0004;0503;0052;0534;0400;
Period 28:
Room No. 0 :0107;0355;0305;0377;0361;0385;0230;0261;0147;0006;0057;
Period 29:
Room No. 0 :0356;0314;0430;
Period 30:
Room No. 0 :0237;0267;0526;0307;0034;0131;0190;0191;0482;0077;0335;0108;0016;
Period 31:
Room No. 0 :0260;0156;0087;0268;0012;0212;0324;0429;0042;0037;0397;0227;
Period 32:
Room No. 0 :0304;0001;0349;0075;0154;0142;0208;0179;0502;0435;
Period 33:
Room No. 0 :0422;0262;0117;
Period 34:
Room No. 0 :0331;0329;0315;0383;0056;0240;0188;0211;0500;0532;0036;
Period 35:
Room No. 0 :0238;0207;0244;0300;0122;0167;0367;0044;
Period 36:
Room No. 0 :0205;0312;0096;
Period 37:
Room No. 0 :0521;0097;0432;0342;0125;0151;0155;0352;0099;
Period 38:
Room No. 0 :0520;0524;0119;0319;0241;0136;0338;0390;
Period 39:
Room No. 0 :0049;0259;0257;
