Period 0:
Room No. 0 :0175;0462;0127;0170;0024;0515;0009;0125;0371;0247;0064;0053;0343;0420;0482;0120;0113;0431;0460;0222;0475;0249;0530;0344;0280;0451;0052;0163;0495;0252;0325;0395;0224;0518;0427;0472;0234;0082;0478;0517;0494;0233;0159;0410;0333;0172;0020;0030;
Period 1:
Room No. 0 :0144;0450;0069;0253;0388;0519;0130;0091;0328;0335;0237;
Period 2:
Room No. 0 :0001;0432;0539;0097;0112;0207;0372;0139;0085;0162;0506;0537;0487;0439;0169;0349;0318;0250;0309;0232;0493;0463;0022;0405;0535;0201;0447;0496;0248;0203;0084;0090;
Period 3:
Room No. 0 :0166;0035;0396;0026;0514;0528;0243;0373;0448;0321;0019;0157;0214;0468;0115;0276;0229;0186;0414;0046;0028;0543;0469;0457;0424;0063;0074;0346;0206;0008;0402;0497;0171;0286;0266;0025;0417;0461;
Period 4:
Room No. 0 :0254;0327;0533;0031;0265;
Period 5:
Room No. 0 :0452;0160;0459;0512;0264;0051;0394;0505;0313;0185;0145;0080;0202;0197;0391;0348;0437;0079;0481;0350;0044;0034;0225;0153;0363;0062;0446;0490;0251;0464;0048;
Period 6:
Room No. 0 :0330;0156;0525;0542;0065;0444;0507;0100;0491;0438;0191;0479;0393;0435;0415;0004;0354;0165;0226;0412;
Period 7:
Room No. 0 :0066;0287;0331;0332;0329;
Period 8:
Room No. 0 :0086;0101;0434;0358;0383;0278;0409;0128;0316;0158;0529;0516;0489;0442;0189;0187;0181;0246;0536;0458;0466;0235;
Period 9:
Room No. 0 :0256;0260;0179;0257;0121;0509;0131;0540;0279;0308;0485;0177;0443;0081;0023;0068;0416;0261;0255;
Period 10:
Room No. 0 :0258;0259;0381;0385;
Period 11:
Room No. 0 :0299;0268;0003;0504;0018;0148;0193;0527;0367;0196;0477;0541;0436;0275;0210;0143;0320;
Period 12:
Room No. 0 :0340;0152;0404;0219;0360;0094;0538;0503;0182;0317;0037;0326;0449;0059;0058;0194;0474;0473;0311;0488;0220;0522;0245;0465;0168;0407;
Period 13:
Room No. 0 :0011;0012;
Period 14:
Room No. 0 :0242;0073;0319;0216;0418;0513;0007;0502;0228;0060;0105;0406;0476;0532;0379;0017;0445;0433;0480;0362;0195;0061;0408;
Period 15:
Room No. 0 :0521;0102;0190;0398;0500;0274;0054;0392;0531;0038;0005;0056;0389;0429;0223;0511;0129;0366;0021;0137;
Period 16:
Room No. 0 :0236;0285;0208;0136;0006;0387;0483;0298;0338;0440;0200;0198;0231;0375;0010;0089;
Period 17:
Room No. 0 :0205;
Period 18:
Room No. 0 :0293;0272;0178;0238;0067;0411;0188;0033;0126;0029;0453;0042;0055;0322;0534;0027;0378;0486;0032;0138;0357;0116;
Period 19:
Room No. 0 :0050;0356;0217;0342;0110;0526;0471;0180;0390;0484;0441;0508;0347;0221;0401;0161;
Period 20:
Room No. 0 :0263;0093;0312;0149;
Period 21:
Room No. 0 :0304;0114;0262;0212;0400;0183;0014;0397;0470;0209;0492;0077;0072;0282;0078;
Period 22:
Room No. 0 :0382;0132;0092;0498;0283;0374;0523;0088;0213;0075;
Period 23:
Room No. 0 :0456;0520;
Period 24:
Room No. 0 :0103;0377;0109;0230;0305;0369;0352;0096;0425;0277;0510;0310;0141;
Period 25:
Room No. 0 :0106;0294;0122;0240;0314;0013;0501;0426;0036;0047;0076;0364;0359;
Period 26:
Room No. 0 :0430;0108;0419;
Period 27:
Room No. 0 :0289;0302;0361;0351;0288;0290;0281;
Period 28:
Room No. 0 :0376;0428;0117;0269;0365;0386;0421;0154;0211;0199;0295;
Period 29:
Room No. 0 :0151;0422;0045;
Period 30:
Room No. 0 :0270;0271;0315;0123;0273;0016;0244;0184;0227;0176;
Period 31:
Room No. 0 :0049;0423;0454;0039;0267;0455;0070;0040;0111;0041;0043;0142;
Period 32:
Room No. 0 :0241;0134;0292;0307;0087;0284;0057;
Period 33:
Room No. 0 :0353;0524;0002;
Period 34:
Room No. 0 :0135;0301;0099;0095;0339;0341;0413;0147;0155;0167;
Period 35:
Room No. 0 :0204;0303;0323;0124;0403;0215;
Period 36:
Room No. 0 :0324;0104;0355;
Period 37:
Room No. 0 :0071;0384;0467;0218;0334;0336;0300;0083;
Period 38:
Room No. 0 :0368;0119;0296;0174;0370;0345;0140;0146;0399;
Period 39:
Room No. 0 :0239;0150;0499;0337;0192;0015;0118;
