Period 0:
Room No. 0 :0087;0325;0053;0216;0383;0599;0008;0165;0655;0400;0110;0644;0515;0679;0120;0580;0255;0292;0244;0131;0127;0200;0657;0633;0304;0099;0475;0423;
Period 1:
Room No. 0 :0550;0532;0612;0108;0592;0182;0536;0332;0607;0285;0180;0329;0349;0015;0201;0030;0033;0016;0092;0609;0442;0441;0598;0440;0485;
Period 2:
Room No. 0 :0075;0021;0513;0559;0280;0251;0378;0261;0215;0473;0316;0275;0642;0081;0678;0233;0660;0138;0647;0656;0134;0587;0629;0132;0295;0112;0037;
Period 3:
Room No. 0 :0068;0447;0080;0024;0243;0185;0289;0646;0463;0503;0327;0579;0258;0604;0620;0648;0012;0589;0618;0133;0297;0672;0583;0634;0116;0130;0613;0680;0234;0041;
Period 4:
Room No. 0 :0186;0654;0619;0140;0595;0481;0090;0197;0535;0342;0052;0415;
Period 5:
Room No. 0 :0337;0172;0476;0317;0639;0259;0207;0250;0230;0677;0652;0277;0220;0071;0523;0490;0666;0136;0549;0561;0606;0593;0333;0616;0272;0363;0194;0276;0553;0247;0671;0630;0382;0042;0153;
Period 6:
Room No. 0 :0238;0566;0456;0509;0232;0319;0467;0312;0050;0143;0649;0388;0569;0670;0591;0146;0454;0203;
Period 7:
Room No. 0 :0570;0262;0582;0632;0199;0551;0556;0097;0248;0331;0597;0531;0346;0334;
Period 8:
Room No. 0 :0017;0658;0362;0178;0028;0314;0681;0067;0287;0640;0435;0608;0611;0479;0530;0663;0147;0144;0286;0477;0139;0596;
Period 9:
Room No. 0 :0483;0409;0367;0499;0576;0282;0148;0548;0584;0158;0269;0469;0101;0128;0468;0345;0104;0091;0528;0060;
Period 10:
Room No. 0 :0669;0682;0032;0235;0590;0249;0330;0142;0462;
Period 11:
Room No. 0 :0444;0166;0474;0084;0446;0338;0281;0391;0413;0380;0568;0119;0526;0141;0631;
Period 12:
Room No. 0 :0482;0175;0371;0204;0293;0294;0027;0009;0159;0425;0198;0603;0301;0113;0626;0622;0103;0675;0650;0390;0558;0209;0676;0145;0578;0046;
Period 13:
Room No. 0 :0547;0221;0152;0226;
Period 14:
Room No. 0 :0417;0001;0173;0239;0306;0518;0011;0621;0505;0571;0213;0125;0288;0581;0627;0344;0034;
Period 15:
Room No. 0 :0162;0191;0227;0040;0464;0436;0565;0309;0381;0534;0307;0624;0427;0093;0494;0541;0466;0088;
Period 16:
Room No. 0 :0299;0480;0585;0416;
Period 17:
Room No. 0 :0066;0062;0347;0124;0384;0645;0651;0290;0252;0623;0533;0260;0222;0181;0529;0057;
Period 18:
Room No. 0 :0360;0315;0065;0434;0472;0154;0577;0004;0539;0643;0039;0170;0637;0267;0555;0358;0231;0665;0602;0266;0196;0510;
Period 19:
Room No. 0 :0184;0410;0465;0202;0168;0217;0284;0439;0470;0303;0588;0573;0061;0126;0035;0628;0117;0179;0010;0100;
Period 20:
Room No. 0 :0617;0300;
Period 21:
Room No. 0 :0336;0070;0451;0449;0268;0544;0022;0512;0073;0402;0318;0029;0121;0111;0674;0296;0557;0135;
Period 22:
Room No. 0 :0497;0313;0160;0018;0051;0552;0521;0403;0049;0542;0667;0038;0554;0328;0635;0437;0386;
Period 23:
Room No. 0 :0192;0610;0653;0387;0237;0036;0341;0129;
Period 24:
Room No. 0 :0411;0094;0169;0661;0504;0082;0546;0310;0366;0095;0489;0586;0208;0274;0256;0298;
Period 25:
Room No. 0 :0270;0241;0455;0193;0453;0426;0492;0527;0323;0594;0102;0078;0189;0291;0322;0636;0013;0229;0212;0045;
Period 26:
Room No. 0 :0356;0377;0355;
Period 27:
Room No. 0 :0421;0026;0352;0350;0514;0263;0471;0326;0211;0085;0662;0357;0524;
Period 28:
Room No. 0 :0408;0273;0389;0210;0242;0600;0183;0023;0431;0083;0605;0321;0123;0641;0614;0406;0428;
Period 29:
Room No. 0 :0484;0161;
Period 30:
Room No. 0 :0487;0320;0491;0452;0486;0190;0545;0399;0278;0508;0109;0540;0106;0245;0625;0615;0668;0077;
Period 31:
Room No. 0 :0164;0265;0225;0375;0401;0043;0460;0433;0264;0478;0537;0089;0206;0254;0219;0501;0525;0098;0575;
Period 32:
Room No. 0 :0397;0395;0418;0076;0392;0574;0176;
Period 33:
Room No. 0 :0311;0398;0496;0394;0348;0393;
Period 34:
Room No. 0 :0048;0308;0063;0361;0359;0086;0516;0429;
Period 35:
Room No. 0 :0105;0507;0458;0074;0572;0457;0114;0564;0257;0014;0324;
Period 36:
Room No. 0 :0223;0414;
Period 37:
Room No. 0 :0003;0163;0495;0064;0224;0122;0562;0031;0379;0673;
Period 38:
Room No. 0 :0246;0059;0020;0155;0283;0171;0369;0405;
Period 39:
Room No. 0 :0419;0339;0150;0601;
Period 40:
Room No. 0 :0157;0115;0560;0376;0450;0005;0056;0664;0279;0502;0638;
Period 41:
Room No. 0 :0443;0420;0365;0511;0188;0025;0493;0151;0271;0430;0459;0538;0079;
Period 42:
Room No. 0 :0205;
Period 43:
Room No. 0 :0520;0253;0007;0214;0047;0373;0174;
Period 44:
Room No. 0 :0396;0236;0432;0364;0054;0118;0177;0488;0305;0517;0448;
Period 45:
Room No. 0 :0353;
Period 46:
Room No. 0 :0354;0351;0002;0302;0072;0422;0412;0187;0096;0374;0195;0543;0404;0461;0343;
Period 47:
Room No. 0 :0006;0563;0228;0107;0407;0167;0519;0335;0385;0424;
Period 48:
Room No. 0 :0506;0370;0368;0500;0438;0498;0019;0044;
Period 49:
Room No. 0 :0156;0522;0058;0659;
Period 50:
Room No. 0 :0240;0055;0567;0218;0340;0372;0137;0069;0149;
