Period 0:
Room No. 0 :0031;0236;0615;0532;0075;0634;0435;0198;0322;0194;0671;0590;0561;0550;0480;0381;0272;0257;0088;0595;0264;0441;0037;0619;0255;0209;0607;0180;0656;0332;0129;0637;0521;0503;0216;0033;0140;0440;0528;0598;0039;0384;0167;0612;
Period 1:
Room No. 0 :0556;0647;0117;0244;0097;0349;0657;0201;0015;0016;0092;0593;0265;
Period 2:
Room No. 0 :0188;0151;0368;0231;0203;0539;0458;0533;0195;0032;0535;0083;0467;0616;0604;0537;0680;0455;0013;0197;0259;0631;0220;0297;0128;0215;0327;0142;0342;0654;0387;0108;0047;0165;0456;
Period 3:
Room No. 0 :0446;0073;0304;0177;0651;0588;0518;0153;0573;0476;0530;0428;0274;0230;0091;0626;0378;0643;0613;0324;0098;0042;0010;0285;0348;0121;
Period 4:
Room No. 0 :0280;0250;0030;0543;0442;0144;0655;0133;0608;0331;0345;0023;0186;0148;0602;0558;0226;
Period 5:
Room No. 0 :0352;0118;0426;0492;0182;0545;0629;0293;0163;0554;0380;0475;0433;0594;0102;0353;0329;0171;0650;0330;0459;0090;
Period 6:
Room No. 0 :0172;0363;0399;0633;0473;0682;0649;0306;0077;0131;0578;0288;0289;0141;0061;0258;0591;0531;0093;0206;0560;0134;0401;0247;
Period 7:
Room No. 0 :0346;0199;0609;0333;0100;0127;0618;0130;0223;
Period 8:
Room No. 0 :0520;0067;0527;0549;0468;0632;0192;0089;0311;0675;0317;0112;0461;0116;0606;0592;0132;0146;0423;0234;0252;0542;0262;0676;0400;
Period 9:
Room No. 0 :0482;0517;0107;0679;0303;0630;0524;0386;0211;0085;0065;0298;0581;0663;0179;0189;0099;0557;0139;0145;0478;0439;0169;0540;0036;
Period 10:
Room No. 0 :0266;0276;0408;0351;0238;
Period 11:
Room No. 0 :0003;0162;0406;0499;0136;0565;0323;0673;0383;0644;0610;0292;0035;0628;0109;0295;0125;0575;0260;0547;0536;0462;0062;0337;
Period 12:
Room No. 0 :0205;0005;0418;0044;0104;0489;0548;0451;0344;0648;0296;0586;0623;0286;0029;0080;0382;0347;0642;0481;0425;0143;0371;0019;
Period 13:
Room No. 0 :0103;0235;0355;0261;
Period 14:
Room No. 0 :0174;0417;0004;0185;0310;0358;0084;0677;0256;0572;0641;0024;0555;0196;0208;0494;0645;0290;0580;0123;
Period 15:
Room No. 0 :0052;0227;0601;0183;0018;0058;0464;0638;0316;0263;0653;0120;0034;0463;0479;0012;0055;0053;0617;
Period 16:
Room No. 0 :0421;0157;0376;0552;0156;0079;0126;0328;0287;0544;0101;0309;0551;0207;0596;0056;0307;0450;
Period 17:
Room No. 0 :0678;0214;0583;0300;0627;
Period 18:
Room No. 0 :0429;0507;0563;0161;0325;0025;0477;0086;0168;0453;0534;0341;0448;0597;0511;0245;0385;0315;0046;
Period 19:
Room No. 0 :0213;0497;0020;0600;0193;0361;0283;0576;0063;0379;0622;0438;0553;0614;0670;0635;0624;0681;0269;0233;0040;
Period 20:
Room No. 0 :0484;
Period 21:
Room No. 0 :0006;0270;0474;0366;0403;0228;0119;0424;0525;0122;0582;0466;0564;0066;0321;0291;0541;0222;0249;0160;0041;
Period 22:
Room No. 0 :0308;0210;0370;0312;0523;0060;0470;0605;0170;0574;0514;0502;0589;0636;0114;
Period 23:
Room No. 0 :0672;0394;
Period 24:
Room No. 0 :0397;0436;0395;0365;0273;0014;0449;0367;0138;0343;0221;0147;0472;
Period 25:
Room No. 0 :0313;0095;0427;0364;0495;0082;0454;0603;0667;0621;0640;
Period 26:
Room No. 0 :0658;0253;0585;
Period 27:
Room No. 0 :0485;0487;0457;0318;0021;0277;0526;0178;0251;0620;0375;0668;0007;
Period 28:
Room No. 0 :0302;0224;0070;0339;0568;0149;0219;0057;0248;0232;0200;0166;0409;0135;0191;
Period 29:
Room No. 0 :0111;0105;
Period 30:
Room No. 0 :0202;0164;0420;0501;0275;0187;0674;0028;0267;0666;0087;0512;0431;
Period 31:
Room No. 0 :0336;0115;0279;0491;0402;0508;0404;0069;0571;0022;0646;0469;0113;0217;0529;
Period 32:
Room No. 0 :0050;0483;0415;0490;0661;0294;0652;0669;0377;0434;0078;
Period 33:
Room No. 0 :0559;0369;0410;
Period 34:
Room No. 0 :0443;0445;0254;0516;0281;0444;0430;0570;0229;
Period 35:
Room No. 0 :0173;0392;0396;0414;0398;
Period 36:
Room No. 0 :0388;0567;0011;0432;
Period 37:
Room No. 0 :0048;0498;0071;0519;0320;0335;0239;0359;0054;0242;0611;
Period 38:
Room No. 0 :0184;0154;0045;0513;0488;0577;0665;0505;0546;0569;0326;0314;0008;0538;0106;0338;
Period 39:
Room No. 0 :0360;0002;0240;
Period 40:
Room No. 0 :0416;0334;0405;0181;0268;0660;0664;0639;0625;0158;0422;0124;0241;
Period 41:
Room No. 0 :0017;0175;0566;0027;0465;0452;0282;0074;0411;0243;0579;0271;0049;
Period 42:
Room No. 0 :0218;0237;
Period 43:
Room No. 0 :0225;0051;0068;0437;0493;0319;0026;0354;0137;0662;0390;0587;0357;
Period 44:
Room No. 0 :0486;0059;0393;0362;0504;0176;0374;0278;0009;
Period 45:
Room No. 0 :0150;0407;0155;
Period 46:
Room No. 0 :0522;0152;0076;0094;0190;0509;0471;0305;0212;0096;0659;0110;0584;
Period 47:
Room No. 0 :0506;0391;0599;0500;0284;0038;0460;0081;0246;
Period 48:
Room No. 0 :0447;0072;0515;0372;0043;0204;0159;0412;0373;
Period 49:
Room No. 0 :0301;0496;0001;
Period 50:
Room No. 0 :0356;0340;0413;0350;0510;0389;0419;0064;0562;
