Period 0:
Room No. 0 :0388;0655;0145;0198;0002;0631;0138;0452;0290;0643;0116;0111;0602;0326;0172;0442;0037;0543;0113;0252;0583;0269;0590;0091;0650;0513;0426;0535;0614;0628;0545;0654;0553;0235;0591;0142;0680;0092;0657;0133;0342;0033;0332;0440;0140;0597;0675;0098;0016;
Period 1:
Room No. 0 :0015;0441;0664;0272;0220;0180;0349;0619;0017;
Period 2:
Room No. 0 :0173;0335;0262;0006;0674;0529;0308;0197;0148;0055;0120;0656;0132;0603;0051;0280;0200;0488;0549;0648;0612;0561;0215;0509;0615;0432;0203;0558;0244;0127;0531;0143;0032;0201;0477;0311;
Period 3:
Room No. 0 :0189;0210;0660;0639;0274;0344;0238;0450;0297;0147;0677;0288;0575;0099;0527;0385;0623;0146;0258;0260;0528;0058;0548;0161;0363;0234;0448;0014;0593;
Period 4:
Room No. 0 :0108;0030;0090;0345;0333;0550;0608;0613;0595;0129;0485;0255;0449;
Period 5:
Room No. 0 :0022;0661;0642;0029;0389;0497;0483;0074;0523;0582;0294;0216;0329;0651;0423;0670;0422;0232;
Period 6:
Room No. 0 :0008;0658;0510;0380;0382;0314;0573;0637;0287;0121;0257;0530;0586;0348;0122;0316;0018;0222;0038;0242;0625;0556;0646;0077;0100;0476;
Period 7:
Room No. 0 :0579;0609;0617;0295;0682;0598;0199;0144;0547;0481;0186;0331;0506;
Period 8:
Room No. 0 :0569;0086;0126;0420;0309;0546;0379;0327;0211;0229;0585;0635;0259;0011;0495;0538;0202;
Period 9:
Room No. 0 :0421;0056;0023;0474;0317;0019;0465;0387;0263;0064;0676;0106;0178;
Period 10:
Room No. 0 :0557;0250;0668;0425;0645;0626;0607;0291;0536;0276;0292;0285;0616;0141;0398;0368;
Period 11:
Room No. 0 :0487;0444;0166;0455;0620;0060;0066;0622;0458;0124;0468;0340;0114;0328;0247;0135;0231;0499;0219;
Period 12:
Room No. 0 :0152;0566;0416;0482;0168;0119;0517;0130;0318;0131;0594;0378;0230;0102;0249;0592;0649;0633;0053;0470;
Period 13:
Room No. 0 :0034;0346;0307;0355;0194;0170;
Period 14:
Room No. 0 :0520;0373;0663;0358;0400;0137;0196;0083;0097;0596;0204;0320;0554;0629;0678;0647;0532;0551;0672;0461;
Period 15:
Room No. 0 :0336;0070;0115;0273;0028;0572;0402;0611;0502;0078;0128;0451;0298;0653;0321;0136;0524;0341;0634;0104;0188;
Period 16:
Room No. 0 :0396;0515;0183;0397;0365;0027;0366;0277;0403;0652;0679;
Period 17:
Room No. 0 :0610;0518;0630;0534;0088;0606;0322;0094;0424;
Period 18:
Room No. 0 :0205;0446;0521;0638;0256;0093;0283;0511;0666;0246;0588;0469;
Period 19:
Room No. 0 :0334;0433;0361;0266;0584;0177;0241;0084;0568;0435;0473;0293;0533;0158;
Period 20:
Room No. 0 :0681;0570;0139;0123;0223;
Period 21:
Room No. 0 :0522;0360;0500;0218;0005;0080;0306;0195;0325;0261;0347;0065;0286;0438;0248;0580;0036;0151;
Period 22:
Room No. 0 :0040;0370;0562;0044;0159;0491;0405;0343;0323;0471;0026;0587;0503;0245;0480;0206;0644;0010;0624;0581;0275;
Period 23:
Room No. 0 :0110;0237;0507;
Period 24:
Room No. 0 :0225;0563;0184;0496;0193;0541;0118;0665;0012;0386;0475;0071;0627;0296;0618;0589;0577;0209;0149;0045;
Period 25:
Room No. 0 :0356;0417;0391;0046;0217;0555;0063;0267;0207;0289;0662;0013;0061;0673;0632;0101;0182;0024;0526;
Period 26:
Room No. 0 :0434;0153;0621;0315;
Period 27:
Room No. 0 :0559;0414;0415;0169;0192;0043;0085;0374;0565;0604;0671;0165;
Period 28:
Room No. 0 :0443;0072;0383;0447;0073;0372;0576;0467;0025;0324;0278;
Period 29:
Room No. 0 :0179;0445;
Period 30:
Room No. 0 :0105;0162;0227;0075;0057;0427;0268;0457;0384;0081;0035;0542;0125;
Period 31:
Room No. 0 :0351;0353;0352;0059;0354;0406;0390;0600;0504;0605;0564;0176;0574;
Period 32:
Room No. 0 :0048;0164;0429;0304;0239;0375;0428;0544;0279;0337;0042;0187;0233;0516;0552;
Period 33:
Room No. 0 :0300;
Period 34:
Room No. 0 :0021;0082;0407;0364;0004;0359;0409;0408;0305;0539;0221;0512;0669;0537;0039;
Period 35:
Room No. 0 :0395;0394;0392;0163;0418;0501;0117;
Period 36:
Room No. 0 :0472;0459;0095;
Period 37:
Room No. 0 :0155;0228;0265;0419;0171;0067;0376;0519;0319;0243;0109;
Period 38:
Room No. 0 :0236;0281;0498;0381;0112;0578;0271;0190;0079;0525;0338;0439;0224;0540;0134;
Period 39:
Room No. 0 :0003;
Period 40:
Room No. 0 :0350;0413;0560;0062;0514;0460;0303;0478;0284;0667;0640;0185;0264;0103;0454;0377;0157;
Period 41:
Room No. 0 :0484;0601;0369;0069;0371;0412;0508;0208;0489;0041;0031;0636;0492;0282;
Period 42:
Room No. 0 :0490;0410;0486;
Period 43:
Room No. 0 :0001;0270;0156;0367;0076;0212;0213;0479;0330;0167;0089;0659;0357;
Period 44:
Room No. 0 :0299;0431;0453;
Period 45:
Room No. 0 :0068;0301;0160;0007;
Period 46:
Room No. 0 :0253;0302;0401;0462;0399;0020;0154;0494;0404;0641;0493;
Period 47:
Room No. 0 :0107;0313;0174;0240;0599;0181;0339;0436;0054;
Period 48:
Room No. 0 :0175;0052;0567;0466;0050;0009;0505;0049;0463;0047;0430;0251;0464;0087;0571;
Period 49:
Room No. 0 :0226;
Period 50:
Room No. 0 :0393;0150;0312;0456;0362;0411;0191;0310;0437;0254;0096;0214;
