Period 0:
Room No. 0 :0182;0092;0627;0673;0136;0374;0678;0555;0610;0329;0579;0198;0481;0127;0514;0111;0580;0333;0145;0129;0664;0613;0033;0096;0252;0234;0013;0441;0680;0608;0036;0531;0222;0551;0655;0618;0052;0552;0022;0493;0100;0142;
Period 1:
Room No. 0 :0442;0248;0186;0657;0349;0597;0609;0140;0016;0148;0590;0345;0295;0030;0260;0440;0446;0313;
Period 2:
Room No. 0 :0074;0219;0436;0528;0243;0286;0125;0675;0075;0465;0624;0116;0344;0660;0178;0635;0134;0543;0527;0331;0144;0620;0591;0617;0548;0091;0088;0550;0258;0651;0656;0542;0378;0452;
Period 3:
Room No. 0 :0405;0375;0512;0135;0095;0035;0126;0315;0325;0341;0546;0649;0468;0272;0062;0630;0285;0169;0581;0625;0403;0672;0538;0288;0616;0547;0596;0249;0231;0492;
Period 4:
Room No. 0 :0332;0117;0654;0146;0143;0090;0682;0201;0061;0010;0094;0455;
Period 5:
Room No. 0 :0320;0067;0183;0383;0132;0110;0063;0423;0549;0589;0392;0666;0245;0671;0632;0479;0460;0262;0102;0558;0641;0529;0311;0106;0537;0595;0199;0598;0250;0454;
Period 6:
Room No. 0 :0336;0505;0294;0114;0373;0507;0014;0473;0592;0628;0031;0133;0644;0631;0261;0676;0037;0104;0670;
Period 7:
Room No. 0 :0197;0556;0233;0566;0417;
Period 8:
Room No. 0 :0308;0044;0051;0388;0029;0363;0357;0053;0584;0450;0327;0342;0593;0123;0256;0255;0418;
Period 9:
Room No. 0 :0191;0289;0221;0414;0582;0381;0502;0347;0677;0633;0324;0141;0600;0269;0535;0554;0200;0230;0176;0432;0026;0415;
Period 10:
Room No. 0 :0469;0607;0244;0015;0299;
Period 11:
Room No. 0 :0205;0411;0461;0168;0317;0081;0007;0614;0220;0226;
Period 12:
Room No. 0 :0174;0224;0431;0270;0453;0228;0173;0128;0271;0524;0099;0346;0425;0650;0629;0602;0112;0645;0259;0206;0065;0005;
Period 13:
Room No. 0 :0643;0637;0322;0108;0334;
Period 14:
Room No. 0 :0495;0506;0283;0564;0084;0018;0426;0451;0586;0626;0207;0530;0647;0257;0681;0476;0179;0246;0284;0241;
Period 15:
Room No. 0 :0060;0238;0408;0368;0371;0662;0420;0050;0499;0587;0639;0335;0619;0054;0428;0526;0131;0603;0585;0648;0297;0652;0615;
Period 16:
Room No. 0 :0360;0157;0082;0282;0214;0227;0359;0578;0623;0384;0330;0254;0536;0109;0653;0570;0011;0155;0039;0504;
Period 17:
Room No. 0 :0532;0658;
Period 18:
Room No. 0 :0017;0192;0304;0193;0287;0489;0605;0047;0232;0251;0588;0098;0594;0674;0665;0563;0424;0130;0215;0557;0296;0165;0213;
Period 19:
Room No. 0 :0350;0003;0354;0190;0071;0316;0268;0575;0544;0475;0087;0583;0387;0679;0463;0380;0634;0571;0103;
Period 20:
Room No. 0 :0646;0606;0636;0235;0482;
Period 21:
Room No. 0 :0421;0559;0027;0012;0180;0367;0611;0365;0276;0101;0019;0471;0298;0668;0216;0533;0328;0553;0366;
Period 22:
Room No. 0 :0160;0398;0416;0376;0438;0068;0212;0362;0032;0509;
Period 23:
Room No. 0 :0077;0612;0265;0040;0321;0534;
Period 24:
Room No. 0 :0175;0490;0223;0024;0278;0422;0093;0242;0572;0404;0119;0008;0412;0163;0203;0138;0488;0474;0137;0139;
Period 25:
Room No. 0 :0211;0409;0515;0069;0302;0004;0290;0218;0124;0642;0151;0464;0343;0196;0389;
Period 26:
Room No. 0 :0194;0496;0522;
Period 27:
Room No. 0 :0351;0407;0659;0072;0293;0364;0430;0185;0078;0390;0267;0113;0291;0042;0147;0510;
Period 28:
Room No. 0 :0397;0370;0166;0303;0413;0170;0086;0518;0229;0470;0066;0394;
Period 29:
Room No. 0 :0393;0395;
Period 30:
Room No. 0 :0001;0059;0281;0569;0501;0472;0459;0002;0379;0189;0435;0120;0573;
Period 31:
Room No. 0 :0484;0006;0152;0028;0161;0187;0386;0118;0429;0306;0305;0621;0080;
Period 32:
Room No. 0 :0419;0301;0073;0150;0449;0391;0156;0049;0097;0663;0622;0480;0177;0034;0280;0508;0247;0348;0121;0523;0089;0382;0601;
Period 33:
Room No. 0 :0045;0056;
Period 34:
Room No. 0 :0444;0064;0487;0338;0513;0385;0009;0503;0661;0427;0314;0669;0640;
Period 35:
Room No. 0 :0105;0337;0400;0279;0500;0225;0057;0043;0565;0122;0038;
Period 36:
Room No. 0 :0162;0560;0209;
Period 37:
Room No. 0 :0172;0483;0599;0434;0477;0273;0292;0149;0023;0574;0402;0462;
Period 38:
Room No. 0 :0567;0021;0184;0158;0399;0519;0340;0577;0217;0055;0274;0467;0195;
Period 39:
Room No. 0 :0498;0352;
Period 40:
Room No. 0 :0410;0361;0355;0356;0083;0517;0358;0188;0377;0439;0264;0540;0323;0545;0353;
Period 41:
Room No. 0 :0202;0339;0070;0437;0445;0115;0277;0266;0319;0456;0604;0085;
Period 42:
Room No. 0 :0369;0443;0521;
Period 43:
Room No. 0 :0520;0204;0253;0041;0568;0171;
Period 44:
Room No. 0 :0164;0300;0309;0466;0516;0239;0541;0307;0310;0525;
Period 45:
Room No. 0 :0020;0210;
Period 46:
Room No. 0 :0396;0058;0576;0236;0326;0181;0458;0406;0457;0025;
Period 47:
Room No. 0 :0240;0486;0491;0167;0562;0318;0208;0079;0667;0275;0448;
Period 48:
Room No. 0 :0107;0237;0154;0497;0539;0076;0638;0263;0312;
Period 49:
Room No. 0 :0153;0048;0494;0401;
Period 50:
Room No. 0 :0485;0372;0046;0561;0159;0433;0478;0511;
