Period 0:
Room No. 0 :0338;0488;0104;0387;0276;0384;0129;0681;0438;0562;0321;0267;0085;0015;0177;0544;0007;0591;0213;0630;0274;0296;0557;0551;0144;0056;0598;0317;0536;0442;0100;0590;
Period 1:
Room No. 0 :0203;0612;0332;0654;0349;0133;0198;0675;0016;0201;0033;0440;0092;0615;0657;0441;0609;0528;0655;0400;0045;0017;
Period 2:
Room No. 0 :0437;0152;0254;0648;0553;0042;0381;0425;0186;0524;0090;0219;0286;0131;0680;0322;0306;0259;0543;0634;0580;0234;0250;0608;0588;0245;0619;0108;0618;0149;0652;0146;0669;0030;0476;0508;0160;
Period 3:
Room No. 0 :0496;0218;0132;0084;0430;0002;0246;0379;0273;0292;0632;0547;0199;0535;0123;0585;0330;0531;0264;0341;0331;0530;0617;0676;0592;0037;0570;0255;0578;0161;0061;0180;
Period 4:
Room No. 0 :0127;0613;0290;0469;0481;0117;0656;0396;
Period 5:
Room No. 0 :0427;0354;0110;0464;0573;0268;0651;0628;0222;0295;0631;0135;0269;0660;0027;0374;0610;0548;0581;0644;0148;0138;0215;0041;0515;0103;0035;0018;0130;
Period 6:
Room No. 0 :0658;0050;0335;0448;0289;0288;0584;0525;0477;0575;0327;0028;0672;0260;0248;0244;0435;0249;0091;0013;0097;0145;0595;0593;0067;0579;0179;0367;
Period 7:
Room No. 0 :0558;0298;0140;0111;0583;0139;0532;0550;0486;0483;
Period 8:
Room No. 0 :0337;0490;0163;0075;0237;0472;0627;0661;0346;0650;0523;0382;0434;0673;0621;0147;0663;0678;0450;0596;0023;
Period 9:
Room No. 0 :0004;0498;0079;0173;0228;0320;0376;0106;0629;0545;0622;0649;0022;0121;0668;0207;0066;0423;0280;0257;0261;0614;0174;0065;
Period 10:
Room No. 0 :0143;0607;0333;0345;0021;0398;
Period 11:
Room No. 0 :0134;0068;0124;0403;0514;0503;0154;0454;0229;0388;0635;0624;0549;0527;0315;0574;0653;0499;0155;0526;0252;0077;0582;0197;0470;
Period 12:
Room No. 0 :0444;0086;0175;0340;0422;0399;0008;0467;0568;0519;0611;0284;0529;0586;0647;0633;0032;0141;
Period 13:
Room No. 0 :0235;0534;0231;0556;0643;0616;0136;0272;0682;0368;0113;0051;0052;
Period 14:
Room No. 0 :0482;0164;0312;0460;0566;0473;0099;0594;0311;0564;0087;0623;0188;0200;0114;0645;0458;
Period 15:
Room No. 0 :0241;0115;0334;0074;0401;0324;0232;0489;0576;0278;0424;0625;0183;0542;0034;0671;0463;0116;
Period 16:
Room No. 0 :0299;0495;
Period 17:
Room No. 0 :0081;0303;0587;0029;0125;0209;0677;0603;0014;0533;0329;0626;0431;0216;0445;
Period 18:
Room No. 0 :0162;0395;0413;0478;0521;0038;0641;0158;0386;0194;0665;0247;0024;0181;0540;0501;
Period 19:
Room No. 0 :0239;0359;0210;0421;0420;0493;0192;0561;0285;0474;0291;0565;0555;0380;0347;0170;0328;
Period 20:
Room No. 0 :0674;0010;0240;0101;0258;
Period 21:
Room No. 0 :0217;0082;0563;0202;0408;0304;0475;0664;0294;0377;0552;0492;0189;0602;0597;0605;0348;0256;
Period 22:
Room No. 0 :0522;0355;0058;0172;0351;0318;0053;0165;0480;0667;0620;0342;0098;0178;0275;
Period 23:
Room No. 0 :0262;0300;
Period 24:
Room No. 0 :0105;0507;0107;0076;0426;0271;0589;0089;0119;0026;0293;0453;0537;0316;0606;0109;0679;
Period 25:
Room No. 0 :0443;0375;0020;0211;0509;0171;0577;0538;0670;0120;0083;0307;0539;0554;0233;0011;0182;0142;0206;0637;0462;
Period 26:
Room No. 0 :0409;0150;0297;0151;
Period 27:
Room No. 0 :0520;0063;0461;0510;0047;0282;0468;0242;0220;0036;0230;0363;0666;
Period 28:
Room No. 0 :0392;0353;0190;0005;0429;0385;0054;0479;0204;0449;0283;0402;0642;0102;
Period 29:
Room No. 0 :0040;0360;
Period 30:
Room No. 0 :0238;0301;0073;0025;0512;0364;0112;0428;0224;0196;0287;0039;0344;0323;0128;
Period 31:
Room No. 0 :0356;0357;0517;0362;0031;0455;0361;0662;0432;0352;0518;0263;0243;0358;
Period 32:
Room No. 0 :0560;0236;0487;0466;0511;0471;0078;0314;0383;0572;0405;0176;0636;0646;0214;
Period 33:
Room No. 0 :0003;0313;
Period 34:
Room No. 0 :0055;0369;0567;0166;0638;0064;0371;0412;0046;0516;0404;0049;
Period 35:
Room No. 0 :0485;0659;0484;0456;0391;0118;0504;0281;0439;
Period 36:
Room No. 0 :0640;0080;0060;
Period 37:
Room No. 0 :0009;0394;0415;0366;0187;0393;0365;0502;0221;
Period 38:
Room No. 0 :0227;0559;0410;0093;0184;0153;0279;0457;0546;0465;0126;0088;0343;
Period 39:
Room No. 0 :0406;0169;
Period 40:
Room No. 0 :0095;0094;0205;0407;0599;0195;0505;0326;0305;0072;
Period 41:
Room No. 0 :0223;0497;0372;0006;0310;0600;0096;0266;0277;0208;0309;0451;
Period 42:
Room No. 0 :0411;0253;
Period 43:
Room No. 0 :0601;0157;0419;0350;0459;0491;0390;0325;0569;0062;0452;0185;
Period 44:
Room No. 0 :0397;0167;0226;0370;0436;0159;0212;0251;
Period 45:
Room No. 0 :0389;0059;0270;
Period 46:
Room No. 0 :0506;0193;0156;0513;0308;0604;0541;0019;
Period 47:
Room No. 0 :0225;0265;0500;0070;0339;0319;0191;0043;0494;0012;0057;0433;0071;0122;
Period 48:
Room No. 0 :0417;0418;0373;0001;0639;0571;0044;
Period 49:
Room No. 0 :0302;0048;0069;0446;
Period 50:
Room No. 0 :0447;0416;0168;0414;0378;0137;
