Period 0:
Room No. 0 :0473;0272;0358;0343;0036;0092;0365;0064;0522;0232;0628;0157;0100;0289;0250;0678;0676;0594;0010;0016;0617;0244;0198;0331;0260;0442;0140;0130;0641;0312;0222;0454;0088;0387;
Period 1:
Room No. 0 :0349;0147;0255;0090;0186;0441;0199;0655;0532;0033;0440;0654;0657;0127;0395;0394;0393;
Period 2:
Room No. 0 :0465;0144;0190;0117;0126;0555;0423;0133;0380;0466;0321;0609;0247;0066;0258;0608;0101;0616;0583;0653;0215;0596;0590;0342;0549;0235;0643;0434;0231;0290;0619;0163;0004;
Period 3:
Room No. 0 :0213;0265;0521;0104;0212;0490;0146;0288;0666;0548;0591;0262;0319;0435;0248;0615;0675;0148;0344;0680;0132;0634;0598;0492;0103;0225;0149;0550;
Period 4:
Room No. 0 :0333;0648;0556;0091;0345;0032;0530;0656;0015;0356;0376;0411;
Period 5:
Room No. 0 :0005;0152;0636;0611;0659;0211;0511;0544;0578;0372;0455;0582;0606;0297;0145;0200;0259;0201;0230;0039;0113;0277;
Period 6:
Room No. 0 :0158;0306;0286;0051;0271;0573;0438;0099;0119;0400;0204;0586;0627;0131;0647;0179;0322;0536;0470;0551;0011;0652;0602;0593;0614;0481;0679;0631;0528;0026;0110;0501;0197;0189;
Period 7:
Room No. 0 :0332;0037;0236;0396;0057;
Period 8:
Room No. 0 :0559;0059;0279;0194;0386;0256;0572;0660;0378;0512;0456;0269;0581;0295;0031;0129;0534;0595;0170;0014;
Period 9:
Room No. 0 :0253;0240;0175;0294;0384;0097;0560;0474;0468;0546;0670;0035;0124;0639;0216;0062;0381;0274;0635;0034;0603;0280;0178;0341;0682;0207;0613;0453;0257;
Period 10:
Room No. 0 :0618;0547;0329;0410;0052;0335;
Period 11:
Room No. 0 :0304;0228;0164;0600;0029;0106;0477;0128;0418;0589;0553;0494;0234;0142;0136;0673;0219;0629;0674;0305;0307;0610;0425;0514;0054;0607;0096;0108;
Period 12:
Room No. 0 :0496;0174;0430;0087;0134;0181;0339;0585;0121;0601;0622;0632;0143;0298;0592;0563;0621;0008;0109;
Period 13:
Room No. 0 :0469;0245;0292;0681;0045;0030;0154;
Period 14:
Room No. 0 :0408;0507;0168;0382;0084;0577;0584;0541;0317;0526;0203;0671;0315;0056;0182;0561;0012;0291;0579;0249;0503;0462;
Period 15:
Room No. 0 :0417;0202;0364;0552;0125;0667;0509;0471;0078;0077;0346;0007;0626;0637;0328;0217;0525;0242;0116;
Period 16:
Room No. 0 :0352;0498;0369;0353;0218;0427;0073;0074;0500;0114;0285;0668;0176;0612;0633;0564;0651;0642;0180;0135;0645;0535;0276;0557;0252;
Period 17:
Room No. 0 :0266;0261;0533;0070;0444;
Period 18:
Room No. 0 :0446;0445;0424;0075;0472;0624;0664;0449;0023;0281;0580;0111;0516;
Period 19:
Room No. 0 :0487;0401;0241;0303;0065;0115;0480;0405;0625;0359;0085;0649;0138;0527;0531;0141;0630;0620;0002;0044;0499;0309;
Period 20:
Room No. 0 :0392;
Period 21:
Room No. 0 :0151;0404;0379;0282;0270;0193;0402;0357;0502;0399;0669;0183;0529;0604;0063;0403;0542;0650;0558;
Period 22:
Room No. 0 :0003;0302;0374;0409;0337;0112;0479;0102;0187;0638;0518;0644;0554;0038;0209;0139;0524;0597;
Period 23:
Room No. 0 :0350;0351;
Period 24:
Room No. 0 :0520;0452;0320;0214;0588;0165;0587;0206;0047;0665;0510;0196;0083;0192;
Period 25:
Room No. 0 :0094;0338;0519;0368;0355;0383;0433;0287;0267;0028;0646;0323;0574;0079;
Period 26:
Room No. 0 :0489;0347;0672;0415;0506;
Period 27:
Room No. 0 :0017;0658;0172;0263;0013;0640;0623;0663;0072;0327;0019;
Period 28:
Room No. 0 :0173;0156;0661;0006;0419;0505;0293;0246;0316;0450;0677;0348;0195;0523;0208;0363;0122;
Period 29:
Room No. 0 :0223;0018;0414;
Period 30:
Room No. 0 :0443;0421;0662;0391;0169;0310;0080;0229;0605;0461;0543;
Period 31:
Room No. 0 :0210;0407;0239;0367;0515;0562;0278;0191;0098;0071;0324;0570;0463;0569;0575;0296;
Period 32:
Room No. 0 :0336;0422;0284;0069;0540;0373;0243;0061;0538;0459;0120;0220;0188;0264;0545;
Period 33:
Room No. 0 :0224;0497;
Period 34:
Room No. 0 :0334;0437;0301;0160;0464;0390;0227;0118;0086;0537;
Period 35:
Room No. 0 :0048;0432;0362;0360;0153;0137;0599;0488;0042;0491;0475;
Period 36:
Room No. 0 :0167;0308;0093;
Period 37:
Room No. 0 :0299;0429;0448;
Period 38:
Room No. 0 :0513;0377;0150;0273;0517;0406;0330;0439;0177;0123;0049;0467;
Period 39:
Room No. 0 :0485;0483;0486;
Period 40:
Room No. 0 :0484;0184;0366;0436;0318;0457;0568;0089;0539;0233;0268;
Period 41:
Room No. 0 :0354;0447;0159;0027;0361;0416;0476;0576;0508;0221;0388;0251;0009;
Period 42:
Room No. 0 :0413;0022;
Period 43:
Room No. 0 :0105;0398;0082;0068;0326;0081;0311;0340;0458;
Period 44:
Room No. 0 :0238;0107;0313;0370;0060;0493;0025;0478;0076;0426;
Period 45:
Room No. 0 :0300;0237;0001;
Period 46:
Room No. 0 :0482;0166;0375;0283;0566;0460;0067;
Period 47:
Room No. 0 :0397;0155;0226;0058;0046;0412;0161;0024;0385;0275;0325;0053;
Period 48:
Room No. 0 :0567;0021;0055;0428;0431;0050;0162;0389;0171;0571;0041;
Period 49:
Room No. 0 :0040;0420;0495;
Period 50:
Room No. 0 :0205;0095;0451;0185;0371;0043;0020;0565;0504;0254;0314;
