Period 0:
Room No. 0 :0048;0516;0570;0590;0565;0030;0215;0279;0654;0470;0617;0258;0036;0099;0085;0551;0249;0206;0423;0672;0186;0016;0528;0327;0680;0647;0673;0269;0678;0192;0165;0580;
Period 1:
Room No. 0 :0332;0378;0243;0440;0628;0503;0441;0592;0481;0657;0148;0345;0463;0655;0442;0199;0556;0033;0092;0610;0349;0608;0598;0130;0416;0210;0559;
Period 2:
Room No. 0 :0107;0237;0493;0555;0248;0529;0370;0346;0603;0266;0159;0252;0587;0543;0542;0141;0681;0643;0259;0665;0321;0222;0631;0286;0013;0387;0023;
Period 3:
Room No. 0 :0492;0363;0161;0197;0008;0343;0275;0102;0526;0289;0621;0116;0666;0430;0091;0322;0532;0609;0201;0602;0614;0032;0453;0435;0298;0627;0255;0015;0140;0593;0037;0150;0477;0187;
Period 4:
Room No. 0 :0537;0649;0244;0132;0656;0676;0272;0245;0177;0595;0333;0410;0355;0351;
Period 5:
Room No. 0 :0366;0605;0202;0415;0113;0478;0176;0180;0315;0274;0024;0287;0230;0260;0138;0641;0207;0589;0536;0146;0090;0547;0012;
Period 6:
Room No. 0 :0227;0350;0174;0457;0335;0162;0424;0663;0296;0257;0179;0200;0341;0426;0324;0268;0122;0384;0653;0635;0029;0285;0216;0591;0331;0616;0100;0550;0062;
Period 7:
Room No. 0 :0145;0003;0133;
Period 8:
Room No. 0 :0495;0658;0167;0049;0314;0521;0573;0569;0066;0063;0594;0548;0052;0127;0530;0613;0297;0476;0053;0055;
Period 9:
Room No. 0 :0095;0371;0412;0386;0175;0563;0509;0585;0662;0007;0254;0638;0451;0080;0235;0650;
Period 10:
Room No. 0 :0084;0553;0671;0348;0579;0606;0295;0117;0128;0035;0549;0623;0203;0596;0109;0097;0488;
Period 11:
Room No. 0 :0444;0173;0318;0552;0011;0474;0458;0196;0047;0640;0310;0583;0031;0575;0194;0468;0242;0136;0632;0524;0385;0147;0425;0290;0637;0399;
Period 12:
Room No. 0 :0392;0515;0239;0396;0407;0317;0288;0518;0110;0574;0554;0078;0629;0359;0191;
Period 13:
Room No. 0 :0648;0329;0144;0682;0531;0535;0588;0131;0360;0419;
Period 14:
Room No. 0 :0153;0270;0601;0228;0154;0185;0058;0636;0639;0262;0010;0120;0342;0557;0234;0607;0508;0479;0480;
Period 15:
Room No. 0 :0497;0336;0432;0307;0073;0379;0545;0056;0233;0459;0667;0469;0123;0306;0330;0034;0611;
Period 16:
Room No. 0 :0443;0151;0539;0431;0504;0501;0025;0571;0383;0089;0118;0597;0420;0677;0586;0462;0320;
Period 17:
Room No. 0 :0344;0347;0483;
Period 18:
Room No. 0 :0406;0246;0002;0465;0158;0511;0111;0319;0568;0439;0388;0622;0064;0668;0466;0326;0644;0280;0170;0247;0527;0619;0129;0088;0679;0149;0101;0114;
Period 19:
Room No. 0 :0398;0418;0356;0368;0473;0328;0642;0005;0604;0651;0669;0634;0645;0143;0108;0241;
Period 20:
Room No. 0 :0232;0534;0500;0353;
Period 21:
Room No. 0 :0566;0450;0069;0391;0281;0271;0067;0238;0400;0169;0578;0405;0620;0581;0261;0615;
Period 22:
Room No. 0 :0155;0070;0599;0157;0365;0413;0284;0316;0209;0221;0189;0125;0229;0582;0039;0646;
Period 23:
Room No. 0 :0625;0276;0142;0250;0630;0612;0533;0496;0558;0224;
Period 24:
Room No. 0 :0040;0361;0021;0096;0042;0421;0376;0659;0071;0618;0303;0104;0083;0577;0670;0675;0292;0652;0112;
Period 25:
Room No. 0 :0051;0490;0072;0522;0172;0106;0584;0464;0273;0564;0014;0256;0119;0208;
Period 26:
Room No. 0 :0352;0394;
Period 27:
Room No. 0 :0393;0456;0304;0074;0098;0339;0455;0181;0293;0403;0294;0674;0633;0377;0437;
Period 28:
Room No. 0 :0253;0560;0452;0411;0075;0214;0660;0081;0375;0523;0278;0572;0626;0499;0139;0135;0041;0220;0264;
Period 29:
Room No. 0 :0487;
Period 30:
Room No. 0 :0166;0484;0429;0183;0358;0190;0576;0283;0438;0121;0624;0231;0195;
Period 31:
Room No. 0 :0265;0017;0408;0467;0045;0600;0027;0068;0494;0077;0380;0291;0561;0219;
Period 32:
Room No. 0 :0446;0134;0163;0513;0510;0338;0472;0433;0369;0124;0277;0251;0544;0182;
Period 33:
Room No. 0 :0485;
Period 34:
Room No. 0 :0300;0498;0001;0308;0311;0076;0448;0427;0546;0198;0043;0188;0057;0126;0204;
Period 35:
Room No. 0 :0661;0094;0414;0178;0512;0061;0152;0305;0065;0093;0103;0381;0461;
Period 36:
Room No. 0 :0164;0226;
Period 37:
Room No. 0 :0334;0519;0006;0160;0301;0460;0382;0422;0028;0079;
Period 38:
Room No. 0 :0397;0364;0404;0395;0325;0475;0517;
Period 39:
Room No. 0 :0168;0434;0236;
Period 40:
Room No. 0 :0354;0447;0373;0436;0184;0267;0525;0540;0664;0212;0312;
Period 41:
Room No. 0 :0506;0156;0218;0193;0323;0538;0086;0428;0454;0374;0541;0309;
Period 42:
Room No. 0 :0223;
Period 43:
Room No. 0 :0225;0213;0313;0337;0240;0390;0449;0367;0502;0087;0009;0137;
Period 44:
Room No. 0 :0567;0050;0514;0372;0401;0489;0054;0340;0038;0046;0060;
Period 45:
Room No. 0 :0115;0409;0019;0020;
Period 46:
Room No. 0 :0520;0282;0171;0026;0211;
Period 47:
Room No. 0 :0217;0417;0357;0505;0471;0389;0044;0263;0018;0022;
Period 48:
Room No. 0 :0486;0059;0562;0362;0491;
Period 49:
Room No. 0 :0507;0205;
Period 50:
Room No. 0 :0105;0302;0402;0082;0004;
