Period 0:
Room No. 0 :0505;0199;0248;0337;0204;0631;0678;0549;0465;0101;0144;0435;0650;0615;0588;0317;0531;0609;0579;0526;0628;0106;0291;0440;0257;0120;0556;0606;0180;0148;0031;0249;0333;0378;0647;0321;0671;0092;0528;0197;0619;0596;0384;0655;0016;0442;0186;0657;0286;0329;0201;0117;0090;0110;0061;0055;0463;0247;
Period 1:
Room No. 0 :0423;0470;0618;0441;0654;0140;0255;0033;0349;0394;
Period 2:
Room No. 0 :0174;0212;0438;0207;0340;0365;0151;0281;0325;0677;0570;0533;0260;0250;0561;0608;0145;0122;0234;0032;0103;0013;0037;0332;0077;0578;0597;0643;0574;
Period 3:
Room No. 0 :0482;0232;0074;0275;0386;0672;0141;0184;0424;0194;0583;0562;0274;0022;0679;0590;0346;0298;0136;0453;0018;0108;0529;0380;0324;0592;0116;0179;
Period 4:
Room No. 0 :0200;0345;0548;0635;0015;0331;0656;0127;0215;0091;0550;0272;0237;
Period 5:
Room No. 0 :0432;0369;0282;0305;0075;0580;0653;0052;0327;0208;0023;0541;0569;0532;0132;0051;0665;0589;0162;0363;0558;0261;0143;0598;0595;
Period 6:
Room No. 0 :0419;0026;0278;0254;0471;0509;0375;0629;0534;0323;0153;0264;0645;0582;0078;0341;0042;0262;0680;0209;0131;0195;0221;0638;
Period 7:
Room No. 0 :0104;0216;0607;0591;0295;0146;0048;0460;0413;
Period 8:
Room No. 0 :0334;0168;0310;0311;0119;0411;0478;0584;0196;0662;0670;0088;0536;0527;0681;0553;0290;0203;
Period 9:
Room No. 0 :0364;0407;0095;0268;0014;0402;0624;0359;0587;0133;0285;0292;0109;0072;0648;0348;0220;0176;0489;0652;0617;0543;0675;0603;0138;0682;0613;0538;0128;
Period 10:
Room No. 0 :0537;0139;0547;0244;0142;0036;0030;0259;0483;0351;
Period 11:
Room No. 0 :0094;0376;0511;0632;0308;0623;0231;0649;0361;0330;0280;0245;0610;0642;0518;0676;0222;0455;0479;0524;0135;0087;0439;
Period 12:
Room No. 0 :0270;0134;0224;0303;0165;0024;0454;0464;0057;0124;0063;0276;0189;0039;0621;0555;0581;0602;0523;
Period 13:
Room No. 0 :0235;0616;0242;0633;0011;0593;0559;0205;
Period 14:
Room No. 0 :0302;0002;0513;0058;0488;0304;0185;0041;0113;0342;0646;0660;0246;0047;0473;0666;0097;
Period 15:
Room No. 0 :0001;0508;0490;0385;0491;0563;0572;0433;0328;0043;0161;0181;0335;0404;0492;0674;0673;0126;0540;0230;
Period 16:
Room No. 0 :0396;0366;0409;0397;0083;0517;0315;0626;0535;0066;0614;0515;
Period 17:
Room No. 0 :0129;0557;0387;0393;0486;0468;
Period 18:
Room No. 0 :0520;0373;0400;0575;0158;0382;0669;0461;0111;0530;0147;0634;0198;0542;0100;0297;0551;0171;0358;
Period 19:
Room No. 0 :0265;0213;0225;0076;0240;0125;0187;0519;0159;0316;0427;0501;0289;0149;0637;0027;0099;0288;
Period 20:
Room No. 0 :0481;0630;0594;0003;0448;
Period 21:
Room No. 0 :0507;0049;0498;0566;0370;0312;0192;0056;0175;0620;0071;0585;0429;0544;0112;
Period 22:
Room No. 0 :0487;0005;0115;0452;0661;0320;0437;0663;0178;0114;0622;0251;0644;0130;0293;0469;0612;0627;0170;0425;
Period 23:
Room No. 0 :0395;
Period 24:
Room No. 0 :0443;0339;0401;0503;0069;0390;0379;0405;0601;0121;0430;0008;0641;0668;0154;0306;
Period 25:
Room No. 0 :0357;0367;0466;0217;0474;0267;0521;0086;0188;0326;0477;0625;0010;0554;0431;0356;0046;
Period 26:
Room No. 0 :0462;0414;0586;0651;0152;
Period 27:
Room No. 0 :0155;0412;0150;0226;0006;0516;0263;0118;0458;0271;0243;0269;0182;0102;0377;0568;
Period 28:
Room No. 0 :0160;0510;0354;0599;0362;0318;0600;0428;0256;0252;0258;0406;0480;
Period 29:
Room No. 0 :0296;0347;0322;0360;0236;
Period 30:
Room No. 0 :0392;0495;0167;0504;0067;0079;0054;0028;0545;0353;
Period 31:
Room No. 0 :0336;0459;0576;0514;0389;0426;0070;0307;0073;0639;0502;0085;0266;0029;0233;0309;0123;
Period 32:
Room No. 0 :0485;0021;0368;0191;0060;0399;0294;0166;0343;0007;
Period 33:
Room No. 0 :0299;0496;
Period 34:
Room No. 0 :0223;0301;0408;0093;0082;0035;0605;0177;0344;0229;
Period 35:
Room No. 0 :0444;0338;0446;0447;0183;0422;0068;0190;
Period 36:
Room No. 0 :0080;0525;0313;0436;0107;0287;
Period 37:
Room No. 0 :0105;0398;0475;0098;0219;
Period 38:
Room No. 0 :0300;0421;0239;0163;0214;0089;0577;0499;0025;
Period 39:
Room No. 0 :0658;0017;
Period 40:
Room No. 0 :0040;0157;0560;0451;0172;0388;0565;0497;0084;0604;0279;
Period 41:
Room No. 0 :0484;0410;0241;0019;0227;0372;0012;0457;0636;0044;0096;0476;0137;
Period 42:
Room No. 0 :0193;0164;0020;
Period 43:
Room No. 0 :0417;0210;0573;0383;0038;0418;0493;0081;0494;0314;0539;
Period 44:
Room No. 0 :0506;0173;0156;0500;0659;0218;0319;0206;0277;0640;
Period 45:
Room No. 0 :0415;0202;0434;
Period 46:
Room No. 0 :0050;0567;0009;0169;0416;0053;0472;0611;0552;0667;0211;
Period 47:
Room No. 0 :0228;0352;0238;0456;0273;0062;0546;0564;0374;0371;0403;0512;
Period 48:
Room No. 0 :0522;0350;0449;0420;0664;0065;0034;0064;0391;0450;
Period 49:
Room No. 0 :0445;0355;
Period 50:
Room No. 0 :0045;0059;0004;0571;0467;0381;0284;0283;
