Period 0:
Room No. 0 :0072;0541;0477;0680;0131;0641;0278;0591;0405;0515;0260;0095;0296;0543;0598;0634;0671;0666;0532;0332;0201;0216;0090;0186;0459;0558;0317;0120;0564;0172;0110;
Period 1:
Room No. 0 :0114;0345;0647;0618;0101;0550;0195;0613;0349;0440;0654;0092;0036;0441;0116;0609;0655;0016;0182;0199;0033;0657;0051;
Period 2:
Room No. 0 :0065;0011;0462;0063;0077;0136;0573;0503;0157;0435;0279;0681;0620;0561;0548;0333;0348;0521;0673;0592;0039;0139;0322;0038;0597;0617;0207;0533;0463;0130;0608;0259;0376;0330;0103;
Period 3:
Room No. 0 :0105;0453;0646;0468;0581;0291;0579;0668;0194;0014;0610;0629;0593;0403;0679;0529;0474;0315;0066;0534;0595;0378;0660;0032;0341;0255;0247;0512;0037;0560;0230;0197;0064;
Period 4:
Room No. 0 :0607;0149;0295;0331;0656;0615;0091;0140;0154;0148;0519;
Period 5:
Room No. 0 :0498;0024;0045;0621;0479;0377;0301;0261;0165;0287;0438;0588;0500;0677;0050;0074;0328;0429;0670;0582;0200;
Period 6:
Room No. 0 :0490;0253;0236;0316;0208;0262;0648;0143;0070;0675;0625;0147;0133;0535;0676;0622;0554;0285;0387;0167;0652;0344;0590;0075;0382;0442;0269;0616;0537;0127;0540;0170;0380;0549;
Period 7:
Room No. 0 :0280;0015;0104;0528;0631;0272;0409;0483;0151;
Period 8:
Room No. 0 :0505;0424;0115;0517;0047;0563;0178;0012;0002;0321;0643;0626;0525;0191;0286;0123;0117;0141;0580;0480;0557;0097;0108;0458;0637;
Period 9:
Room No. 0 :0514;0352;0465;0353;0274;0217;0119;0168;0294;0007;0400;0267;0081;0640;0555;0206;0603;0252;0144;0578;0530;0464;
Period 10:
Room No. 0 :0100;0235;0425;0556;0551;0596;0329;0244;0334;
Period 11:
Room No. 0 :0407;0567;0373;0158;0171;0584;0667;0008;0209;0080;0250;0357;0461;0183;
Period 12:
Room No. 0 :0270;0389;0134;0565;0495;0427;0102;0454;0239;0049;0121;0146;0020;0492;0046;
Period 13:
Room No. 0 :0653;0518;0536;0606;0627;0583;0138;0612;0132;0302;0482;
Period 14:
Room No. 0 :0394;0430;0509;0175;0401;0084;0198;0009;0471;0568;0354;0546;0137;0031;0248;0374;
Period 15:
Room No. 0 :0152;0361;0059;0283;0571;0516;0226;0125;0636;0176;0605;0229;0030;0019;0649;0222;0602;0346;0469;0215;0145;0619;0531;
Period 16:
Room No. 0 :0003;0227;0451;0164;0513;0422;0663;0391;0638;0111;0623;0678;0029;0129;0553;0268;0524;0018;
Period 17:
Room No. 0 :0258;0614;0234;0547;0417;0054;
Period 18:
Room No. 0 :0484;0369;0428;0273;0406;0431;0044;0600;0642;0651;0342;0587;0290;0196;0113;
Period 19:
Room No. 0 :0392;0395;0413;0386;0470;0327;0569;0128;0632;0419;
Period 20:
Room No. 0 :0221;0298;0645;0088;0526;0010;0180;0682;0393;0367;
Period 21:
Room No. 0 :0486;0411;0390;0022;0661;0026;0410;0340;0324;0473;0254;0633;0142;0672;0347;0288;0089;0257;
Period 22:
Room No. 0 :0150;0006;0416;0566;0370;0466;0343;0385;0233;0243;0363;0251;0639;0124;0423;0630;0650;0155;0041;
Period 23:
Room No. 0 :0096;0308;0447;0083;
Period 24:
Room No. 0 :0210;0475;0457;0365;0599;0281;0559;0574;0126;
Period 25:
Room No. 0 :0202;0375;0021;0601;0439;0311;0491;0211;0062;0589;0189;0035;0644;0542;0306;0122;0099;0624;
Period 26:
Room No. 0 :0628;0481;0106;0522;0223;
Period 27:
Room No. 0 :0055;0163;0173;0212;0005;0450;0437;0271;0384;0527;0179;0501;0669;0293;0289;0249;0023;
Period 28:
Room No. 0 :0004;0228;0058;0412;0326;0190;0245;0575;0635;0381;0319;0078;0242;
Period 29:
Room No. 0 :0496;0299;
Period 30:
Room No. 0 :0160;0087;0314;0421;0297;0231;0544;0674;0388;0502;0052;
Period 31:
Room No. 0 :0350;0358;0356;0181;0025;0162;0264;0351;0402;0539;0323;0061;0434;0538;0510;0292;0585;
Period 32:
Room No. 0 :0520;0192;0204;0320;0275;0220;0112;0594;
Period 33:
Room No. 0 :0224;0193;0238;
Period 34:
Room No. 0 :0040;0368;0169;0562;0499;0404;0455;0383;0511;0086;0276;0282;0263;0161;
Period 35:
Room No. 0 :0001;0397;0364;0433;0109;0232;0472;0325;0572;0053;0570;0335;0185;
Period 36:
Room No. 0 :0415;0174;
Period 37:
Room No. 0 :0443;0445;0444;0082;0338;0203;0664;0523;0135;0476;
Period 38:
Room No. 0 :0506;0156;0488;0246;0071;0545;0494;0118;0448;0312;0266;0426;0665;0069;0493;
Period 39:
Room No. 0 :0360;0240;0552;
Period 40:
Room No. 0 :0107;0658;0313;0027;0218;0076;0611;0219;0604;0362;
Period 41:
Room No. 0 :0485;0304;0487;0508;0166;0379;0399;0659;0303;0013;0159;0177;0256;
Period 42:
Room No. 0 :0507;
Period 43:
Room No. 0 :0048;0153;0449;0497;0213;0446;0310;0068;0432;0085;0305;0307;
Period 44:
Room No. 0 :0094;0355;0420;0339;0408;0060;0467;0188;0284;0489;0577;
Period 45:
Room No. 0 :0241;0300;
Period 46:
Room No. 0 :0017;0414;0396;0366;0187;0098;0662;0318;
Period 47:
Room No. 0 :0336;0184;0034;0504;0079;0056;0359;0576;0214;0309;0067;0277;0452;
Period 48:
Room No. 0 :0265;0237;0042;0460;0073;0337;0057;0478;0093;
Period 49:
Room No. 0 :0436;0372;0225;
Period 50:
Room No. 0 :0418;0205;0398;0371;0028;0456;0586;0043;
