Period 0:
Room No. 0 :0304;0430;0065;0257;0637;0452;0591;0019;0159;0349;0544;0649;0141;0333;0274;0557;0280;0009;0672;0616;0550;0249;0186;0033;0295;0676;0092;0147;0106;0201;0177;0285;0654;0481;0643;0292;0234;0502;0189;0598;0329;0633;0016;0337;
Period 1:
Room No. 0 :0533;0266;0441;0657;0440;0148;0137;0442;0267;0655;0255;0401;0223;
Period 2:
Room No. 0 :0574;0400;0260;0102;0433;0320;0094;0125;0061;0554;0607;0197;0037;0276;0145;0178;0133;0462;0609;0008;0617;0493;0578;0681;0542;0291;0387;0619;0331;0547;0140;0461;0464;0540;0345;0537;
Period 3:
Room No. 0 :0300;0118;0405;0028;0512;0196;0214;0231;0632;0548;0470;0091;0089;0425;0682;0558;0144;0592;0237;0247;0568;0099;0363;0480;0669;0057;
Period 4:
Room No. 0 :0612;0642;0248;0290;0109;0272;0332;0656;0015;0602;0389;0302;0049;
Period 5:
Room No. 0 :0529;0171;0083;0204;0352;0488;0491;0543;0566;0553;0123;0013;0471;0108;0629;0259;0606;0252;0650;0182;0474;0590;0198;0127;0593;0551;0492;0423;0468;0117;0647;
Period 6:
Room No. 0 :0409;0058;0408;0246;0040;0168;0406;0211;0318;0570;0261;0653;0124;0535;0030;0344;0090;0286;0451;0624;0014;0469;0042;
Period 7:
Room No. 0 :0179;0245;0618;0595;0321;0610;0146;0269;0100;0597;0507;
Period 8:
Room No. 0 :0513;0506;0571;0505;0085;0605;0473;0262;0319;0312;0130;0200;0510;0561;0138;0435;0673;0536;0187;0532;0346;0680;0073;0143;
Period 9:
Room No. 0 :0068;0517;0359;0586;0021;0525;0559;0479;0298;0251;0081;0403;0556;0207;0134;0665;0615;0032;0677;0652;0235;0220;0630;0489;0316;0244;0608;0528;0579;0053;
Period 10:
Room No. 0 :0136;0658;0454;
Period 11:
Room No. 0 :0443;0115;0445;0025;0281;0243;0476;0603;0645;0459;0069;0668;0477;0382;0347;0129;0531;
Period 12:
Room No. 0 :0486;0487;0667;0420;0661;0330;0063;0428;0348;0375;0635;0086;0216;0648;0509;0047;0029;
Period 13:
Room No. 0 :0674;0209;0526;0636;0132;0555;0613;0238;0485;
Period 14:
Room No. 0 :0003;0072;0301;0460;0350;0432;0139;0024;0581;0078;0467;0342;0324;0604;0288;0215;0386;0455;0296;0596;0170;0113;
Period 15:
Room No. 0 :0239;0421;0126;0577;0020;0372;0080;0169;0149;0383;0589;0565;0675;0097;0066;0627;0518;0376;0307;0116;0180;0631;
Period 16:
Room No. 0 :0397;0395;0026;0412;0422;0402;0181;0367;0120;0007;0277;0501;
Period 17:
Room No. 0 :0230;0549;0101;0265;0258;0077;
Period 18:
Room No. 0 :0600;0225;0457;0212;0055;0174;0424;0128;0287;0018;0499;0671;0011;0034;0588;0036;0478;
Period 19:
Room No. 0 :0056;0048;0497;0164;0378;0545;0639;0580;0283;0284;0678;0088;0399;0530;0328;0341;0628;0119;0010;0054;0104;
Period 20:
Room No. 0 :0614;0131;0365;0446;0250;0472;
Period 21:
Room No. 0 :0205;0418;0552;0569;0263;0511;0524;0572;0679;0199;0219;0093;0153;
Period 22:
Room No. 0 :0107;0353;0515;0413;0218;0582;0640;0229;0023;0527;0005;0534;0611;0666;0541;0634;0343;0208;0373;
Period 23:
Room No. 0 :0095;
Period 24:
Room No. 0 :0017;0160;0270;0466;0135;0098;0388;0112;0303;0297;0663;0521;0195;0626;0564;0583;0651;0142;0233;0366;
Period 25:
Room No. 0 :0334;0162;0158;0573;0194;0122;0264;0644;0268;0381;0191;0322;0084;0622;
Period 26:
Room No. 0 :0417;0226;
Period 27:
Room No. 0 :0152;0560;0059;0377;0165;0275;0289;0327;0575;0035;0293;0031;0646;0523;0111;0516;0620;0103;0242;0361;
Period 28:
Room No. 0 :0156;0495;0659;0157;0076;0256;0273;0391;0641;0380;0522;0585;0623;0222;0594;
Period 29:
Room No. 0 :0001;0357;
Period 30:
Room No. 0 :0354;0041;0415;0369;0309;0002;0176;0587;0311;0323;0427;0625;0660;0096;0070;
Period 31:
Room No. 0 :0339;0210;0498;0563;0429;0448;0662;0315;0188;0087;0325;0670;0384;0114;
Period 32:
Room No. 0 :0484;0241;0282;0074;0664;0546;0012;0538;0206;0368;0404;0044;0621;0163;
Period 33:
Room No. 0 :0500;0392;
Period 34:
Room No. 0 :0299;0172;0062;
Period 35:
Room No. 0 :0253;0227;0254;0271;0437;0294;0385;0508;0154;
Period 36:
Room No. 0 :0370;0173;0396;
Period 37:
Room No. 0 :0393;0398;0438;0394;0362;
Period 38:
Room No. 0 :0356;0004;0351;0358;0407;0082;0490;0434;0192;0463;0317;0221;
Period 39:
Room No. 0 :0562;0482;
Period 40:
Room No. 0 :0336;0450;0184;0161;0278;0453;0022;0121;0071;0439;
Period 41:
Room No. 0 :0414;0308;0067;0190;0431;0465;0203;0310;0232;0599;0151;0150;
Period 42:
Room No. 0 :0410;0483;
Period 43:
Room No. 0 :0340;0175;0050;0411;0335;0456;0045;0279;0038;0079;0504;0046;
Period 44:
Room No. 0 :0313;0051;0338;0496;0006;0064;0166;0052;0314;0638;0390;
Period 45:
Room No. 0 :0155;
Period 46:
Room No. 0 :0567;0240;0519;0360;0494;0043;0185;0039;0436;0584;
Period 47:
Room No. 0 :0355;0364;0213;0202;0475;0306;0539;0514;0426;0060;0326;0217;
Period 48:
Room No. 0 :0105;0224;0601;0458;0576;0419;0075;0183;0305;0379;0110;
Period 49:
Room No. 0 :0228;0236;0193;0449;
Period 50:
Room No. 0 :0447;0444;0416;0371;0027;0167;0503;0374;
