0 2 
0 
0 2 4 
0 2 
0 5 6 11 
5 6 11 
2 7 
2 
0 
0 2 
2 11 
0 
5 
0 2 7 
0 
5 8 
0 2 
0 
0 
0 5 
0 2 
5 
0 
0 
0 8 
5 
0 3 6 
2 
6 
0 
3 18 32 
2 3 
0 
0 
0 4 
3 
0 
2 6 25 
0 5 
0 2 9 
0 3 
0 
0 
2 
8 
4 
0 
0 8 11 
0 
0 2 
0 
0 
0 2 
2 
2 
0 4 
2 6 
9 
12 15 
0 4 
9 
0 5 9 11 
2 3 8 9 28 
0 
0 2 
0 2 
2 
0 
3 
0 6 
0 2 3 5 
2 8 
3 6 
0 5 
2 5 
0 
0 
0 3 
0 
0 
5 9 11 
0 
12 18 22 24 
0 
0 3 11 
2 3 9 12 21 
5 
0 2 
2 5 11 
3 
0 
0 5 9 
0 5 
2 
3 5 8 
0 
0 2 5 
2 3 5 
0 6 
5 8 11 18 
0 
2 3 31 
2 5 
0 
0 6 
3 5 
7 
3 5 18 25 30 
2 6 
0 6 
0 
0 
6 
3 
0 2 
2 5 
0 2 
0 
2 4 
0 2 12 19 
2 3 6 8 25 
0 3 8 9 16 
0 6 
0 4 
0 19 25 
0 5 11 
6 8 15 16 
0 2 
2 
0 11 
2 6 9 31 
0 
5 
2 5 
0 
0 2 5 
2 6 8 25 32 
0 
0 2 
0 3 5 11 
0 8 28 30 
0 6 
3 12 16 21 30 
0 2 5 
0 2 5 
16 18 25 27 31 
8 
0 3 6 8 
5 6 
0 
0 
2 9 16 27 32 
0 2 
5 6 12 19 
2 6 8 12 16 
0 
2 4 6 
5 
2 8 
2 8 
2 
0 
6 
5 12 18 
0 2 6 
2 
2 3 12 
16 21 22 30 
0 
0 
2 5 
2 5 
0 
9 11 16 18 
0 
0 2 5 
2 7 
0 2 3 11 15 25 
0 5 8 18 27 
0 2 11 18 
12 19 22 
5 16 18 
0 2 5 8 14 15 32 
0 5 14 28 
0 
5 
3 5 
0 2 8 24 31 
9 12 15 22 
0 
0 6 12 15 16 27 
0 3 12 19 32 
9 15 22 25 
0 2 
0 5 11 15 16 
3 8 9 22 
0 
22 27 
0 5 18 
2 3 
3 16 18 
2 8 11 15 16 18 
12 18 34 
5 9 12 18 
0 2 6 8 9 
0 6 11 15 
3 
0 6 
2 3 15 24 27 
0 6 14 27 
0 8 
0 
0 3 8 14 27 
2 3 
0 5 6 28 
8 9 12 25 
2 
0 
0 6 
3 15 16 18 25 
2 
0 
0 6 22 31 
0 5 7 
2 4 
11 27 
0 2 5 8 15 
0 4 
12 14 15 19 30 
0 4 8 
0 2 3 
2 
0 
0 
3 
6 
2 8 
2 5 8 
0 2 3 8 12 
0 2 
0 3 5 
0 
3 
0 3 
0 2 5 14 
0 2 6 16 
0 2 5 8 9 16 
0 3 8 11 12 
0 
3 15 16 19 28 32 
11 
0 6 15 21 
3 5 9 28 32 
8 12 18 19 
3 5 9 11 
18 25 28 31 
0 2 6 8 11 
3 8 9 19 
2 3 8 
3 8 14 15 31 32 
0 3 6 9 11 
0 
0 2 3 5 
2 
2 3 6 
0 2 3 5 11 12 
0 2 5 8 12 
2 5 12 15 32 
0 12 15 16 19 
9 11 18 19 
5 21 28 31 
3 
0 2 12 18 22 
2 3 
0 8 
2 3 5 9 
3 5 8 15 27 
0 2 3 
3 5 
9 12 
0 9 15 28 
0 
0 
5 8 18 27 28 
5 6 15 27 
3 5 9 15 
0 
12 15 21 27 
5 6 11 12 
5 8 14 25 30 32 
0 3 9 16 
3 
0 2 8 
11 12 14 28 
0 8 18 19 32 
6 16 18 22 24 
0 9 34 
5 16 18 19 27 
3 5 11 12 15 
0 
6 14 28 
0 5 12 32 
0 2 
3 5 6 22 28 
5 9 19 21 25 
0 5 18 
0 3 11 15 31 
0 2 
0 2 19 28 
2 3 6 12 15 18 
5 8 9 22 30 
0 
0 3 5 8 11 12 
0 12 18 34 
2 3 6 9 12 
2 3 8 9 12 
3 8 9 34 
5 11 12 15 16 21 
6 8 11 12 16 
2 3 9 12 15 
0 6 8 9 11 
0 2 3 8 16 
3 5 15 19 21 30 
0 8 14 15 27 
2 9 15 16 24 
0 
6 11 
12 27 32 34 
0 
2 3 5 15 18 
3 5 11 14 15 
0 2 
2 3 5 8 9 12 
0 9 14 
2 5 8 11 
0 14 27 34 
0 2 5 6 12 15 
3 11 19 30 31 
0 2 5 6 14 15 
9 11 12 16 25 
5 9 22 25 
0 6 9 11 
8 12 25 31 32 
3 6 11 15 24 28 
0 
0 2 15 24 
2 11 16 18 19 30 
0 2 8 
5 8 9 14 16 
15 19 22 
6 8 11 
0 
0 2 3 6 11 
11 12 18 28 
0 
0 
0 5 11 16 27 
0 16 28 34 
15 22 25 
12 15 22 27 
0 2 3 6 12 15 
0 2 5 8 12 14 16 
0 5 18 
2 6 8 11 19 
0 15 21 25 
3 11 18 19 25 
5 6 14 15 16 
0 
19 22 34 
2 3 5 
3 9 15 25 28 
6 14 28 31 32 
0 2 12 14 19 27 
0 5 16 21 
2 5 
0 
8 9 15 21 
0 3 16 22 24 
3 5 
0 2 6 9 22 
0 
0 5 27 31 
9 21 27 
2 9 11 
0 2 4 
0 2 5 8 
0 2 8 
2 16 21 22 31 
0 2 5 6 8 12 18 
0 2 3 5 8 9 
0 
0 
2 3 6 9 11 12 32 
2 3 5 6 
5 6 12 14 
2 3 5 15 16 
0 3 8 
3 9 11 18 
0 5 9 21 
8 11 12 16 
0 
27 
0 2 
3 6 9 12 
5 9 15 18 
0 5 15 21 
3 6 12 
0 2 8 9 14 16 25 
2 5 6 9 12 16 27 
0 3 5 6 11 15 
5 11 
11 18 21 34 
0 9 16 25 32 
3 8 
0 2 5 8 11 
0 3 8 27 
0 2 5 8 
3 11 12 15 16 24 
0 
2 6 8 11 14 22 
0 
6 15 19 22 
0 12 15 22 
0 
2 6 8 12 16 18 
0 
0 5 6 9 11 
0 
0 2 
2 5 8 
0 2 
0 3 
15 19 22 
0 
3 5 8 18 
2 3 5 6 8 16 
2 5 21 22 28 
0 3 5 6 8 22 32 
0 5 25 27 
0 11 15 25 31 
2 5 9 11 15 
0 
8 19 21 27 
3 6 
3 6 12 15 18 21 
0 
0 
0 
0 4 
0 2 
2 6 
0 
9 21 
0 
0 
9 11 15 34 
6 11 12 31 
8 11 14 15 16 18 
0 
0 2 
0 2 5 11 14 18 32 
0 
2 5 6 8 16 
2 5 6 8 16 
0 
2 3 6 8 12 
2 6 11 16 19 
0 6 8 11 16 19 25 
2 5 11 12 15 
12 21 27 
12 15 18 28 
0 2 3 5 11 
5 15 18 27 
8 9 11 27 
0 5 6 11 15 16 
0 6 9 25 34 
3 6 8 14 
0 11 14 15 
0 6 8 
0 
15 18 21 
0 
0 6 9 11 
0 2 5 6 8 16 
5 9 15 18 19 
0 31 
2 5 14 28 
3 6 8 11 12 
0 2 8 11 
0 2 8 9 
2 5 18 22 32 
0 5 8 9 
5 6 12 15 25 
6 8 11 12 19 
2 5 6 12 14 15 
2 9 
0 2 5 12 16 27 
2 3 9 16 31 32 
3 5 6 14 15 16 
0 3 5 6 8 18 
3 5 15 19 
0 
6 9 25 28 
9 12 18 24 25 
0 2 5 14 16 25 32 
0 19 22 25 32 
0 2 5 12 14 15 
0 12 15 21 24 
5 11 22 31 
0 9 11 12 
0 5 19 28 
0 2 3 
0 
0 15 18 27 
2 5 6 11 19 
3 5 6 12 15 
0 8 15 16 25 
6 14 16 28 
0 15 18 21 
3 5 11 15 
9 11 14 15 16 
2 5 6 18 28 
9 15 18 25 27 
2 5 6 31 
5 15 22 
0 8 25 28 
11 16 21 28 
2 3 5 6 25 
0 
0 11 12 15 18 
3 5 16 22 
0 
2 3 5 11 14 
0 
8 18 19 22 25 32 
0 
0 2 4 
0 
0 
5 18 21 28 
2 8 9 16 22 24 
2 3 6 11 14 15 
0 
2 
0 15 22 24 
6 27 
0 2 4 8 11 
5 14 18 21 27 
0 
5 11 16 27 28 
5 8 9 11 14 22 
0 2 3 15 18 
2 14 15 19 28 
2 5 18 19 
5 6 15 18 28 
2 12 15 31 
0 
3 5 6 8 15 18 
2 5 8 16 18 27 
0 
0 
3 5 12 14 15 
0 2 3 15 16 28 
0 9 
8 15 22 
0 3 5 8 18 
11 21 22 25 27 32 
2 18 19 21 27 
2 6 14 18 28 
2 3 9 11 18 
0 3 16 24 
0 3 5 11 15 16 
5 6 12 15 
3 15 18 21 28 
0 2 5 18 
12 14 15 27 
5 12 15 25 
0 2 5 16 25 27 
0 3 5 9 
3 5 12 15 18 
0 3 8 11 12 
5 11 27 28 
0 8 25 28 
2 6 11 18 
9 12 
0 
0 2 5 6 8 9 
2 6 18 22 
5 15 22 27 
0 2 8 9 
0 2 3 12 15 
0 15 16 19 31 
0 6 9 11 21 
0 2 6 11 
8 12 28 
6 8 9 15 
6 25 31 34 
0 2 5 6 19 
0 3 8 18 
0 3 6 8 11 14 32 
2 6 11 15 16 28 32 
0 
0 2 5 8 9 16 
3 5 6 14 15 
0 18 19 27 
6 8 19 
0 21 27 31 
0 
9 15 16 22 32 
2 5 12 18 27 
2 12 15 16 21 
2 5 6 8 15 
0 8 18 22 
0 
0 
8 9 19 
0 5 8 11 12 18 30 
0 2 8 9 
0 2 5 8 9 16 
0 
3 8 15 16 25 28 
0 3 8 11 30 
2 6 11 12 15 16 
6 8 16 22 28 
0 5 12 15 18 
5 15 18 
0 5 6 15 16 19 
3 6 9 16 22 
0 3 5 9 12 32 
0 5 8 28 
0 9 21 31 
0 
2 6 8 14 15 25 28 
3 11 14 15 22 24 
0 
6 11 
0 6 14 16 18 
0 
5 6 8 12 15 18 25 
0 
8 11 15 16 28 
2 5 6 21 27 
0 5 6 9 11 19 
2 8 15 16 22 25 28 
0 3 5 18 27 
3 15 19 25 28 32 
0 3 5 15 18 
5 6 12 
0 5 15 18 
2 6 11 12 19 
11 14 19 28 
0 5 6 11 12 16 
0 2 6 8 30 32 
0 
0 5 18 27 32 
2 5 11 16 19 
0 2 14 27 
8 9 14 16 19 21 
5 11 15 19 22 
0 2 3 9 18 
2 3 5 16 
2 5 8 16 18 
0 15 18 21 
0 2 5 11 16 32 
0 
6 8 12 16 19 
0 5 6 8 12 15 18 25 
0 
0 
3 5 6 28 
0 4 8 9 
0 3 9 
0 5 6 11 
6 18 19 22 
3 11 15 16 18 22 
0 
0 8 14 15 16 
11 27 
2 3 12 16 31 
0 
0 
2 6 9 12 19 
0 
2 6 18 25 28 
0 2 3 11 
3 5 6 8 11 15 
0 2 6 8 
0 
2 4 6 8 11 
2 6 14 16 21 28 
3 5 12 28 
0 
0 2 6 8 9 
2 5 6 12 
0 2 9 
5 6 21 
5 6 12 22 
0 2 5 14 15 16 32 
0 14 16 24 28 
0 2 5 15 16 28 
4 8 11 15 
3 9 12 14 19 
9 18 19 27 
5 18 21 28 
0 5 8 18 19 21 
6 8 12 15 21 
2 4 8 9 11 14 
34 
3 9 11 16 19 
3 5 
0 2 11 
5 11 14 15 28 
0 3 5 
0 3 9 11 
0 12 22 28 
2 3 6 9 19 21 
5 6 15 28 
2 3 5 
5 6 
0 8 
3 6 8 15 
2 3 6 
2 6 14 16 
2 6 11 16 28 32 
9 12 16 27 32 
0 
0 9 11 28 
3 8 15 16 19 
0 
0 3 9 19 
0 3 5 8 27 
3 5 19 25 27 28 
3 6 11 15 19 
3 9 12 14 15 
3 6 15 18 
0 31 32 34 
0 3 21 31 
0 2 5 28 
0 
2 21 22 28 
12 14 15 25 
0 3 6 14 27 
8 11 14 18 19 30 
2 5 11 14 28 
2 3 6 12 19 
9 16 18 28 
0 
0 
2 5 12 15 16 
3 6 11 12 15 
2 3 5 8 14 
5 11 14 15 28 
0 3 11 19 27 
0 3 
0 2 9 11 30 
0 3 14 18 
0 3 5 8 9 12 
0 2 6 15 28 
0 2 5 6 14 15 
0 5 11 19 
5 6 8 11 
0 3 5 8 9 
5 8 16 18 24 27 
0 3 5 9 14 15 32 
5 15 16 27 28 
2 6 12 14 18 
0 3 11 22 30 
5 6 8 14 15 
0 
3 5 14 15 32 
2 8 16 22 
0 6 12 14 15 
0 2 14 21 
5 6 12 15 16 
3 5 6 15 25 28 30 
0 14 15 32 
0 2 6 16 32 
3 5 12 15 16 
0 3 5 11 
11 18 19 34 
2 9 24 27 
15 18 21 27 
8 12 15 22 28 
5 6 12 15 16 22 
6 8 16 28 
11 14 16 27 
0 3 
3 11 14 18 24 
0 3 5 8 19 25 
0 8 9 
3 6 8 
2 3 8 15 16 28 
8 9 28 32 
2 5 8 12 18 
15 16 22 28 
5 15 16 21 24 27 
0 8 18 34 
0 4 14 32 
5 15 19 22 27 28 
8 9 19 27 
11 15 
0 2 5 6 15 16 
5 8 12 19 
0 
15 18 19 22 28 
0 3 8 12 
0 2 5 
2 
0 5 8 28 
15 19 22 
0 5 14 
0 
0 2 
0 2 
0 3 5 8 9 11 32 
0 
3 6 
2 5 
2 6 8 9 11 18 30 
2 8 9 14 19 
0 3 5 8 12 
2 3 5 6 9 12 21 
2 5 6 
8 12 15 25 27 
0 2 8 15 16 18 19 
2 5 
0 5 
0 2 
2 3 8 
0 5 12 14 18 19 32 
5 6 
2 5 
0 3 8 16 19 
3 5 11 18 19 
5 6 
2 3 14 31 
0 3 6 11 12 
3 6 
2 3 14 25 32 
8 12 15 28 
0 2 3 8 9 14 
0 5 6 8 25 27 
0 2 3 
0 5 8 9 12 
2 5 
0 2 5 8 
0 2 3 6 31 
2 6 
0 2 
2 3 6 12 16 
2 3 6 12 15 
2 8 12 16 18 19 
0 2 5 
0 2 3 5 9 
0 
2 3 5 6 8 15 16 
0 2 6 8 12 
5 8 18 
2 3 9 11 12 19 
2 3 6 12 15 
0 3 11 18 19 
0 2 11 12 19 
3 6 14 15 
11 24 28 
0 5 14 18 21 
0 
0 5 6 8 25 
2 
0 2 8 15 25 
9 12 15 21 28 
0 5 6 11 25 
0 2 5 11 15 19 
0 3 11 24 
11 14 19 21 28 32 
0 21 
2 5 12 15 22 
0 
2 3 25 28 32 
0 2 3 22 
5 6 12 28 
5 6 12 22 25 
2 8 22 
0 3 5 8 9 14 15 
0 2 5 9 12 19 
12 15 28 
0 3 9 11 19 25 
0 18 22 25 
0 6 14 16 18 
11 12 28 30 
0 6 21 25 31 
0 6 8 9 11 14 
2 5 15 25 27 28 
0 6 9 11 12 19 25 
0 6 12 28 
9 12 14 15 22 
6 9 14 15 21 
5 6 11 12 19 25 
3 5 8 12 
0 3 5 15 25 
3 9 12 15 16 22 
0 6 11 27 
0 12 25 34 
0 2 3 16 25 28 
0 5 8 9 25 
0 3 5 15 24 
11 15 19 22 28 
3 5 8 9 11 
3 6 14 15 18 
9 11 22 25 
0 6 18 19 21 
2 6 8 11 12 19 
0 11 12 18 27 
2 8 11 19 
0 
2 11 12 16 19 
8 11 18 24 30 
0 5 16 21 24 
0 2 3 9 15 18 
0 6 8 15 25 
0 
2 3 6 9 12 15 18 
0 5 6 21 
0 5 6 22 
0 9 15 18 25 
9 14 15 16 18 21 
2 3 6 14 18 28 
5 8 18 19 25 
3 14 15 16 22 
6 11 12 22 
8 9 16 19 24 
2 6 8 12 16 
0 2 3 14 27 28 
2 3 8 9 25 
9 11 14 19 25 28 
2 5 8 14 16 21 
3 8 18 27 
2 5 8 12 16 25 
0 2 5 6 8 
3 8 11 16 25 
2 5 14 16 22 24 
0 
6 11 15 28 30 
0 12 14 22 
8 14 22 28 
9 11 12 16 18 
0 
8 14 19 21 28 
3 5 8 22 25 30 
0 3 16 18 21 
6 18 27 31 
2 5 8 12 14 16 25 
0 3 8 11 15 28 
3 5 6 27 
0 12 34 
2 8 9 12 16 
2 3 9 12 18 22 25 
6 8 9 19 
0 18 21 30 31 
5 12 22 28 
0 5 6 9 25 
3 5 12 15 25 
0 3 8 21 24 
0 5 16 24 27 28 
0 18 19 22 
14 16 18 19 24 
6 11 12 16 19 25 
2 3 8 12 16 28 
0 11 14 15 16 18 
0 2 9 11 18 19 25 
5 11 16 18 24 
5 18 25 28 
0 15 18 21 
9 11 12 15 18 
3 6 9 12 16 19 
8 12 15 30 
0 
2 5 6 15 16 28 
3 6 9 11 14 
0 18 22 30 31 
0 6 9 18 21 
0 
5 12 15 22 
8 12 28 
0 
11 12 15 16 21 25 32 
0 
5 6 11 16 18 
12 15 19 
0 3 8 12 25 
0 5 9 28 
12 15 28 
0 12 22 
0 3 5 12 
9 15 18 21 
6 12 27 34 
2 3 8 14 15 
5 11 12 16 19 
14 19 24 28 
5 6 12 22 24 
0 6 12 18 28 
0 2 21 25 28 32 
15 22 27 34 
9 11 14 16 22 
0 15 18 25 
12 15 34 
5 6 15 25 28 
6 9 18 21 25 
0 6 25 31 
0 11 12 34 
9 11 14 19 22 
0 5 8 11 
0 12 
6 8 14 28 
0 2 3 5 6 11 
9 14 15 16 19 21 
5 8 16 19 
19 25 28 
0 8 11 12 21 
0 6 11 14 21 22 
12 27 34 
0 3 5 8 12 14 25 
2 5 8 16 18 27 32 
2 6 8 14 32 
0 2 5 18 
8 18 27 30 31 
3 9 12 14 22 
2 16 18 22 28 
0 9 14 27 
0 12 25 34 
0 2 15 18 25 
8 9 25 28 
6 8 12 22 
9 12 16 18 
14 16 18 22 27 28 
8 9 12 15 25 
19 21 28 31 
3 9 11 16 25 
3 27 31 32 34 
0 11 21 25 31 32 
9 16 22 24 25 27 
2 5 6 8 12 24 30 
8 16 18 21 24 27 
0 2 6 8 
2 3 16 28 
5 11 15 24 28 
0 3 8 16 
12 18 30 34 
0 5 8 11 15 
2 5 6 8 12 16 
0 2 8 11 14 18 
2 3 8 9 12 16 32 
3 6 8 12 19 28 
0 5 8 25 31 
3 6 8 11 
5 11 16 18 19 27 30 
8 14 18 22 28 
5 11 16 24 27 
0 3 5 8 18 25 
11 14 19 28 
8 14 15 22 
0 12 15 19 25 
6 9 11 12 19 
2 3 6 9 12 
0 5 18 25 34 
8 9 15 16 18 25 
0 2 19 22 28 
21 24 27 31 32 
2 8 12 19 30 31 
0 
0 2 5 6 8 
6 15 21 25 28 
3 6 8 9 25 28 
2 3 6 9 12 25 
0 
0 5 11 16 24 
0 3 5 6 16 25 
6 12 14 22 28 
4 8 9 11 25 
0 5 6 22 25 32 
0 2 5 14 18 22 
2 3 6 15 18 22 
3 5 6 22 
0 
2 9 16 21 24 27 
0 2 5 6 14 21 
8 18 31 34 
0 2 9 22 
5 6 15 25 28 
0 9 27 31 
3 5 6 8 11 24 
6 11 12 19 21 
6 8 12 19 25 
2 9 18 21 30 31 
2 5 21 28 
2 8 18 21 22 
9 11 14 18 19 
0 2 6 11 
14 27 28 34 
3 12 18 25 31 
0 9 18 25 31 
0 9 25 31 
12 14 18 31 
0 
2 3 11 12 18 
0 5 8 15 24 25 
0 2 5 11 16 
6 8 14 
0 
5 9 25 27 31 
9 12 15 16 21 25 
0 5 11 21 
0 
5 6 9 22 25 
0 2 4 6 8 11 
2 3 6 8 15 18 25 
2 3 11 19 27 
2 3 6 11 14 32 
6 9 12 21 
6 8 18 27 32 
0 5 8 12 
2 6 8 12 18 
0 2 3 5 8 14 
5 8 18 21 28 
2 3 6 19 25 32 
2 5 6 11 12 
0 
8 19 28 
8 11 18 19 27 
0 
5 8 19 22 
8 19 22 25 
8 9 19 21 28 
2 6 9 12 15 18 
2 3 6 11 12 19 
0 2 3 8 9 
6 11 12 18 19 
0 5 11 16 21 25 
0 5 11 15 22 
0 9 16 18 
9 21 22 24 27 
0 2 5 8 18 
3 8 9 15 16 25 32 
0 5 8 11 14 18 25 
0 5 19 28 
0 2 6 19 
0 3 9 11 
2 5 15 28 30 
0 2 5 21 
3 5 6 15 18 
11 14 22 31 
0 3 5 22 25 32 
2 3 8 12 14 16 
0 
3 8 11 14 27 
0 5 6 22 25 
9 11 18 25 31 
0 2 3 5 11 12 
8 9 19 22 
0 5 6 8 25 
0 9 11 12 16 19 25 
0 5 25 28 
3 5 9 14 22 
3 18 25 28 32 
0 3 21 22 25 28 
9 11 18 34 
0 
0 3 11 12 16 
0 
2 3 6 15 22 28 
0 
11 12 15 16 18 25 
0 
2 3 8 9 12 16 
2 9 11 16 25 
9 15 16 19 28 
0 5 8 15 30 
11 12 31 34 
3 6 9 11 14 18 
3 5 6 30 31 
0 
0 5 12 15 28 30 
0 5 6 22 25 
6 8 15 27 28 
2 3 5 8 14 25 
0 12 18 31 
0 11 15 25 28 
9 12 14 22 
6 12 18 21 24 
5 8 15 18 21 
6 12 15 22 
2 6 22 25 
6 8 14 19 28 
0 2 3 9 14 28 32 
11 12 22 24 28 
3 8 9 16 32 
0 5 6 12 
0 6 11 14 15 21 
3 6 12 14 15 19 
3 8 11 12 14 15 
5 11 12 25 28 
0 
0 11 25 31 32 
3 12 19 22 30 
0 
0 3 5 28 
3 12 18 28 
0 3 5 12 25 32 
6 11 12 16 19 
2 11 14 15 18 21 
0 5 12 18 19 32 
0 2 3 5 6 9 
0 9 18 25 31 
0 18 28 34 
0 5 9 14 24 28 
0 2 5 9 24 
12 15 21 27 
11 16 21 24 27 
0 
6 8 11 12 19 
5 8 12 18 22 
6 16 19 21 25 
2 6 18 21 28 
2 8 9 12 16 
0 2 3 5 6 32 
2 3 5 8 9 16 30 
6 9 12 14 18 21 
5 12 14 22 
0 5 12 28 
5 9 11 21 
12 19 22 25 28 
0 5 8 25 
8 9 12 21 
6 12 19 22 24 
6 8 12 28 
2 3 5 11 12 14 16 
0 22 25 31 
0 14 21 31 32 
0 2 5 8 
2 3 9 12 15 18 
0 2 11 12 14 15 18 
5 6 12 22 32 
3 6 9 14 19 22 
5 11 12 16 25 27 
5 9 12 27 
0 5 8 11 19 25 
5 12 16 19 31 
11 15 16 18 27 28 
11 22 25 28 
2 3 6 9 11 31 
9 12 14 15 16 18 19 
0 6 9 25 28 32 
0 2 3 5 25 
3 5 14 19 22 28 
0 
3 6 8 9 11 15 19 32 
21 28 30 31 
0 9 25 27 
0 5 34 
0 6 9 19 21 27 
0 2 6 8 14 19 32 
8 9 15 16 18 25 
18 25 28 31 
0 
8 15 22 25 30 
3 6 12 15 25 
2 11 15 19 25 
0 2 5 6 14 28 
2 8 22 
6 12 15 22 25 
11 14 15 28 
5 8 12 14 19 
3 8 16 18 22 
0 2 3 16 25 28 
0 8 9 12 14 15 16 
11 14 15 16 21 
0 8 12 28 
0 14 21 27 
0 2 5 6 8 9 32 
14 15 18 22 
0 3 5 8 11 14 
0 
0 5 15 18 25 32 
2 3 5 9 19 
2 9 15 16 19 25 27 
5 6 9 28 
2 3 5 8 12 14 
0 3 12 19 
3 16 22 24 28 
8 9 11 12 25 
5 12 25 31 
6 8 19 25 28 
15 19 28 
3 8 11 12 15 
2 5 6 8 18 
0 
8 15 28 
0 14 22 31 
6 11 16 28 32 
3 15 21 24 
2 6 11 16 18 19 
2 11 16 18 19 24 
0 2 3 6 9 16 
6 14 15 28 
0 
9 14 15 19 
0 2 8 9 12 15 16 32 
6 11 12 22 
0 12 21 34 
0 
8 12 15 
2 12 15 18 19 
0 3 9 12 15 
2 8 15 19 22 
2 11 16 18 
2 5 15 16 18 21 
0 8 9 11 12 19 
0 9 11 12 16 28 
2 15 16 18 19 
2 11 16 18 24 
0 2 3 5 11 
0 2 5 6 15 
4 
5 11 16 18 
18 21 25 30 31 
2 5 6 16 
0 2 5 6 15 16 
2 8 9 11 16 18 
0 2 5 11 25 32 
18 24 
0 2 3 5 6 14 
12 27 28 31 32 
3 5 15 16 25 
0 2 3 5 6 11 32 
0 2 3 5 11 32 
2 3 5 15 16 
2 3 
3 8 16 19 31 32 34 
9 11 24 28 
0 8 9 16 22 25 
2 3 8 9 14 16 
5 16 18 24 
2 3 8 11 16 21 
15 19 27 32 
8 14 15 16 18 21 
0 5 8 11 15 18 
0 
2 5 8 11 14 16 
0 3 22 34 
0 2 3 5 8 9 
2 5 6 15 25 
0 
14 19 21 28 
2 3 6 9 14 
0 3 6 21 25 30 
6 12 15 18 21 
0 2 6 12 15 18 28 
0 3 5 11 14 
3 6 11 12 
3 6 8 11 19 25 
0 
2 3 11 15 28 
0 3 5 8 14 
0 5 6 11 25 
12 19 34 
2 11 14 15 16 19 
2 3 14 16 19 
0 2 9 16 19 25 
0 3 5 14 32 
5 14 19 21 22 
0 3 8 12 
3 19 22 27 
0 6 9 12 18 19 
0 2 
0 2 5 8 
0 2 8 9 25 30 
0 2 6 14 
0 2 5 8 
2 5 6 15 18 25 
9 
6 11 16 18 21 
2 3 8 16 18 
0 16 18 22 
6 8 11 12 25 
6 8 14 18 21 28 
0 
9 14 15 18 21 31 
0 11 16 18 
3 5 15 16 21 25 
3 5 8 14 15 32 
0 2 11 16 18 25 
0 2 3 5 16 
3 15 18 19 
3 8 16 25 32 
6 8 12 14 28 
3 6 9 
6 14 19 28 
0 2 5 8 21 32 
0 16 18 25 31 
5 8 22 25 
0 2 3 6 27 
0 6 8 14 28 
2 3 5 8 14 16 28 
0 2 5 8 18 19 25 
0 9 21 25 28 
0 3 5 8 15 19 30 
2 12 16 21 22 
5 14 15 16 25 27 
12 14 19 30 
0 6 22 24 28 
0 3 11 14 15 32 
0 
0 2 16 22 27 
6 9 11 12 16 19 
0 
5 11 12 16 
3 5 8 11 
0 5 8 11 16 25 
9 12 14 15 16 21 
0 2 3 16 18 24 
2 3 19 24 
2 3 6 8 16 25 
0 2 3 5 11 25 
5 8 16 27 28 32 
0 3 5 12 
2 5 8 15 28 32 
0 14 16 19 22 
6 11 14 22 28 
2 3 5 6 8 9 16 
2 5 6 15 22 25 32 
11 14 15 16 22 
0 2 5 14 25 28 
9 12 15 18 
6 8 12 14 15 16 
0 3 5 12 25 32 
0 16 18 22 27 28 30 
0 5 14 19 31 
0 2 8 9 27 31 
2 6 8 14 28 
0 6 16 24 25 27 28 32 
0 2 5 14 16 18 
0 2 3 6 8 11 
3 8 16 22 28 32 
2 5 11 22 
0 2 5 6 8 12 15 16 
0 2 5 8 19 
3 11 14 15 18 22 
2 3 6 8 14 16 
0 2 3 14 
0 
3 6 9 12 25 32 
3 9 12 22 
6 8 12 14 28 
8 9 15 18 25 
3 5 6 9 15 
0 2 8 9 
6 15 22 28 
0 5 
0 4 
8 9 12 18 21 
0 2 9 18 19 
0 2 11 
6 8 12 22 25 
0 2 5 6 15 25 
0 9 11 16 22 
0 3 5 
0 8 9 
0 
0 
5 
2 3 6 
0 
5 11 14 15 16 18 
2 
0 2 
0 
0 3 5 
2 3 8 14 15 
0 
0 2 5 
0 
8 9 15 
0 
0 
2 
2 5 9 11 15 16 
0 2 5 
18 22 27 34 
0 2 
0 
0 3 8 11 
0 
0 
0 
0 
3 6 12 15 16 
0 2 3 
3 
2 
0 
0 
0 
0 
3 12 18 24 
2 3 5 15 28 32 
2 8 27 28 
6 8 19 24 28 
0 2 6 8 18 
0 5 6 8 11 
9 12 14 15 18 
0 8 11 12 25 
0 3 5 25 31 
8 19 24 25 28 32 
9 12 31 34 
3 6 12 28 32 34 
6 25 28 31 
0 2 5 6 8 25 
3 6 11 14 21 
9 18 28 31 
0 3 15 16 18 28 
5 8 12 22 25 
5 6 15 25 
9 11 12 14 15 18 
8 12 14 18 19 
0 2 6 18 32 
9 11 15 18 21 32 
3 5 6 14 16 28 31 
12 14 19 22 
9 11 12 15 18 25 
0 9 18 31 32 
0 8 12 22 28 
8 12 18 25 28 
2 3 5 6 8 16 
0 3 8 11 18 30 
0 8 14 15 21 
5 6 11 12 19 
0 3 5 11 25 
2 6 14 22 34 
2 8 9 24 28 
12 14 15 18 28 
6 8 12 18 
8 12 14 18 19 
9 11 12 15 21 
0 2 6 8 9 25 
0 8 12 21 
0 8 9 18 25 
14 15 18 19 28 
12 18 21 22 25 
12 15 19 24 25 30 
0 2 5 6 11 28 
0 5 8 11 25 27 
0 2 3 9 11 14 25 
0 6 12 22 
0 6 12 25 28 
9 12 15 16 21 
0 18 
0 3 6 8 16 25 32 
2 5 19 21 25 
0 14 16 19 27 31 
2 8 12 16 18 28 32 
8 9 19 25 28 32 
3 6 11 22 
9 11 18 21 25 
2 8 16 18 21 30 
12 15 24 32 
0 3 5 22 25 
12 14 31 34 
0 5 6 8 22 25 
5 12 22 28 
0 5 6 12 
0 18 27 31 32 
19 25 28 31 
9 11 15 16 18 25 
0 2 3 11 
12 14 18 34 
8 12 19 
2 11 12 15 
0 2 3 5 8 
8 11 21 31 32 
0 2 21 31 
0 8 15 25 28 
0 2 8 21 25 
8 18 19 25 28 
9 11 15 18 21 25 
0 9 11 25 32 
0 5 9 21 25 
2 6 8 11 15 16 
0 5 28 31 
0 2 5 21 
12 15 22 25 
0 5 6 11 25 28 
0 5 8 12 14 
0 18 32 34 
0 9 14 27 30 31 
2 6 21 
0 14 15 24 30 
0 2 6 19 21 
0 18 25 31 
9 11 12 15 18 21 
3 6 18 19 22 25 
0 5 8 14 16 22 
0 3 5 6 12 
9 14 27 28 
6 12 18 21 22 
0 11 15 18 21 25 
0 8 18 31 
8 9 19 28 32 
8 11 15 25 32 
18 21 28 31 34 
2 3 5 6 12 
12 18 34 
8 12 19 25 
3 8 11 12 14 30 
0 5 11 25 31 
0 5 6 8 25 
12 22 25 27 28 
0 19 21 22 
0 9 12 22 25 30 
5 6 12 24 27 
6 8 12 28 
9 15 21 31 32 
3 6 9 19 21 25 
0 5 12 22 25 
0 5 6 8 
0 5 6 15 25 
8 9 19 28 
6 9 11 14 15 32 
5 8 12 27 28 
0 5 9 11 22 25 
2 9 21 30 31 
0 9 21 25 31 32 
2 5 12 15 22 32 
3 5 22 25 28 
2 3 6 18 
8 18 19 25 28 
15 21 22 25 31 
2 5 6 8 12 
0 6 14 15 30 
3 5 6 12 24 
3 11 22 25 
0 31 32 34 
0 6 8 19 22 
0 11 18 22 
0 2 6 18 25 
0 3 5 22 28 
0 12 15 18 
3 6 12 16 24 
6 18 22 31 
0 2 5 21 28 
0 2 3 12 14 25 
0 6 8 11 28 
15 18 19 25 28 
6 12 18 19 21 30 
0 2 9 22 30 
6 18 19 25 28 
8 11 12 25 
0 8 18 25 27 
9 12 15 25 
3 6 18 25 31 
0 5 6 24 25 
0 2 6 14 21 
0 8 12 18 25 
2 16 18 22 31 
9 11 15 18 21 
8 19 25 27 28 
3 6 11 12 19 
6 18 21 27 
0 6 19 25 27 
9 11 15 18 21 32 
9 12 15 22 
8 9 12 15 25 
0 5 12 22 28 
0 5 8 28 31 32 
0 5 25 31 
2 3 6 19 25 
0 11 14 19 34 
0 27 28 31 32 
9 12 18 31 
0 3 5 21 25 32 
6 12 15 25 27 
14 18 31 34 
2 5 8 12 25 32 
8 12 28 
2 3 5 6 8 16 
0 6 9 15 30 
8 19 25 27 28 
0 2 9 21 31 
0 14 18 27 32 
6 8 11 15 28 
8 9 25 28 
0 5 8 22 25 
3 6 8 9 18 32 
3 6 11 12 16 19 
12 14 24 32 34 
8 15 18 34 
3 14 22 30 31 
12 15 19 25 
0 5 6 8 25 
9 11 15 18 21 
0 2 9 14 18 
0 8 16 25 28 32 
2 3 6 8 11 30 
2 5 12 14 18 
0 2 5 8 12 
0 5 6 11 25 30 
0 8 18 19 28 32 
8 12 15 24 
0 2 5 6 8 25 
0 9 15 19 25 27 32 
2 5 6 8 9 25 
0 2 5 14 19 
8 18 27 30 31 
12 14 27 34 
5 6 12 24 27 
0 6 21 31 
5 9 24 
15 19 25 27 28 
0 12 14 34 
2 9 15 18 21 31 
5 6 8 14 27 28 30 
8 14 18 31 32 
8 12 14 18 21 24 
12 15 18 27 28 
5 8 18 19 21 
0 3 6 8 25 
6 8 12 28 30 
0 9 15 25 27 
2 3 5 12 16 25 32 
0 6 8 11 12 
9 11 14 15 18 21 
8 15 18 24 34 
0 5 12 25 28 
0 2 5 14 21 
8 19 21 25 28 
0 12 15 27 
2 5 8 18 28 
12 15 24 25 32 34 
2 21 22 30 31 
3 6 8 31 
2 21 31 34 
0 12 18 30 34 
0 16 22 31 
8 12 25 27 28 
0 5 14 31 32 34 
0 2 5 21 
0 2 6 21 
2 8 16 25 28 
0 5 8 25 
11 19 28 31 
5 6 11 12 19 
0 11 12 18 22 
6 8 9 12 15 18 25 30 
0 2 5 14 21 25 
2 3 28 31 
9 14 15 18 21 31 32 
3 8 9 19 25 
3 5 18 27 28 
12 19 28 31 32 
0 19 22 32 
0 5 6 11 22 
9 21 22 25 
9 11 15 16 21 25 30 
0 6 27 31 
0 3 5 6 14 18 
3 8 15 21 22 27 28 
0 3 15 22 25 
8 9 25 27 
2 5 22 28 32 
2 6 21 25 32 
8 9 19 25 27 
0 5 8 11 25 
0 3 6 25 32 
9 18 21 24 28 
3 5 22 30 31 
0 14 18 31 32 
0 6 9 11 12 14 
3 6 9 12 
0 3 12 25 31 32 
0 5 6 12 28 32 
3 9 21 31 
0 18 22 31 
0 5 6 14 19 25 
6 8 12 19 
0 5 6 9 14 30 
6 19 24 25 28 
18 21 27 30 31 
0 5 14 19 34 
0 8 14 22 27 
2 12 18 21 31 
8 12 14 24 
5 6 12 14 15 19 
0 5 15 28 
0 5 6 12 
5 8 12 14 16 19 
0 2 3 5 25 28 
2 11 19 25 30 31 
8 14 19 24 28 
3 5 6 12 22 25 
0 6 8 14 15 16 
8 15 18 21 24 
0 2 5 15 25 
3 12 27 34 
0 2 5 22 25 
8 19 24 28 
8 15 18 30 34 
6 8 12 22 25 
0 5 11 22 25 32 
6 8 14 15 21 32 
5 12 14 15 22 
0 3 14 18 21 24 
0 14 21 22 
0 2 5 25 30 
0 2 5 14 21 30 
5 12 14 28 
2 8 9 11 16 24 
12 15 25 28 
2 6 8 12 14 16 
0 2 15 21 30 
0 5 14 15 19 21 
0 5 21 25 32 
3 9 28 31 
6 12 24 25 34 
0 6 12 22 25 
12 14 19 31 
0 5 8 28 
8 14 18 22 25 34 
2 5 6 11 15 30 
0 5 18 21 25 
6 9 12 15 25 
5 6 8 9 11 32 
0 5 12 14 28 
9 21 27 31 
12 18 19 25 
0 25 27 30 31 
0 
9 11 15 18 21 30 
2 6 12 21 
12 15 22 24 
0 5 6 12 25 
5 22 25 32 34 
0 2 6 9 14 19 30 
6 8 14 19 28 
0 3 18 31 32 
0 6 11 18 25 32 
9 18 27 31 32 
6 12 15 25 
0 5 6 22 25 
0 4 9 11 21 25 30 
2 6 15 18 30 31 
3 6 8 19 
0 5 6 12 22 
8 12 19 21 25 
9 21 22 31 
0 12 21 31 32 34 
8 9 14 27 30 31 
12 25 31 34 
0 2 5 6 8 
8 9 12 15 24 30 
5 8 12 14 22 24 
0 6 12 21 24 
0 5 15 21 25 
0 6 19 25 27 32 
12 22 31 
0 5 18 19 34 
18 19 21 27 31 32 
5 6 22 25 30 
2 5 6 8 12 
3 8 18 34 
0 3 12 18 
0 8 14 25 34 
12 15 22 25 
0 8 18 24 34 
6 15 22 25 28 
6 8 14 19 28 
0 18 22 25 
0 22 24 27 
2 3 12 28 30 
2 18 24 25 32 
0 5 9 25 32 34 
9 11 12 15 21 32 
9 15 21 22 28 
0 11 25 31 34 
2 5 9 21 25 32 
0 5 6 18 25 34 
0 2 5 12 28 
0 
8 18 25 27 28 32 
6 8 15 19 24 25 30 
0 9 18 31 
0 2 5 14 15 19 32 
2 6 9 31 
0 5 6 28 
0 9 16 22 25 28 
0 2 5 31 
0 12 14 28 34 
0 11 21 25 28 
4 8 9 14 
0 5 12 15 19 
0 5 6 12 25 
0 18 21 22 
0 3 5 9 16 32 
5 6 11 22 25 
2 4 8 9 14 15 30 
0 
0 2 3 9 14 19 
0 5 8 19 25 
5 8 14 18 28 
0 2 5 14 15 21 
5 6 15 16 27 28 
0 5 11 30 34 
3 9 15 27 
0 5 8 22 25 
5 6 12 25 34 
0 2 5 11 19 32 
0 5 6 12 30 
2 3 5 6 15 
8 19 21 25 28 
8 14 19 21 28 
3 12 14 21 32 
0 8 31 34 
2 3 18 21 27 30 
6 12 15 25 28 
0 5 6 18 25 28 
0 3 5 22 
0 3 6 18 25 
6 12 14 19 27 
8 12 25 28 31 
2 5 8 18 28 32 
8 18 24 27 28 
0 18 21 31 
3 8 12 15 25 
0 14 21 31 
0 2 5 6 
0 2 3 15 18 22 28 
0 3 9 16 22 
0 
0 2 3 5 14 15 
2 3 6 14 15 18 
0 5 18 25 34 
2 11 15 16 18 
0 5 12 15 
0 2 5 16 18 19 
0 2 5 6 14 15 28 
0 2 3 16 25 28 
2 3 9 15 16 25 28 
9 11 16 18 
6 12 14 15 
3 12 16 19 24 
0 6 9 12 14 16 
0 2 9 21 28 
0 5 6 15 16 
2 11 15 16 18 
3 9 14 16 22 24 
2 3 6 8 14 15 25 
0 2 5 6 15 25 
0 11 12 16 21 
2 5 16 19 24 
0 3 5 11 14 
0 2 5 11 16 18 30 
2 8 19 31 
0 18 22 25 
12 22 27 32 
14 22 31 34 
0 5 11 18 25 
0 3 11 25 31 
0 2 3 8 12 25 
9 18 28 31 
0 15 22 25 27 31 32 
0 16 28 31 
8 9 14 15 24 32 
6 9 11 18 25 28 
3 5 18 21 28 
0 9 15 25 
8 14 18 21 30 
2 3 11 18 19 28 
0 2 3 5 12 22 
9 12 14 18 28 30 
6 18 27 31 
0 5 6 8 25 32 
0 9 11 14 24 28 
6 11 14 22 28 
0 5 11 14 18 
8 14 19 21 27 30 
2 5 18 21 31 
9 11 15 18 21 25 
5 6 12 18 19 
9 14 16 18 28 
0 25 31 34 
0 12 22 32 
8 28 31 34 
0 2 5 28 
8 12 19 
2 6 12 18 22 32 
3 5 28 31 
12 15 19 27 32 
0 2 22 31 
0 9 12 14 15 18 25 
12 15 18 31 32 
5 8 18 24 25 28 32 
5 12 22 24 25 
8 11 24 25 27 
3 15 18 27 31 
8 21 22 24 28 
8 18 25 32 34 
6 9 18 21 27 31 32 
0 5 12 14 22 25 
6 9 11 12 22 
0 11 15 18 32 
18 21 25 34 
8 18 27 34 
0 2 5 21 28 
14 22 24 34 
9 18 19 21 32 
0 8 14 18 21 32 
0 3 18 19 24 
0 25 30 31 34 
0 2 6 14 21 
0 3 6 27 
0 31 32 34 
0 6 8 14 18 28 30 
0 5 12 22 24 30 
8 15 18 34 
5 6 8 12 25 32 
5 6 14 22 24 
12 14 22 28 
12 15 18 27 
2 21 22 30 31 
0 14 21 31 
0 11 15 22 24 
12 22 24 28 
0 2 8 16 28 
11 12 14 15 22 
2 3 12 15 32 
5 12 18 21 22 
3 5 11 18 27 
6 8 11 18 25 
0 5 12 16 18 22 
5 8 9 18 19 
2 5 6 15 22 
2 8 19 
15 24 27 28 32 
6 18 19 21 22 
0 5 11 12 16 25 
3 6 9 18 21 25 30 
0 12 18 22 25 
2 5 21 25 28 
2 6 8 9 12 30 
0 2 11 15 19 25 30 
2 3 11 14 19 32 
2 3 11 12 14 21 
0 2 5 6 9 
0 9 11 15 25 32 
0 5 6 12 15 
2 3 6 9 14 19 32 
0 9 11 18 25 34 
9 11 12 25 31 32 
0 2 3 5 6 30 
0 8 9 11 14 18 
3 5 11 12 15 25 
0 5 6 9 25 32 
3 5 9 11 12 14 15 30 
0 2 5 19 21 32 
0 2 5 19 21 25 
3 14 15 18 24 27 
6 12 15 22 30 
8 14 18 27 30 31 
12 15 22 24 25 
5 18 19 25 28 31 
15 22 25 34 
12 15 21 22 25 30 
14 15 19 24 28 
5 11 12 22 25 30 
3 11 21 25 32 
8 14 15 24 28 
5 6 11 18 21 25 32 
0 5 11 22 25 
0 2 5 6 18 25 30 
9 14 15 16 22 28 
0 5 11 14 16 18 34 
0 2 9 11 15 31 
5 6 9 12 25 30 
0 9 11 19 25 
9 18 24 27 32 
0 3 6 8 21 
0 8 9 11 19 25 
0 8 18 25 
0 6 9 11 15 
2 3 5 14 28 30 
2 5 6 15 18 25 
3 5 6 12 22 25 
0 2 5 21 25 
12 14 21 31 34 
0 2 3 14 16 31 
14 15 18 21 27 31 
11 15 18 28 30 
0 16 18 25 31 34 
0 5 6 12 25 28 
0 5 6 12 25 28 
12 15 22 25 32 
8 11 18 24 25 32 
0 5 12 19 32 
2 12 21 22 31 
0 9 19 25 27 
15 18 27 34 
25 27 31 32 34 
9 14 16 18 21 31 
8 9 19 27 28 
2 9 21 30 31 
12 15 27 31 
2 5 15 22 28 30 
3 11 14 15 30 
0 9 14 18 30 31 
19 22 25 31 
8 15 18 27 31 
0 5 11 12 25 31 
0 5 11 25 34 
0 6 8 11 14 30 
2 6 18 27 32 34 
9 15 18 21 30 
0 18 22 25 31 
2 12 15 21 30 
0 2 
2 
0 14 19 21 31 32 
3 12 14 31 32 34 
2 9 16 27 31 
5 8 9 12 19 
9 15 18 21 30 31 
0 9 18 27 31 
8 11 12 16 25 
0 9 25 27 31 32 
2 6 22 28 30 31 
9 11 12 16 18 25 
3 12 22 24 32 
12 14 30 31 34 
14 16 21 27 31 34 
0 14 21 31 32 
3 12 16 24 28 
0 15 19 22 31 
0 9 22 30 31 
12 14 27 31 32 34 
3 9 28 31 
0 6 9 11 14 16 18 
14 19 21 30 31 
6 18 21 22 25 28 30 
2 3 12 18 30 31 
12 15 18 22 24 31 
12 14 27 30 31 34 
0 3 14 18 22 31 
2 8 9 18 19 31 
0 18 22 25 30 31 
9 12 14 21 27 30 34 
0 9 22 31 
3 5 6 8 14 
8 11 14 16 19 
0 2 21 22 
6 8 11 16 25 
12 21 22 28 32 
3 14 15 22 31 32 
8 18 27 31 34 
0 9 11 14 19 31 
0 8 22 25 27 
8 14 15 27 31 32 
12 25 27 30 31 34 
0 2 14 15 18 21 32 
0 2 8 11 15 30 
6 11 15 22 25 30 
12 14 28 31 32 
12 25 27 28 31 
2 3 6 9 31 
0 9 19 25 30 31 
2 3 18 21 30 31 
2 9 15 18 21 30 31 
5 9 11 19 22 
14 18 28 31 
8 18 24 30 31 34 
2 3 11 12 18 30 
3 14 21 22 31 32 
0 14 22 31 
6 12 14 15 27 
6 11 12 25 27 
3 8 11 24 30 
12 18 21 31 34 
9 18 28 30 31 
8 14 18 22 30 31 
12 14 21 27 34 
2 11 15 18 27 
2 9 15 18 31 
12 21 24 30 31 34 
2 9 15 18 21 31 
5 12 27 31 
0 9 15 25 31 
0 2 5 11 19 30 31 
0 12 18 19 31 32 
2 9 18 31 32 
0 5 11 30 31 34 
11 12 16 28 
0 9 21 25 30 31 
2 12 16 21 31 34 
2 12 27 31 34 
0 9 22 25 27 31 
0 14 21 31 
9 15 18 21 27 31 
6 12 14 27 31 34 
3 5 8 11 25 
8 11 12 24 28 32 
2 12 18 28 
2 18 22 30 31 
2 8 18 27 30 
14 15 18 27 30 31 34 
2 3 18 21 30 31 34 
0 2 22 31 
9 14 15 18 21 30 31 
0 14 18 21 31 
3 8 11 16 18 25 
0 16 22 25 27 31 
0 2 6 16 18 25 
3 14 21 30 31 
2 9 15 16 21 31 
18 22 25 31 
2 19 28 31 32 
0 14 22 31 
3 12 25 31 34 
3 9 18 21 24 30 31 
8 18 25 27 31 32 
2 18 19 21 27 30 31 
14 15 21 28 30 31 
15 16 18 24 28 31 
0 2 18 31 34 
2 8 11 19 
6 21 28 31 32 
6 9 11 12 18 
0 3 5 18 32 
2 8 9 18 27 30 31 
8 11 12 16 19 25 
0 8 9 31 34 
0 14 15 18 22 30 
18 19 21 31 
2 3 8 16 21 
9 14 15 27 31 
0 9 15 25 31 32 
0 18 22 31 
0 18 21 31 
0 14 18 19 30 31 
12 21 27 31 
2 12 21 31 32 34 
0 21 24 30 31 
2 12 18 30 31 34 
8 15 27 31 32 34 
0 3 14 15 18 
3 14 18 21 31 32 
0 2 9 27 31 32 
3 19 21 31 32 
0 2 18 30 34 
12 15 25 28 
3 8 11 12 19 
3 8 12 18 30 31 
3 9 21 25 27 30 31 
3 9 18 25 28 
14 21 22 24 28 32 
3 19 25 28 30 31 
9 14 16 18 22 31 
2 14 
9 14 18 21 31 32 
3 12 14 31 34 
2 6 11 15 22 
2 3 5 12 28 
9 14 15 21 31 
3 12 21 32 34 
0 2 9 11 15 16 
8 9 15 16 27 31 
2 18 27 30 31 34 
0 9 16 18 31 
0 14 18 30 31 
14 21 27 30 31 34 
12 18 31 32 34 
2 3 5 11 28 
3 24 28 30 31 
3 8 14 18 31 32 34 
5 9 14 18 31 
8 11 12 16 19 24 
0 3 5 14 28 32 
3 8 14 27 31 34 
2 3 9 18 21 30 31 
2 12 21 30 31 34 
0 6 9 11 14 31 
0 21 31 32 34 
9 15 18 21 25 31 
0 14 19 31 32 
8 11 16 19 24 
9 14 18 21 27 30 31 
11 18 28 32 
8 18 27 31 34 
12 15 18 31 
9 16 18 27 31 
0 16 19 25 31 
2 3 16 28 31 
3 9 14 21 27 31 
12 21 24 31 34 
0 6 9 11 16 18 34 
2 12 18 27 32 34 
12 21 25 31 32 34 
15 18 21 30 31 
0 9 11 30 34 
12 19 28 31 
8 12 28 30 31 
14 15 18 21 30 31 
0 8 9 19 24 25 30 
0 2 5 6 18 31 
5 6 8 11 18 25 
8 19 22 27 31 
3 6 12 24 30 31 
2 16 18 21 31 34 
2 9 18 27 30 31 
18 21 27 31 34 
3 6 8 18 30 
6 21 22 31 
12 14 27 31 32 34 
0 2 16 19 30 31 
0 2 9 27 31 32 
0 2 9 18 22 31 
12 16 25 27 31 34 
0 30 31 34 
2 22 24 28 32 
21 27 31 32 34 
0 2 19 22 31 
8 9 18 27 30 31 
6 8 11 12 24 
0 8 14 18 19 31 
8 14 18 22 31 32 
9 14 18 19 30 31 
2 8 19 27 30 31 
0 14 15 19 27 30 31 
0 9 11 18 21 22 
3 14 18 31 32 34 
0 2 8 12 16 
0 15 18 19 31 32 
0 9 15 27 31 
15 18 27 30 34 
5 8 9 11 18 
3 9 18 21 25 31 
9 14 18 28 
0 2 19 31 34 
0 14 18 34 
0 2 16 18 21 31 
0 2 28 30 31 
0 18 21 31 32 
0 9 21 25 31 
9 18 21 27 
14 21 28 31 32 
8 9 12 25 28 31 
3 5 18 21 22 
3 12 30 31 34 
8 9 19 24 
8 11 18 21 25 32 
2 3 28 31 32 
18 21 25 30 31 
0 25 27 31 34 
2 3 9 31 32 
0 8 24 31 
3 12 21 31 32 34 
3 18 24 28 31 
0 14 21 31 34 
2 19 27 28 
2 3 9 31 
3 11 12 19 24 30 
2 3 8 16 18 27 31 
2 11 15 22 24 
11 12 14 19 
6 9 12 16 24 
2 3 11 18 19 30 
2 12 18 19 31 
0 3 9 11 31 32 
12 14 18 31 32 34 
8 12 19 24 
12 21 25 27 31 34 
25 27 28 31 
0 2 3 21 30 31 
3 5 6 12 18 24 
9 14 18 21 31 
2 3 9 15 18 21 30 31 
2 19 28 30 31 
3 8 9 25 27 28 
0 18 22 25 31 32 
0 6 9 31 
18 21 22 31 
0 3 5 11 25 30 
11 22 24 27 30 
0 3 11 14 15 32 
6 8 9 11 12 
0 11 24 28 31 
6 9 11 12 15 
0 9 18 24 31 32 
0 22 27 31 
3 6 9 25 30 31 
8 11 16 19 24 
21 22 25 31 34 
0 8 9 18 19 32 
15 16 18 19 21 25 31 
0 18 22 24 31 
12 22 25 31 
3 6 11 12 24 30 
9 19 21 27 
2 9 21 22 31 32 
0 3 5 19 25 30 
12 25 30 31 34 
3 11 15 19 22 25 28 
3 6 8 11 14 16 
0 14 21 31 
14 18 21 31 32 
12 25 27 31 34 
12 14 16 27 31 34 
0 14 21 31 
8 18 27 31 34 
12 18 30 31 34 
14 15 19 27 30 31 34 
0 14 15 18 21 30 31 
3 18 22 30 31 
2 15 21 28 
3 11 19 34 
3 9 19 28 
2 22 27 30 31 34 
9 11 15 16 18 
18 19 25 28 30 
2 15 28 30 31 
0 15 21 22 31 
9 21 27 31 
12 14 27 31 32 34 
8 9 12 24 
2 16 18 27 31 34 
8 14 30 31 34 
0 9 16 18 25 31 
3 8 11 16 18 19 25 
3 14 21 27 31 32 
0 14 21 22 24 31 
3 9 14 21 31 32 
9 15 21 25 27 30 31 
0 9 14 18 30 31 
3 14 15 19 27 31 32 
0 2 22 31 
0 14 15 21 31 32 
3 11 12 16 19 25 
0 9 11 16 25 27 
0 2 6 8 30 31 
3 8 19 30 31 
9 18 21 25 30 31 
8 9 11 25 30 31 
3 14 18 28 30 31 
0 3 6 11 
0 9 14 18 27 30 
12 18 21 31 
3 11 15 16 19 25 28 
0 9 21 31 
12 14 21 31 32 34 
0 5 6 9 24 
0 2 9 21 31 
16 21 28 31 
3 11 12 19 30 
11 12 15 19 25 28 
0 22 27 31 32 
5 8 11 19 24 
0 8 11 30 
0 2 19 21 31 32 
14 21 28 30 31 
2 11 16 18 28 
3 12 25 28 31 
6 11 25 28 30 
3 11 12 19 
3 6 8 11 24 
2 15 21 22 30 31 
2 9 15 21 27 30 31 
0 16 21 25 31 
0 9 16 27 31 
3 14 21 30 31 
3 12 19 22 24 
0 3 6 11 25 
0 2 22 31 32 
0 6 9 16 24 
2 8 9 19 27 30 
3 12 22 30 31 
18 22 25 27 30 31 
9 14 18 21 30 31 
0 11 15 19 
3 8 25 27 31 34 
12 30 31 34 
5 11 24 28 30 
11 14 18 28 
0 14 19 21 31 32 
3 15 18 27 31 34 
0 2 9 15 18 
0 9 14 22 30 31 
0 9 22 31 32 
9 22 25 27 
22 24 27 31 
0 2 19 22 30 31 
12 14 15 18 31 
0 2 22 27 31 
2 3 8 9 27 31 
2 3 16 28 31 
0 2 5 9 11 22 
5 11 14 19 28 
2 12 16 18 31 
5 12 18 28 
2 9 18 21 31 32 
18 19 25 30 31 34 
0 2 9 19 31 
8 14 18 21 24 
0 9 14 16 21 31 
0 14 15 21 31 
12 15 18 30 31 
3 9 14 28 31 32 
3 19 21 30 31 
3 8 25 27 30 31 34 
2 21 27 30 31 34 
0 2 9 30 31 
0 9 14 21 31 32 
0 14 21 30 31 
0 14 16 22 31 
0 2 9 11 31 
2 3 8 12 16 
2 9 18 22 30 31 
0 5 9 14 22 30 
0 6 9 21 22 
2 21 22 31 
0 3 5 14 22 
9 14 15 21 31 32 
12 15 21 24 31 32 
2 3 12 28 30 31 
2 3 19 28 30 31 
12 16 18 22 24 34 
3 6 
0 9 14 18 30 31 
3 9 19 27 31 
0 18 22 30 
2 3 8 9 32 
2 18 28 31 
0 6 9 11 14 15 
0 3 6 9 
3 5 14 19 28 31 
12 14 21 31 34 
6 8 11 25 
3 5 6 8 9 15 
2 6 8 11 
8 9 12 16 
9 14 15 19 21 30 31 
2 9 18 27 30 31 
0 2 19 21 31 32 
5 9 15 21 24 27 31 
8 14 27 31 34 
8 9 18 27 31 
0 12 14 21 31 
15 16 18 19 25 28 31 
9 14 21 31 32 
5 12 14 28 31 
3 5 6 8 9 15 
0 9 14 19 31 32 
0 2 21 31 32 
0 9 11 31 32 
0 9 14 16 18 31 
2 9 15 19 27 31 
2 9 15 18 21 30 31 
2 19 28 31 32 
0 14 15 19 31 
6 12 32 34 
11 12 14 22 31 34 
2 8 9 18 27 31 32 
0 3 18 30 31 34 
2 11 12 16 19 28 
3 8 11 12 25 
2 3 12 30 31 
12 15 16 22 27 
12 19 24 
3 5 9 16 18 19 31 
2 18 22 31 
11 16 18 25 28 
0 3 11 14 28 32 
0 5 6 9 15 
0 5 18 22 31 
0 2 9 22 30 31 
0 3 18 22 24 31 
3 6 14 16 28 31 
0 3 16 22 25 31 
0 6 11 21 30 
8 11 12 15 
2 12 19 22 
5 18 19 25 28 31 
0 21 27 31 
0 2 9 22 31 32 
0 14 22 27 31 32 
6 8 18 31 32 34 
9 14 15 16 21 31 
0 9 14 19 30 31 
2 12 18 28 30 31 
0 5 6 9 24 
0 2 5 22 30 
8 11 12 25 
3 9 14 21 27 30 
0 3 5 12 32 
9 15 18 21 25 30 
12 19 24 28 31 
8 11 12 18 19 
18 19 27 32 34 
2 6 21 28 31 32 
0 2 3 12 21 31 
11 15 16 18 25 28 
11 14 28 31 
0 2 8 9 11 
8 25 27 30 31 34 
6 9 11 18 24 
0 8 9 11 19 25 
0 15 18 22 31 32 
3 6 8 12 30 
3 8 16 18 19 
2 3 11 15 16 19 
3 5 8 11 18 19 
0 2 22 31 
0 2 9 16 27 31 
2 3 18 21 30 31 
3 18 28 31 
0 2 3 5 9 18 32 
0 2 3 28 31 
2 3 11 18 19 32 
14 21 28 31 
12 21 22 25 34 
0 3 5 8 14 18 30 31 
0 9 19 27 31 32 
12 14 16 19 31 34 
2 3 12 19 22 31 
0 9 14 22 30 31 
2 3 6 8 12 30 
12 18 30 31 34 
12 14 18 31 34 
2 9 15 21 30 31 
2 9 18 28 30 31 
0 11 27 28 30 31 
8 22 25 27 30 31 
0 21 22 31 
6 12 14 31 32 34 
8 11 12 
0 2 18 22 30 31 
9 14 15 21 31 
0 5 8 14 21 
3 14 18 30 31 34 
9 14 15 18 21 31 
18 24 28 
12 16 21 25 31 34 
3 6 11 12 
2 8 14 15 27 30 
2 8 16 19 31 
14 18 19 28 30 31 
3 9 18 21 31 32 
11 12 16 19 25 28 
0 16 22 31 
0 5 12 14 16 18 
9 11 12 15 25 30 
2 12 21 27 30 34 
9 11 12 19 30 
2 5 12 15 28 
2 11 18 28 32 
3 5 8 9 12 19 25 
11 12 16 19 28 
0 3 5 6 9 
0 5 14 15 22 30 31 
0 6 11 28 32 
0 3 5 6 9 
3 6 11 18 24 
12 14 18 31 34 
0 2 9 22 31 32 
12 16 18 24 31 34 
2 11 18 27 30 
0 3 8 11 14 18 
0 14 22 31 32 
9 18 27 30 31 
9 15 16 21 27 31 
8 11 12 16 
0 2 22 31 32 
3 18 28 31 
5 6 8 11 15 
0 15 21 22 24 31 
5 8 14 21 31 32 
0 2 5 18 32 
5 6 9 11 18 25 
3 5 8 12 19 
11 12 16 19 24 
3 5 8 9 25 
3 19 21 31 32 
9 14 22 27 31 
0 2 3 9 30 31 
2 5 21 22 30 31 
3 6 
12 21 25 31 32 34 
9 14 15 21 31 32 
8 9 15 18 24 31 32 
12 14 18 22 31 
3 16 18 28 31 
3 9 22 24 30 
3 12 16 18 19 31 
8 9 11 25 27 
0 2 8 14 
3 14 28 30 31 
3 6 8 18 24 30 
0 14 21 31 
0 3 11 16 19 25 
2 8 9 16 27 31 
12 19 22 31 32 
8 9 12 19 
0 2 15 22 30 31 
2 6 8 11 16 18 
6 9 14 16 21 22 
9 11 12 16 18 19 
0 2 9 12 31 
0 8 9 24 
0 14 21 31 32 
8 12 16 19 
0 14 15 18 22 30 
6 9 25 
8 9 15 16 19 
2 12 28 30 31 
11 16 18 24 28 
2 3 11 18 30 
8 9 11 15 19 
12 18 30 34 
2 9 18 21 30 31 
3 8 14 18 19 
0 5 11 12 14 22 
0 6 12 22 25 
5 6 12 25 31 32 
9 11 12 15 18 25 30 
0 6 12 22 
0 5 11 24 25 
0 5 6 11 14 
0 5 6 11 25 32 
0 5 8 14 28 
0 2 11 19 25 
0 5 15 16 25 28 30 
9 11 12 15 18 25 
3 6 8 9 14 32 
8 19 24 25 28 
8 19 24 25 28 
4 6 8 9 
0 5 6 12 25 
8 15 18 31 34 
8 9 11 12 14 15 18 
9 11 12 14 15 18 
0 8 9 18 31 
0 3 12 25 31 
8 18 27 28 31 
2 8 9 16 25 31 
2 16 18 21 31 
6 9 11 15 22 30 
0 6 14 18 34 
18 21 25 31 34 
0 19 22 27 31 
3 8 22 27 31 
2 5 6 15 18 25 
0 14 22 31 
0 2 18 31 
6 9 14 21 30 31 
0 14 18 31 
3 12 14 16 21 31 
9 14 18 28 
8 9 11 19 24 
3 11 24 28 30 
0 9 14 18 31 32 
0 6 11 14 30 
11 12 28 30 
3 15 16 25 27 31 
3 8 9 19 
2 12 28 30 31 
0 18 22 24 31 32 
21 25 28 30 31 
0 14 18 21 22 32 
9 18 24 31 32 
9 11 18 19 
2 15 18 28 30 31 
2 11 18 28 32 
0 15 19 22 30 
0 9 16 24 27 31 
6 15 16 28 31 
3 5 6 14 22 
0 3 8 14 28 30 
3 8 9 30 31 
8 11 12 16 24 
3 16 24 28 31 
6 8 11 18 25 30 
6 9 11 12 16 22 
2 6 8 9 16 
3 11 12 28 
0 8 11 16 
9 14 21 30 31 
6 12 27 31 32 34 
12 15 19 22 25 32 
3 9 15 16 18 21 31 
2 9 11 15 16 22 
3 12 15 25 28 
2 8 11 21 
14 21 28 31 
9 11 12 16 27 
0 19 22 27 30 31 
2 11 16 18 19 
2 18 28 31 32 
2 12 19 28 
2 12 15 22 24 32 
0 9 24 31 32 
3 14 28 30 31 
2 12 15 16 31 34 
15 18 21 31 32 
8 11 12 25 
3 9 18 30 31 
0 5 14 21 30 31 
2 11 19 22 31 
0 2 5 19 31 32 
0 3 6 25 31 
8 11 12 15 16 25 
6 8 11 18 25 
3 11 15 28 30 
0 2 18 19 30 31 
0 9 11 16 25 31 
0 6 9 24 
2 3 8 27 32 
5 6 11 14 15 22 
0 3 5 21 31 
0 2 9 11 32 34 
9 16 18 21 31 
2 6 8 19 24 30 
11 12 16 19 24 28 
5 8 9 15 24 
0 8 11 14 
15 18 28 31 
8 9 16 25 27 31 
0 6 8 9 16 
8 9 12 24 
0 18 25 30 31 34 
5 8 15 25 27 31 
0 16 22 25 27 31 
0 11 19 28 
9 15 18 19 21 30 31 
5 8 11 12 
3 5 8 11 25 
0 2 18 21 30 31 
8 11 12 16 
0 12 22 
0 8 9 15 
0 5 6 9 25 
3 6 8 11 12 
3 8 19 25 27 
18 21 24 28 30 31 
6 9 12 15 25 30 
8 9 18 19 25 28 30 
8 11 12 19 
11 18 25 28 30 
3 8 11 19 25 30 
2 3 6 
0 18 22 31 
3 6 18 22 30 31 
3 11 15 16 28 
0 3 6 9 16 25 
8 12 15 24 30 
9 11 18 19 22 25 
2 9 11 19 27 
5 8 11 21 
0 15 19 21 24 30 31 
2 3 12 18 30 31 
6 8 11 15 16 
0 18 22 25 31 
2 3 6 21 30 31 
6 11 15 22 25 30 
9 11 15 19 22 
0 18 22 24 31 
0 19 22 30 31 
14 15 27 28 31 
0 5 6 11 24 
0 8 15 25 
2 3 18 19 28 31 
8 11 16 18 19 24 
0 5 9 15 25 
6 8 9 15 16 
8 11 19 25 
9 16 18 19 21 
0 3 5 6 9 
12 16 18 22 
0 3 5 6 9 
6 8 9 15 
3 19 28 31 
5 8 15 25 31 
2 6 9 11 15 16 
3 11 16 19 28 
9 11 18 24 27 
3 11 19 28 30 
0 3 5 6 9 15 
0 2 15 19 28 31 
3 11 16 18 19 25 
6 9 11 18 25 30 
0 5 9 15 25 
2 6 8 15 30 
6 8 11 16 25 
2 5 12 19 31 
6 11 15 22 30 
3 6 8 9 16 24 
0 2 15 18 22 31 
3 12 24 28 
9 12 16 18 24 
0 19 21 25 30 31 
0 11 15 18 25 28 31 
2 8 9 27 31 
0 2 9 11 30 34 
0 9 11 16 31 34 
2 8 19 22 27 
0 5 9 22 25 31 
0 5 9 12 14 
0 2 9 11 19 30 31 
0 2 3 9 11 31 
3 6 8 15 27 30 31 
9 12 21 25 31 
0 2 3 5 6 16 18 
0 6 9 14 21 30 31 
0 18 22 25 30 31 
0 5 14 15 19 22 31 
0 11 15 28 
2 3 11 12 16 18 
5 8 9 12 25 
2 3 5 11 12 28 
2 3 18 19 22 
2 9 15 18 21 30 31 
2 3 8 11 19 
2 3 19 21 28 31 
6 9 22 24 27 
3 5 18 21 25 30 31 
0 3 5 14 16 21 31 
2 12 19 22 31 
0 5 19 22 31 
2 8 22 27 31 
3 11 12 14 22 
0 6 16 22 25 31 
3 14 18 28 31 
9 12 14 19 22 30 
2 15 16 18 22 31 
12 22 25 30 31 34 
11 12 15 19 24 28 
0 2 3 18 22 30 31 
0 2 18 22 30 31 
2 12 15 27 30 31 34 
8 22 24 27 30 31 
0 2 16 21 22 31 
8 9 
0 2 8 
2 5 
0 
6 
0 2 5 
0 2 
5 
0 2 
0 2 5 
2 
0 5 
2 4 8 
0 2 
0 
0 
5 6 11 
0 3 5 16 18 30 
6 9 11 12 21 30 
2 3 11 16 19 25 
0 2 6 9 21 30 
0 
2 4 
0 
0 
0 4 
0 2 16 18 22 31 
2 5 27 
0 6 
2 3 7 
3 5 8 11 19 24 
2 9 12 19 28 
2 
2 4 
0 
2 4 
0 5 
11 12 16 28 
0 2 
0 
0 
3 
0 2 
0 5 8 
0 2 3 6 
2 3 28 
0 2 6 
0 3 6 
0 5 
0 
0 2 3 
6 8 
0 6 18 22 30 31 
0 6 
0 4 
0 3 
0 2 
0 3 8 
0 2 
0 2 
0 
0 2 
0 
0 3 6 
6 12 22 32 
6 9 11 12 16 18 
2 5 6 8 14 27 
0 6 21 
6 8 19 
8 11 12 25 
8 11 12 15 16 19 
3 14 15 16 34 
3 15 18 25 34 
2 14 
0 2 15 16 19 31 
0 3 5 8 
0 3 
5 
0 3 6 
0 2 
2 5 
0 6 11 
5 12 19 24 28 31 
3 7 
0 2 5 
0 3 5 6 
0 2 8 
0 2 5 
0 3 28 
0 3 5 
3 8 11 12 16 24 
3 8 11 12 16 
11 12 16 24 28 
8 11 12 16 24 
8 11 15 16 19 24 
2 8 11 12 16 
3 8 11 19 
3 8 11 12 16 19 
0 3 11 16 24 28 
3 8 11 12 
5 6 8 11 18 25 
5 12 15 25 28 
0 3 5 6 9 
11 12 22 28 
5 6 9 12 25 
0 8 11 15 
11 12 15 25 28 
0 5 6 9 15 
11 15 19 24 28 
3 9 11 19 25 
3 11 16 19 25 28 
6 8 11 15 16 25 
2 3 5 8 11 12 
0 11 15 16 24 28 
12 15 19 25 28 
0 2 8 11 19 
0 3 9 16 19 24 
2 6 
8 11 12 16 19 25 
8 11 12 16 19 25 
8 11 12 15 16 25 
3 6 
8 11 12 16 19 24 
0 5 24 28 31 
12 15 24 28 30 31 
3 8 11 16 19 25 
0 3 11 16 19 28 
0 3 9 16 24 
0 3 5 6 9 25 
0 6 9 25 
3 11 12 16 24 28 
11 16 19 24 28 
0 5 8 9 
5 6 8 9 12 
0 2 
0 2 
5 8 11 12 25 
8 11 12 16 24 
2 3 6 
8 11 12 24 
3 6 11 16 18 24 
11 12 16 19 28 
0 19 22 25 31 
8 11 12 16 25 
2 11 15 16 18 28 
3 8 11 16 19 25 
8 11 12 16 24 
3 11 16 19 24 28 
8 11 15 19 24 
5 6 8 9 25 
5 6 8 11 18 25 
5 8 11 12 24 
3 11 12 28 
8 11 15 16 25 
9 12 19 24 
8 12 15 25 31 
8 11 12 16 24 
3 5 6 8 12 24 
6 8 9 24 
8 9 12 16 
0 5 6 9 25 
8 11 12 15 16 24 
0 5 9 15 25 
8 11 12 19 24 
5 8 12 19 
0 5 6 8 9 25 
9 11 12 16 18 19 
3 8 11 12 25 
11 19 24 28 
0 11 15 16 24 28 
0 11 19 24 28 
8 11 15 16 25 
3 5 6 8 9 
0 3 5 6 9 15 
0 5 6 9 25 
2 15 24 
0 5 11 19 28 
0 11 16 24 28 
5 11 12 19 24 28 
0 8 11 16 
0 5 6 9 25 
3 5 6 8 12 24 
2 12 19 
0 11 16 19 28 
0 5 6 9 25 
2 3 6 14 22 
0 3 5 6 9 15 25 
8 11 12 19 24 
3 15 16 19 24 28 31 
3 11 12 16 24 28 
5 11 12 19 24 28 
3 16 19 24 28 31 
5 11 12 15 24 28 
0 3 11 24 28 
3 8 11 12 
11 12 16 19 28 
11 12 16 19 24 28 
0 5 8 11 19 
3 8 11 12 16 19 
3 11 12 16 19 24 
5 8 11 12 19 25 
6 8 11 15 16 24 
3 12 16 19 28 31 
0 3 11 19 28 
2 5 25 
5 11 12 15 24 28 
3 11 12 16 19 24 
0 11 16 19 24 28 
5 11 15 19 28 
2 5 24 
8 9 12 16 19 24 
3 8 9 19 24 
0 3 5 6 9 
8 9 12 24 
9 12 16 18 19 
6 9 12 16 25 
2 3 6 
3 8 11 12 16 24 
11 12 15 19 28 
0 6 9 15 16 
0 5 6 9 25 
11 12 18 22 24 
0 5 6 9 15 
3 5 11 12 19 24 
12 15 16 19 25 28 
6 8 9 25 
8 11 15 16 25 
11 12 24 28 
0 5 6 9 15 25 
0 15 16 25 28 31 
0 2 25 
3 6 24 
0 5 8 9 
3 11 12 16 28 
0 3 11 28 
3 11 12 28 
5 6 8 12 15 
3 6 12 16 24 28 
0 5 6 9 15 
0 5 6 8 15 25 
2 3 6 
0 11 16 19 28 
3 6 8 11 16 24 
3 5 8 11 12 24 
0 11 16 25 28 
3 8 11 12 16 24 
0 3 5 6 9 25 
0 8 11 24 
5 6 8 9 15 25 
8 9 12 24 
0 3 5 6 9 25 
11 15 16 19 24 28 
5 15 19 24 28 
0 11 16 19 28 
12 15 16 19 24 28 
5 6 8 12 25 
2 12 19 
0 3 6 9 15 
12 16 19 24 28 31 
0 6 9 15 16 25 
0 5 6 9 25 
3 12 16 18 19 25 
6 8 12 14 16 24 
0 5 6 9 15 24 
8 11 12 16 24 
8 11 12 16 19 
0 5 6 8 25 
0 9 19 24 
11 12 16 19 25 28 
0 5 6 8 9 24 
3 11 12 16 19 25 28 
5 8 14 
11 12 16 19 24 28 
12 16 19 24 28 31 
3 11 12 16 24 28 
3 11 12 25 28 
3 8 11 16 19 24 
5 12 25 28 31 
0 3 5 9 24 
8 11 12 15 16 25 
6 8 11 19 25 
3 8 11 12 16 25 
0 11 19 24 28 
0 6 9 25 
12 15 19 24 28 30 
0 5 6 9 15 25 
0 5 6 9 15 25 
5 8 9 15 19 24 
0 5 6 9 25 
3 11 12 16 19 25 
8 25 27 28 
0 6 8 11 25 
8 11 12 16 19 
3 8 11 12 16 24 
6 8 9 15 24 
0 5 6 9 24 
3 8 11 12 16 25 
3 11 12 24 28 
9 12 15 19 
11 12 19 24 28 
3 9 12 15 16 
11 12 15 16 19 25 
0 11 15 16 24 
0 6 9 24 
0 3 5 9 24 
9 11 12 16 18 19 
0 5 11 18 19 24 
2 6 
3 5 6 14 22 
0 6 9 24 
12 15 16 19 25 28 
2 3 6 
6 8 9 15 16 24 
0 11 15 16 24 28 
5 6 8 9 12 
2 
0 5 8 9 15 
0 8 11 24 
2 3 6 8 14 
0 5 6 9 15 24 
3 5 6 8 9 12 25 
3 8 11 12 16 19 
11 12 19 24 30 
6 8 9 15 16 25 
0 5 8 12 25 28 31 
8 11 12 16 19 
0 6 9 15 
8 11 15 16 19 
2 6 16 
3 8 12 18 
0 6 9 15 24 
0 3 6 9 15 25 
11 15 16 19 25 28 
0 5 6 9 24 
12 16 19 25 28 31 
3 5 11 12 25 28 
3 11 16 19 25 28 
0 5 11 19 24 28 
0 11 16 19 28 
8 12 16 19 25 
2 16 19 
5 8 9 12 15 19 25 
6 8 11 16 24 
8 11 12 19 
3 5 11 18 19 28 
3 8 11 12 19 
3 6 8 11 16 25 
3 8 11 12 24 
3 11 16 19 24 28 
3 6 9 
3 5 8 11 25 
2 16 25 
8 11 12 16 19 24 
3 5 12 25 28 31 
8 11 12 16 19 25 
0 3 5 11 15 
11 12 16 19 24 28 
3 11 15 16 19 24 28 
0 6 9 24 
5 6 8 9 15 25 
0 3 11 16 28 
9 11 15 16 22 24 25 
3 5 11 12 19 28 
3 11 12 16 25 28 
0 6 9 22 25 
3 11 16 24 28 
0 2 5 
2 9 11 14 
8 11 12 16 24 
12 19 24 28 31 
3 5 6 8 11 25 
0 6 9 15 25 
0 3 5 6 11 15 
2 6 8 11 
8 11 15 16 24 
3 6 9 
0 3 11 16 25 
3 5 11 18 19 25 
0 6 9 15 16 25 
0 2 5 
11 12 16 19 28 
3 8 9 16 24 
8 11 12 24 
3 9 12 19 24 
5 6 8 9 24 
3 5 6 8 9 25 
0 6 9 15 16 25 
0 11 15 16 28 
6 9 11 12 18 25 
0 5 6 9 15 
0 3 11 24 28 
0 5 6 9 25 
8 11 12 16 
5 8 11 15 25 
0 5 6 9 15 25 
0 3 5 6 8 9 
0 5 9 15 25 
0 11 16 28 
8 11 12 16 19 
2 3 6 8 
5 8 11 12 
5 8 9 11 14 
11 12 15 16 24 
2 
3 6 8 12 18 
0 2 5 
3 5 8 11 12 15 
3 6 9 12 15 16 25 
0 6 9 25 
0 3 11 16 24 28 
0 19 24 28 
8 11 12 16 19 
0 11 16 24 28 
0 3 5 6 8 9 25 
5 11 15 19 28 
2 3 6 
0 2 16 19 28 
0 11 16 24 28 
3 11 12 16 19 24 
3 6 8 12 18 25 
0 3 11 16 24 28 
11 12 24 28 30 
3 11 16 19 25 28 
11 12 16 24 28 
2 8 11 12 
2 25 
3 11 12 16 19 24 
2 3 6 
3 6 11 
3 8 11 12 
3 8 11 15 16 25 
0 3 5 11 24 
3 5 6 8 14 
0 2 8 14 22 
0 11 16 19 24 28 
0 6 9 15 
0 6 9 15 16 25 
3 8 11 12 19 25 
11 12 16 19 24 28 
11 12 19 24 28 
2 6 15 25 
8 11 16 19 24 
3 11 16 19 25 28 
12 15 19 25 28 
8 11 12 16 
5 8 11 12 15 24 
0 5 11 15 24 28 
0 5 9 15 25 
0 6 9 24 
3 6 
11 16 18 19 24 28 
3 6 25 
8 11 16 19 24 
0 11 16 19 24 28 
0 5 6 9 15 25 
11 12 16 19 28 
2 6 
0 11 16 19 25 28 
5 6 8 9 15 25 
3 5 6 8 9 15 
0 8 11 16 
0 11 16 28 
9 11 12 16 18 19 24 
8 11 15 16 19 25 
0 6 9 24 
0 11 15 16 19 24 28 
8 11 15 16 19 
5 8 11 12 24 
3 6 11 12 
0 2 22 
5 19 22 24 
0 2 
0 3 6 9 16 25 
0 11 16 24 28 
0 11 16 28 
3 5 9 12 15 25 
5 6 8 14 
0 3 5 6 9 25 
0 11 16 19 25 28 
0 3 11 16 24 28 
0 5 9 15 25 
5 12 15 24 28 31 
0 5 6 9 14 
8 11 12 16 
8 11 12 16 24 
3 8 12 16 19 
0 2 5 11 28 
12 19 24 28 31 
8 11 12 16 24 
11 12 15 16 19 28 
0 3 11 16 19 25 
11 16 19 24 28 
0 3 5 6 8 9 25 
3 11 16 19 24 28 
0 3 5 9 15 
0 5 9 15 25 
0 3 11 15 16 19 24 
0 5 11 25 28 
0 6 11 25 
2 15 
0 5 11 28 
3 8 11 16 18 19 25 
5 11 12 15 24 28 
6 15 28 31 
8 9 12 15 19 
3 8 12 16 19 25 
8 11 12 16 25 
3 5 11 19 24 28 
5 8 11 12 24 
3 11 16 19 24 28 
0 6 9 14 22 24 
0 6 9 25 
0 11 16 19 25 28 
8 11 12 19 25 
8 11 19 22 24 
0 11 16 19 25 28 
0 6 9 15 
8 11 12 15 25 
0 5 6 8 15 25 
11 12 15 16 19 24 
0 6 11 15 
2 5 8 11 15 19 
0 3 19 24 28 30 
3 11 12 16 24 28 
8 9 12 15 25 
3 8 12 19 24 
8 9 19 24 
11 12 15 16 25 28 
6 8 12 16 25 
0 6 8 9 
3 6 8 9 16 
8 9 15 19 25 
5 11 12 19 24 28 
12 16 18 19 24 
3 6 
0 8 9 16 24 
0 3 6 9 16 25 
0 5 11 19 24 28 
0 2 5 14 25 
2 3 5 11 19 28 
0 3 6 9 
8 11 12 14 15 24 
0 16 21 22 25 27 31 
0 2 
5 9 12 19 24 
3 8 12 16 19 
2 3 6 22 
2 8 11 12 16 
0 16 18 22 31 
5 11 12 19 24 28 
2 6 
8 11 15 16 24 
12 15 16 19 25 28 
11 12 19 25 28 
3 11 16 19 25 28 
11 12 16 19 24 28 
3 6 
8 9 12 16 
5 6 8 9 25 
5 6 8 9 15 
3 5 12 19 25 28 
0 3 6 9 15 22 
0 3 9 15 16 
8 12 15 24 
5 8 11 12 19 24 
0 6 9 15 
5 8 11 12 24 
9 11 12 18 19 
3 5 8 11 12 19 24 
3 6 
2 15 25 
8 11 12 24 
0 3 6 9 
2 24 
3 5 12 19 24 28 
3 6 
6 8 9 15 
2 8 11 12 15 
0 3 11 16 19 24 
2 3 6 
0 11 16 24 28 
3 6 
2 5 11 15 19 28 
5 12 19 24 28 
0 11 15 16 24 28 
0 3 6 9 15 
5 11 12 19 24 28 
0 6 8 9 24 
8 12 16 19 24 
3 5 11 12 15 19 24 
3 11 19 24 28 
0 5 6 8 9 
11 12 16 19 25 28 
0 11 15 16 19 28 
0 5 6 11 15 24 
6 8 11 16 24 
3 8 11 16 19 25 
2 3 6 
3 5 8 11 12 25 
3 6 
0 5 25 28 31 
0 9 16 19 24 
9 11 12 18 19 
3 5 8 12 19 25 
3 6 8 12 25 
3 11 12 16 19 24 28 
0 5 11 15 24 
8 9 12 25 
8 11 12 25 
0 3 6 9 24 
0 3 11 16 19 25 
8 11 12 15 16 25 
0 11 19 25 28 
0 6 9 15 25 
0 5 6 9 15 25 
0 11 19 24 28 
3 6 9 12 16 25 
0 5 6 9 15 25 
8 9 16 19 24 
0 5 6 9 15 
5 6 8 9 15 24 
0 5 6 9 25 
0 21 25 28 30 
6 8 11 24 
5 8 11 19 24 
5 8 11 12 19 25 
3 8 11 16 19 
2 3 6 14 22 
0 3 5 6 9 
11 15 16 18 24 28 
0 3 11 16 19 28 
0 3 6 9 15 16 
0 5 6 9 15 24 
2 15 25 
8 11 12 16 19 24 
2 3 6 14 22 
0 11 19 24 28 
8 11 12 24 
0 6 9 15 25 
0 8 9 24 
2 3 6 
0 5 6 9 15 24 
3 8 11 18 22 24 
2 19 21 28 31 
0 11 16 24 28 
0 3 16 25 28 31 
0 6 11 15 16 24 
0 6 11 16 24 
0 5 6 8 9 25 
3 6 9 
3 6 24 
0 2 
0 3 16 24 28 31 
0 9 15 16 19 24 
0 5 6 9 15 25 
2 3 11 16 18 19 
0 3 5 6 9 24 
5 6 8 11 18 25 
0 5 6 9 15 24 
5 8 11 12 24 
11 12 16 19 28 
3 11 12 16 28 
3 8 11 15 25 30 
0 5 6 9 15 25 
0 5 11 15 24 28 
0 3 5 6 9 25 
0 3 8 11 16 24 
0 3 8 9 15 19 
2 
0 11 24 28 
0 5 6 9 15 24 
0 11 19 25 28 
0 3 11 24 28 
0 5 6 9 15 25 
0 5 9 15 25 
11 12 15 16 24 28 
3 8 9 12 
5 8 9 11 14 
0 5 6 9 15 
8 11 12 16 19 
0 11 16 19 24 28 
3 6 9 12 16 24 
0 6 8 9 16 25 
3 8 11 16 19 24 
3 8 11 12 19 25 
5 8 9 11 14 
2 12 15 
0 5 6 9 15 25 
11 19 24 28 
11 12 15 16 19 24 28 
0 11 15 24 28 
11 12 16 19 24 28 
3 11 12 16 19 24 
9 11 19 21 22 
11 12 15 16 19 24 28 
2 5 25 
0 11 16 19 25 28 
0 11 15 28 
0 3 6 9 16 25 
0 11 15 24 28 
3 8 9 16 24 
0 3 5 6 9 25 
0 11 15 16 24 28 
8 11 15 16 24 
0 5 6 9 25 
2 3 6 14 22 
0 5 6 9 24 
5 9 18 19 25 
5 6 9 12 25 
3 11 12 16 19 28 
3 11 12 16 24 28 
3 11 12 16 19 28 
8 11 15 16 19 24 
0 3 11 15 25 
0 8 9 16 19 
0 11 15 24 28 
11 12 16 19 24 28 
12 16 19 25 28 31 
11 12 16 19 24 28 
0 3 19 25 30 31 
8 12 15 16 19 25 
0 8 11 25 
8 11 12 24 
0 6 9 15 16 
0 3 5 6 11 25 
0 11 16 19 28 
3 5 11 12 19 24 28 
2 16 19 
3 8 11 12 16 24 
3 5 8 11 12 24 
0 5 11 19 25 28 
8 11 12 15 16 19 
11 12 16 19 24 28 
0 11 16 19 28 
11 12 16 19 24 
2 6 25 
3 8 11 12 25 
3 8 11 12 24 
2 3 6 22 
0 3 6 9 15 25 
3 8 9 16 24 
0 2 5 
2 5 24 
5 6 8 12 25 
0 5 6 9 15 24 
8 9 12 19 24 
0 9 15 16 21 22 31 
3 5 6 9 15 25 
2 3 12 16 31 34 
3 5 8 25 27 31 
9 14 16 18 21 27 31 
2 8 15 16 22 27 
5 8 14 27 31 34 
8 15 16 22 25 27 34 
0 2 9 27 30 31 
0 3 9 15 31 
9 14 22 28 31 32 
0 2 15 22 27 30 
0 5 14 22 27 31 
3 11 12 28 
2 15 16 18 28 31 
8 18 24 27 31 34 
5 9 14 15 21 31 
2 3 6 
11 12 15 16 24 28 
5 6 8 9 15 25 
8 11 12 16 
8 11 12 15 16 24 
3 6 
0 5 6 9 15 24 
8 11 12 16 19 24 
11 15 16 19 25 28 
0 5 6 9 25 
2 12 
3 8 11 12 16 24 
0 3 5 6 11 
2 25 
3 5 6 9 15 25 
0 5 9 15 24 
2 6 
8 9 12 15 16 25 
8 11 15 16 25 
0 5 6 9 15 
5 11 12 15 24 28 
3 6 
3 6 9 
0 3 6 9 16 25 
3 6 9 
8 11 15 16 19 25 
2 3 6 
0 5 24 
0 3 5 6 9 25 
3 5 12 28 31 
8 11 12 24 
9 15 16 18 25 28 
0 3 5 6 9 
3 6 8 12 18 25 
3 8 11 16 24 
8 9 15 19 
0 3 11 16 18 25 
3 11 16 18 28 
9 11 16 18 19 25 
3 6 9 
6 8 9 15 22 24 
2 6 
3 6 9 
2 16 25 
8 11 12 22 
3 6 9 
5 12 19 25 28 31 
3 6 
0 6 9 15 22 
0 3 5 6 9 24 
0 3 8 11 
5 6 9 11 12 25 
5 6 9 12 15 25 
3 5 6 9 15 25 
0 12 18 25 32 34 
2 5 25 
6 8 11 12 16 
3 11 12 16 19 24 
0 2 8 11 15 16 24 
11 12 15 18 25 28 
3 5 11 18 25 28 
0 2 14 22 24 
2 3 6 14 22 
3 5 6 8 9 15 
0 11 24 28 
11 12 19 24 
9 11 16 18 24 
3 6 9 
9 11 12 16 19 25 
0 3 6 11 16 21 28 
0 8 11 15 19 24 
6 8 11 24 
2 3 8 11 12 
8 11 12 15 16 
3 5 6 9 12 24 
3 11 12 15 16 19 24 
0 5 8 9 24 
3 6 25 
11 12 19 24 28 
3 8 11 16 19 25 
6 8 9 15 25 
3 6 25 
0 5 6 9 15 25 
2 3 6 22 
0 5 11 22 25 32 
0 9 11 25 31 34 
0 3 6 9 
2 12 24 
3 6 8 9 22 
11 12 16 28 
0 11 15 16 19 28 
3 6 9 16 
0 8 9 16 24 
0 11 15 16 19 28 
2 3 11 16 19 28 
0 5 6 9 15 25 
5 6 11 18 25 
0 3 6 9 16 25 
2 9 11 22 
8 16 18 27 31 34 
2 6 14 
5 6 8 12 25 
5 16 19 24 
9 11 12 18 19 
3 11 19 25 28 30 
0 5 6 9 15 25 
8 11 12 16 19 
0 5 6 9 25 
11 12 15 16 19 28 
3 8 11 16 19 24 
0 11 19 24 28 
3 8 9 12 24 30 
3 11 16 19 24 28 
3 11 12 16 19 25 
5 6 8 9 25 
0 5 6 9 25 
5 19 25 
5 24 
5 6 8 9 15 
3 6 9 
2 3 6 
0 5 6 9 15 25 
5 6 8 9 25 
5 6 24 
3 5 6 8 14 
3 5 6 25 
2 6 8 14 
0 5 6 9 25 
0 2 25 
3 6 
5 6 8 9 15 25 
0 5 6 9 15 25 
2 3 6 
11 12 15 16 24 
3 5 6 
0 5 6 9 15 25 
0 5 6 9 15 25 
0 5 8 9 24 
0 5 6 8 9 25 
3 5 8 11 19 24 
0 2 24 
5 6 8 9 15 25 
3 5 6 8 11 12 25 
2 3 6 
2 3 6 22 
5 6 8 9 15 25 
0 6 9 22 25 
3 5 6 9 
0 5 6 8 9 15 
2 3 6 
2 5 6 
3 6 8 14 
5 12 24 28 31 
5 6 8 9 15 25 
0 5 6 9 15 25 
0 6 9 15 25 
3 6 9 22 
0 5 6 8 9 25 
0 3 5 6 8 11 
3 6 8 9 15 22 
2 14 22 24 
0 5 8 9 15 25 
3 5 6 25 
2 3 6 
2 5 12 19 
3 5 11 12 18 24 
5 8 9 15 19 24 
3 11 19 24 28 
3 6 9 
0 5 6 8 9 25 
0 6 8 9 
3 5 6 8 
0 5 6 8 9 25 
0 5 6 8 9 25 
3 5 8 9 12 25 
6 8 9 15 24 
5 6 8 9 25 
0 6 8 9 25 
0 5 6 8 9 
3 5 6 8 14 
2 5 6 
0 11 15 19 28 
0 5 6 9 15 25 
0 5 6 8 9 25 
2 3 6 
0 3 5 6 8 9 25 
5 8 9 12 25 
2 3 6 
3 5 6 8 9 25 
0 5 6 8 9 25 
6 8 9 25 
2 3 6 14 22 
3 5 6 25 
5 6 8 9 15 25 
2 5 6 
5 6 8 9 25 
5 9 11 18 19 24 
3 8 9 12 19 25 
3 5 6 
5 8 9 12 24 
5 6 8 9 15 
3 5 6 8 9 25 
0 3 5 6 9 
5 6 8 9 15 25 
0 5 6 8 9 25 
2 3 6 
0 5 6 8 9 25 
5 8 11 12 15 24 
3 6 8 11 16 18 
0 3 5 6 9 
5 6 8 9 25 
2 3 6 
0 8 15 24 
3 8 11 12 16 25 
0 5 6 9 25 
0 3 5 6 9 24 
3 6 9 
2 3 16 19 21 31 
5 12 15 21 24 31 
0 5 9 15 25 
0 5 6 9 24 
0 2 24 
5 6 22 24 
2 12 15 18 30 31 
12 15 18 19 25 28 
3 6 25 
5 6 8 9 15 25 
5 6 8 9 15 25 
2 5 6 25 
5 9 11 22 
5 8 
0 2 
3 8 
2 3 5 
0 2 5 8 9 
0 5 
0 2 5 11 15 
3 5 6 
5 8 
2 3 
0 3 5 
0 5 
2 3 5 
0 3 6 25 
0 2 
0 2 4 
0 2 3 
0 2 4 
0 2 4 
11 15 19 25 28 
2 8 12 16 19 31 
0 2 5 9 
0 8 
3 11 16 18 19 24 28 
5 11 15 19 25 28 
11 15 16 18 19 25 28 
3 11 15 16 19 24 28 
12 15 19 24 28 
8 11 12 15 16 19 
3 
2 19 
5 
0 3 5 6 
0 3 
0 2 
2 5 
3 
0 2 
2 3 6 14 22 
0 2 
0 2 5 9 
0 2 
0 5 8 
0 5 7 9 
2 6 
0 3 
0 2 4 8 
0 2 3 
0 2 4 8 
0 5 8 9 
0 5 8 9 
2 5 6 
2 3 5 28 
0 3 
2 3 5 
2 
0 2 
2 6 
0 8 
2 27 
2 
0 2 9 
0 2 8 
2 3 6 14 22 
0 2 3 
3 8 11 12 19 
8 12 16 19 24 
0 11 15 24 28 
0 11 16 19 28 
3 8 11 12 24 
0 11 15 16 24 28 
3 5 8 11 19 24 
0 5 11 15 19 24 
8 11 12 19 24 
0 8 9 15 24 
0 5 11 19 28 
3 8 11 12 19 24 
0 11 19 24 
8 11 12 15 19 24 
3 8 12 19 24 
0 11 15 24 28 
8 11 12 19 24 
0 11 16 19 24 28 
0 5 6 8 9 25 
3 11 12 19 28 
0 5 11 15 19 24 
0 5 11 15 24 
0 2 5 
0 11 15 16 24 28 
8 12 15 16 19 24 
0 2 3 
0 9 16 19 24 
0 2 5 9 
4 
0 9 
2 5 6 
2 5 
0 8 
0 8 
0 2 
0 2 
3 5 11 15 25 28 
0 2 3 5 
0 2 3 
5 6 8 
0 8 9 14 16 19 22 
0 8 9 14 16 19 22 
2 3 6 14 22 
2 3 6 14 22 
3 5 6 14 22 
2 3 6 14 22 
2 9 11 14 22 
2 3 6 14 22 
0 2 6 
2 3 6 
2 3 5 9 
5 8 9 
2 5 8 
3 5 28 
0 2 
5 8 
0 2 5 6 
0 4 9 
0 9 
0 3 5 
9 11 
0 3 
0 3 5 
3 6 
2 6 16 
2 3 5 
0 4 9 
0 11 18 
0 9 
0 9 
0 2 8 
3 5 6 8 14 
0 5 8 9 
9 11 
0 8 9 
0 2 4 9 
2 6 
5 8 9 
0 6 8 9 25 
0 5 6 8 9 25 
2 3 5 9 
2 8 
0 2 9 
0 2 5 
0 2 5 6 
5 6 
0 4 9 
2 5 8 
0 5 9 
0 9 
0 5 6 8 9 
0 6 8 9 25 
0 6 8 9 25 
0 6 8 9 25 
0 6 8 9 25 
5 9 11 14 22 
0 2 6 14 22 
5 8 9 11 14 
5 8 9 11 14 
5 8 9 11 14 
5 8 9 11 14 
2 3 6 14 22 
2 3 6 14 22 
3 5 6 14 
2 3 6 14 22 
2 3 6 14 22 
5 8 9 11 14 
5 9 11 14 22 
3 5 6 14 22 
3 5 6 14 22 
2 3 6 14 22 
2 3 6 14 22 
3 5 6 8 14 
2 3 6 14 22 
2 3 6 14 22 
2 3 6 14 22 
3 5 6 14 22 
0 2 8 14 24 
5 8 9 11 14 
2 3 6 8 14 
5 8 9 11 14 
5 8 9 11 14 
5 8 9 11 14 
5 8 9 11 14 
3 5 6 8 14 
2 3 6 14 22 
2 3 6 14 22 
2 3 6 14 22 
2 3 6 14 22 
2 3 6 14 22 
3 5 6 14 22 
2 9 11 14 22 
2 3 6 14 22 
3 5 6 14 22 
2 3 6 14 22 
2 3 6 14 22 
2 3 6 14 22 
2 3 6 14 22 
2 3 6 14 22 
2 3 6 14 22 
2 3 6 14 22 
2 3 6 14 22 
3 5 6 14 22 
2 9 11 14 22 
2 3 6 14 22 
2 3 6 14 22 
2 3 6 14 22 
2 9 11 14 22 
2 9 11 14 22 
0 2 14 
2 3 6 14 22 
2 3 6 14 22 
2 3 6 14 22 
2 3 6 14 22 
2 3 6 14 22 
2 3 6 14 22 
2 14 19 22 25 
2 3 6 14 22 
2 3 6 14 22 
5 8 9 11 14 
5 9 11 14 22 
2 3 6 14 22 
2 6 14 22 25 
2 3 6 14 22 
2 3 6 14 22 
2 3 6 14 22 
2 3 6 14 22 
2 3 6 14 22 
2 3 6 14 22 
3 5 6 14 22 
2 3 6 14 22 
5 8 9 11 14 
2 3 6 14 22 
2 3 6 14 22 
5 9 11 14 22 
0 2 6 14 22 
2 3 6 14 22 
3 5 6 14 22 
2 3 6 14 22 
5 8 9 11 14 
5 8 9 11 14 
5 8 9 11 14 
2 3 6 14 22 
3 5 6 14 
5 8 9 11 14 
2 3 6 14 
2 3 6 14 22 
2 3 6 14 22 
2 9 11 14 22 
2 3 6 14 22 
2 3 6 14 22 
2 3 6 14 22 
2 9 11 14 22 
2 3 6 14 22 
5 8 9 11 14 
2 3 6 14 22 
3 5 6 14 22 
2 3 6 14 22 
2 3 6 14 22 
2 3 6 14 22 
2 3 6 14 22 
2 3 6 14 22 
2 3 6 14 22 
2 3 6 14 22 
5 8 9 11 14 
2 9 11 14 22 
5 6 8 14 
2 3 6 14 22 
2 3 6 14 22 
3 6 8 9 14 25 
5 6 8 14 25 
2 3 6 14 22 
2 3 6 14 22 
2 8 9 11 14 
5 8 9 11 14 
3 6 8 11 15 
0 5 6 8 9 
2 3 6 14 22 
2 14 22 24 25 
5 9 11 14 22 
2 3 6 14 22 
2 3 6 14 22 
2 3 6 14 22 
2 3 6 14 22 
0 2 14 22 24 
2 3 6 14 22 
2 3 6 14 22 
5 8 9 11 14 
2 3 6 14 22 
2 3 6 14 22 
2 3 6 14 22 
2 3 6 14 22 
5 8 9 11 14 
2 3 6 14 22 
2 3 6 14 22 
2 3 6 14 22 
2 3 6 14 22 
2 8 9 11 14 
2 3 6 14 22 
2 3 6 14 22 
2 3 6 14 22 
2 6 14 22 25 
2 9 11 14 22 
2 3 6 14 22 
0 2 6 14 22 
3 5 6 14 22 
2 3 6 14 22 
2 3 6 14 22 
5 14 19 22 
5 9 11 14 
5 8 9 11 14 
5 8 9 11 14 
5 8 9 11 14 
5 8 9 11 14 
2 3 6 14 22 
5 8 9 11 14 
5 8 9 11 14 
5 8 9 11 14 
5 8 9 11 14 
5 8 9 11 14 
3 5 6 8 14 
5 8 9 11 14 
5 8 9 11 14 
5 8 9 11 14 
5 8 9 11 14 
5 8 9 11 14 
2 3 6 14 22 
2 3 6 14 
2 3 6 14 22 
5 9 11 14 22 
2 3 6 14 22 
2 6 14 22 25 
2 3 6 14 22 
3 5 6 14 22 
2 3 6 14 22 
2 3 6 8 14 
2 3 6 14 22 
2 3 6 14 22 
2 9 11 14 22 
2 3 6 14 22 
2 3 6 14 22 
3 5 6 14 22 
2 3 6 14 22 
5 8 9 11 14 
5 8 9 11 14 
5 8 9 11 14 
5 8 9 11 14 
5 8 14 24 
2 3 6 14 22 
5 8 9 11 14 
5 8 9 11 14 
5 8 9 11 14 
5 8 9 11 14 
5 8 9 11 14 
2 3 6 14 22 
5 8 9 11 14 
5 8 9 11 14 
5 8 9 11 14 
5 8 9 11 14 
5 8 9 11 14 
2 3 6 14 22 
5 8 9 11 14 
5 8 9 11 14 
5 8 9 11 14 
5 8 9 11 14 
2 3 6 14 22 
2 3 6 14 22 
2 3 6 14 22 
2 3 6 14 22 
2 3 6 14 22 
2 3 6 14 22 
2 3 6 14 
2 3 6 14 22 
2 3 6 14 22 
2 3 6 14 22 
2 3 6 14 22 
2 9 11 14 22 
2 3 6 14 22 
5 8 9 11 14 
2 3 6 14 22 
2 3 6 14 22 
2 3 6 14 22 
2 3 6 14 22 
2 3 6 14 22 
5 9 11 14 22 
2 3 6 14 22 
2 3 6 14 22 
2 9 11 14 22 
3 5 6 14 22 
0 2 14 22 25 
2 3 6 14 22 
3 5 6 8 14 
2 3 6 14 22 
2 3 6 14 22 
2 3 6 14 22 
2 3 6 14 
3 5 6 14 22 
2 3 6 14 22 
2 3 6 14 22 
0 6 9 14 22 25 
2 3 6 14 22 
2 9 11 14 22 
2 3 6 14 22 
2 3 6 14 22 
2 3 6 14 22 
3 5 6 14 22 
2 3 6 14 22 
2 9 11 14 22 
2 3 6 14 22 
2 3 6 14 22 
2 3 6 14 22 
2 3 6 14 22 
2 3 6 14 22 
2 3 6 14 22 
3 5 6 14 22 
2 3 6 14 
2 3 6 14 22 
2 3 6 14 22 
2 3 6 14 22 
2 3 6 14 22 
2 3 6 14 22 
2 3 6 14 22 
2 3 6 14 
2 3 6 14 22 
2 3 6 14 22 
2 3 6 14 22 
2 3 6 14 22 
2 3 6 14 22 
2 3 6 14 22 
2 9 11 14 22 
2 3 6 14 22 
2 3 6 14 22 
3 5 6 14 22 
2 3 6 14 22 
2 3 6 14 22 
2 3 6 14 22 
2 3 6 14 22 
3 5 6 14 22 
2 3 6 14 22 
2 3 6 14 22 
2 3 6 14 22 
2 3 6 14 22 
2 3 6 14 22 
3 5 6 14 22 
2 3 6 14 22 
2 3 6 14 22 
2 3 6 14 22 
5 8 9 11 14 
5 8 9 11 14 
2 3 6 14 22 
3 5 6 14 22 
2 9 11 14 22 
5 8 9 11 14 
5 8 9 11 14 
5 8 9 11 14 
5 8 9 11 14 
2 3 6 14 22 
2 3 6 14 22 
5 8 9 11 14 
5 8 9 11 14 
5 8 9 11 14 
5 8 9 11 14 
2 3 6 14 22 
5 8 9 11 14 
5 8 9 11 14 
5 8 9 11 14 
5 8 9 11 14 
5 8 9 11 14 
5 8 9 11 14 
2 3 6 14 22 
5 8 9 11 14 
5 8 9 11 14 
5 8 9 11 14 
5 8 9 11 14 
5 8 9 11 14 
5 8 9 11 14 
2 3 6 14 22 
2 3 6 14 22 
2 3 6 14 22 
2 3 6 14 22 
2 3 6 14 22 
2 3 6 14 22 
2 3 6 14 22 
3 5 6 8 14 
5 8 9 11 14 
5 8 9 11 14 
2 3 6 14 22 
2 3 6 14 22 
2 3 6 14 22 
5 8 9 11 14 
5 8 9 11 14 
5 8 9 11 14 
5 8 9 11 14 
0 2 14 22 24 
5 8 9 11 14 
5 8 9 11 14 
5 8 9 11 14 
5 8 9 11 14 
5 8 9 11 14 
2 9 11 14 22 
5 8 9 11 14 
5 8 9 11 14 
5 8 9 11 14 
5 8 9 11 14 
5 8 9 11 14 
5 8 9 11 14 
2 3 6 14 22 
5 8 9 11 14 
5 8 9 11 14 
5 8 9 11 14 
3 5 6 8 14 
5 8 9 11 14 
5 8 9 11 14 
2 3 6 14 22 
5 9 11 14 22 
5 8 9 11 14 
5 8 9 11 14 
5 8 9 11 14 
5 8 9 11 14 
5 8 9 11 14 
5 8 9 11 14 
5 8 9 11 14 
5 8 9 11 14 
5 8 9 11 14 
3 5 6 14 22 
2 3 6 14 22 
5 8 9 11 14 
5 8 9 11 14 
2 3 6 14 22 
2 3 6 14 22 
5 8 9 11 14 
5 8 9 11 14 
5 8 9 11 14 
2 3 6 14 22 
5 8 9 11 14 
2 3 6 14 22 
3 5 6 8 14 
2 3 6 14 22 
5 8 9 11 14 
5 8 9 11 14 
5 8 9 11 14 
5 8 9 11 14 
5 8 9 11 14 
5 8 9 11 14 
2 3 6 14 22 
2 3 6 14 22 
5 8 9 11 14 
5 8 9 11 14 
5 8 9 11 14 
5 8 9 11 14 
5 8 9 11 14 
2 3 6 14 22 
2 3 6 14 22 
3 5 6 8 14 
5 8 9 11 14 
0 2 14 22 24 
3 5 6 8 14 
5 8 9 11 14 
5 8 9 11 14 
5 8 9 11 14 
2 3 6 14 22 
5 8 9 11 14 
5 8 9 11 14 
5 8 9 11 14 
5 8 9 11 14 
2 3 6 14 22 
2 3 6 14 22 
2 3 6 14 22 
5 8 9 11 14 
5 8 9 11 14 
2 3 6 14 22 
2 3 6 14 22 
2 3 6 8 14 
3 5 6 14 22 
2 3 6 14 22 
5 8 9 11 14 
5 8 9 11 14 
5 8 9 11 14 
5 8 9 11 14 
5 8 9 11 14 
2 3 6 14 22 
2 3 6 14 22 
5 8 9 11 14 
5 8 9 11 14 
5 8 9 11 14 
5 8 9 11 14 
5 8 9 11 14 
0 2 6 14 22 
5 9 11 14 22 
5 8 9 11 14 
5 8 9 11 14 
5 8 9 11 14 
5 8 9 11 14 
2 3 6 14 
2 3 6 14 22 
5 8 9 11 14 
5 8 9 11 14 
0 3 5 6 8 9 
5 8 9 11 14 
5 8 9 11 14 
5 8 9 11 14 
5 8 9 11 14 
2 3 6 14 22 
5 8 9 11 14 
5 8 9 11 14 
5 8 9 11 14 
2 3 6 14 22 
3 5 6 14 22 
2 3 6 14 22 
5 8 9 11 14 
5 8 9 11 14 
2 3 6 14 22 
2 3 6 14 22 
2 3 6 14 22 
2 3 6 14 22 
5 14 22 25 
2 3 6 14 22 
2 9 11 14 22 
2 3 6 14 22 
2 3 6 14 22 
2 3 6 14 22 
5 9 11 14 22 
2 3 6 14 22 
2 9 11 14 22 
2 3 6 8 14 
3 5 6 14 22 
3 5 6 14 22 
2 3 6 14 22 
2 3 6 14 22 
3 5 6 14 22 
3 5 6 8 14 
5 9 11 14 22 
2 3 6 14 22 
2 3 6 14 22 
2 3 6 14 22 
5 8 9 11 14 
3 5 6 14 22 
2 3 6 14 22 
2 3 6 8 14 
3 5 6 14 22 
2 3 6 14 22 
2 3 6 14 22 
3 5 6 14 22 
2 3 6 14 22 
3 5 6 14 22 
3 5 6 14 22 
2 3 6 14 22 
2 3 6 14 22 
2 3 6 14 22 
2 3 6 14 22 
2 3 6 14 22 
2 3 6 14 22 
2 3 6 14 22 
5 8 9 11 14 
2 3 6 14 22 
2 3 6 14 22 
2 3 6 14 22 
3 5 6 8 14 
3 5 6 14 22 
2 3 6 14 22 
2 3 6 14 22 
2 3 6 14 22 
2 3 6 14 22 
2 3 6 14 22 
0 2 14 22 25 
2 3 6 14 22 
2 3 6 14 22 
2 3 6 14 22 
2 3 6 14 22 
2 3 6 14 22 
2 9 11 14 22 
3 5 6 14 22 
5 9 11 14 22 
5 9 11 14 22 
2 3 6 14 22 
2 14 19 22 25 
2 3 6 14 22 
3 5 6 14 22 
2 3 6 14 22 
2 9 11 14 22 
2 3 6 14 22 
2 3 6 14 22 
2 3 6 14 22 
2 3 6 14 22 
2 3 6 14 22 
2 3 6 14 22 
2 3 6 14 22 
3 5 6 14 22 
3 5 6 14 22 
2 3 6 14 22 
2 3 6 8 14 
2 3 6 14 22 
2 3 6 14 22 
2 3 6 14 22 
2 3 6 14 22 
2 3 6 14 22 
2 3 6 14 22 
2 3 6 14 22 
2 3 6 14 22 
2 3 6 14 
2 3 6 14 22 
2 3 6 14 22 
2 3 6 14 22 
5 8 9 11 14 
2 3 6 14 22 
2 3 6 14 22 
2 3 6 14 22 
2 3 6 14 22 
5 8 9 11 14 
3 5 6 14 22 
3 5 6 14 22 
2 3 6 14 22 
2 3 6 14 22 
2 3 6 14 22 
2 3 6 14 22 
0 2 14 22 24 
2 6 14 22 
0 2 14 19 22 
2 3 6 14 22 
2 3 6 14 22 
2 3 6 14 22 
2 3 6 14 22 
2 3 6 14 22 
2 3 6 8 14 
2 3 6 14 22 
2 3 6 14 22 
2 3 6 14 22 
2 3 6 14 22 
3 5 6 14 22 
2 3 6 14 22 
5 9 11 14 22 
2 9 11 14 22 
2 3 6 14 22 
2 3 6 14 22 
2 3 6 14 22 
2 3 6 14 22 
3 5 6 14 22 
2 14 19 22 25 
2 3 6 14 22 
2 3 6 14 22 
2 3 6 14 22 
2 3 6 14 22 
2 3 6 14 22 
2 3 6 14 22 
5 9 11 14 22 
2 3 6 14 22 
2 12 14 19 22 
2 3 6 14 22 
2 3 6 14 22 
2 3 6 14 22 
2 3 6 14 22 
2 3 6 14 22 
5 8 9 11 14 
2 3 6 14 22 
3 5 6 14 22 
2 3 6 14 22 
2 3 6 14 22 
2 3 6 14 22 
2 3 6 14 22 
2 3 6 14 22 
2 3 6 14 22 
2 3 6 14 22 
2 3 6 14 22 
2 3 6 14 22 
2 3 6 14 22 
2 3 6 14 22 
2 3 6 14 22 
2 3 6 14 22 
2 9 11 14 22 
2 3 6 14 22 
2 3 6 14 
2 3 6 14 22 
2 3 6 14 22 
2 3 6 14 22 
2 3 6 14 22 
2 3 6 14 22 
2 9 11 14 22 
2 3 6 14 22 
2 3 6 14 22 
2 3 6 14 22 
2 3 6 14 22 
2 3 6 14 22 
2 3 6 14 22 
2 3 6 14 22 
2 3 6 14 22 
2 3 6 14 22 
2 3 6 8 14 
2 3 6 14 22 
2 3 6 14 22 
3 5 6 14 22 
2 3 6 14 22 
2 3 6 14 22 
3 5 6 14 22 
3 5 6 14 22 
2 9 11 14 22 
3 5 6 14 
5 9 11 14 22 
2 3 6 8 14 
2 3 6 14 22 
2 14 22 
2 3 6 14 22 
2 3 6 14 22 
2 3 6 14 22 
2 3 6 14 22 
2 3 6 14 22 
2 3 6 14 22 
2 9 11 14 22 
2 3 6 14 22 
2 3 6 14 22 
2 3 6 8 14 
2 3 6 14 22 
2 3 6 14 22 
2 3 6 14 22 
2 9 11 14 22 
2 3 6 14 22 
2 3 6 14 22 
3 5 6 8 14 
2 3 6 14 22 
2 3 6 8 14 
3 5 6 14 22 
2 3 6 14 22 
2 3 6 14 22 
2 3 6 14 22 
3 5 6 14 22 
2 3 6 14 22 
2 3 6 14 22 
2 9 11 14 22 
2 3 6 14 22 
2 3 6 14 22 
2 3 6 14 22 
2 3 6 14 22 
2 3 6 14 22 
2 3 6 8 14 
2 3 6 14 22 
2 3 6 14 22 
2 3 6 14 22 
2 3 6 14 22 
3 5 6 14 22 
3 5 6 14 22 
2 3 6 14 22 
2 3 6 14 22 
2 3 6 14 22 
2 9 11 14 22 
5 8 9 11 14 
2 3 6 14 22 
2 9 11 14 22 
2 3 6 14 22 
3 5 6 14 22 
2 3 6 14 22 
2 3 6 14 22 
3 5 6 14 22 
2 3 6 14 22 
2 3 6 14 22 
2 3 6 14 22 
2 3 6 14 22 
3 5 6 14 22 
2 3 6 14 22 
2 3 6 14 22 
2 3 6 14 22 
2 3 6 14 22 
2 3 6 14 22 
2 9 11 14 22 
5 8 9 11 14 
3 5 6 14 22 
2 3 6 14 22 
2 3 6 14 
5 9 11 14 22 
2 3 6 14 22 
2 3 6 14 22 
3 5 6 14 22 
2 3 6 14 22 
2 3 6 14 22 
2 3 6 14 22 
3 5 6 14 22 
2 3 6 14 22 
3 5 6 14 22 
3 5 6 14 22 
2 3 6 14 22 
2 3 6 14 22 
2 3 6 14 22 
2 3 6 14 22 
2 3 6 14 22 
2 3 6 14 22 
2 3 6 14 22 
2 3 6 14 22 
5 9 11 14 22 
2 3 6 14 22 
5 8 9 11 14 
5 9 11 14 22 
2 3 6 14 22 
2 3 6 14 22 
2 3 6 14 22 
5 9 11 14 22 
3 5 6 8 14 
2 9 11 14 22 
3 5 6 14 22 
3 5 6 14 22 
2 3 6 14 22 
2 3 6 14 22 
2 3 6 14 22 
2 3 6 14 22 
3 5 6 14 22 
5 9 11 14 22 
2 3 6 14 22 
2 3 6 14 22 
2 3 6 14 22 
2 3 6 14 22 
2 9 11 14 22 
2 3 6 14 22 
2 3 6 14 22 
2 9 11 14 22 
2 3 6 14 22 
2 3 6 14 22 
2 3 6 8 14 
3 5 6 14 
2 3 6 14 22 
2 3 6 14 22 
3 5 6 14 22 
3 5 6 14 22 
2 3 6 14 22 
3 5 6 14 22 
0 5 6 8 9 25 
5 8 9 11 14 
2 5 6 8 
3 5 6 14 22 
2 3 6 14 22 
0 
0 15 18 
5 8 9 
0 5 8 
2 3 6 14 22 
2 3 6 14 22 
2 8 
0 2 5 
3 9 
0 2 6 
2 3 6 14 22 
3 5 6 14 22 
2 9 
0 2 
2 3 6 14 22 
3 5 6 14 22 
2 3 6 14 22 
5 9 11 14 22 
3 5 6 14 22 
0 2 14 22 24 
2 3 6 14 22 
2 3 6 14 22 
2 3 6 14 22 
2 3 6 14 22 
2 3 6 14 22 
2 3 6 14 22 
2 3 6 14 22 
2 3 6 14 22 
2 3 6 14 22 
2 3 6 14 22 
2 3 6 14 22 
2 3 6 14 22 
2 3 6 14 22 
2 3 6 8 14 
2 3 6 14 22 
2 3 6 14 22 
2 3 6 14 22 
5 9 11 14 22 
2 3 6 14 22 
2 9 11 14 
2 9 11 14 22 
2 3 6 14 22 
2 3 6 14 22 
2 3 6 14 22 
2 3 6 14 22 
2 3 6 14 22 
2 3 6 14 22 
5 9 11 14 22 
2 3 6 14 22 
3 5 6 14 22 
0 2 14 22 25 
2 3 6 14 22 
2 9 11 14 22 
3 5 6 14 22 
5 8 9 11 14 
3 5 6 14 22 
2 3 6 14 22 
2 3 6 14 22 
2 3 6 14 22 
3 5 6 14 22 
2 3 6 14 22 
2 3 6 14 22 
3 5 6 14 22 
2 3 6 14 22 
2 3 6 14 22 
2 3 6 14 22 
2 3 6 14 22 
2 3 6 14 22 
3 5 6 14 22 
5 9 11 14 22 
2 3 6 14 22 
5 8 9 11 14 
2 3 6 14 22 
5 9 11 14 22 
2 3 6 14 22 
2 6 14 22 24 
5 9 11 14 22 
2 3 6 14 22 
2 3 6 14 22 
2 3 6 14 22 
2 3 6 14 22 
2 3 6 14 22 
2 3 6 14 22 
2 3 6 14 22 
2 3 6 14 22 
3 5 6 14 22 
3 5 6 14 22 
2 3 6 14 22 
2 3 6 14 22 
2 3 6 14 22 
2 3 6 14 22 
2 3 6 14 22 
2 3 6 14 22 
2 3 6 14 22 
2 3 6 14 22 
2 3 6 14 22 
2 3 6 14 22 
2 3 6 14 22 
2 3 6 14 22 
2 12 14 19 22 24 
2 3 6 14 22 
2 3 6 14 
2 3 6 14 22 
2 3 6 14 22 
5 8 9 11 14 
2 3 6 14 22 
2 3 6 14 22 
2 3 6 14 
5 8 9 11 14 
2 3 6 14 22 
3 5 6 14 22 
2 3 6 14 22 
3 5 6 14 22 
0 2 14 19 22 
2 3 6 14 22 
2 3 6 14 22 
3 8 11 14 18 19 22 24 
2 3 6 14 22 
2 3 6 14 22 
2 3 6 14 22 
2 3 6 14 22 
2 3 6 14 22 
2 3 6 14 22 
2 3 6 14 22 
2 3 6 14 22 
2 9 11 14 22 
2 3 6 14 22 
2 3 6 14 22 
2 3 6 14 22 
2 3 6 14 22 
3 5 6 14 22 
2 3 6 14 22 
2 3 6 14 22 
2 3 6 14 22 
3 5 6 14 22 
2 3 6 14 22 
2 3 6 14 22 
2 3 6 14 22 
2 9 11 14 22 
3 5 6 14 22 
2 3 6 14 22 
3 5 6 14 22 
2 3 6 14 22 
2 3 6 14 22 
5 8 9 11 14 
0 2 14 22 25 
3 5 6 14 22 
5 6 14 22 
2 3 6 14 22 
2 3 6 14 22 
2 3 6 14 
2 3 6 14 22 
0 2 14 22 25 
2 9 11 14 22 
5 9 11 14 22 
2 3 6 14 22 
2 3 6 14 22 
3 5 6 14 22 
3 5 6 14 22 
2 3 6 14 22 
2 3 6 14 22 
2 12 14 19 22 
2 3 6 14 22 
5 9 11 14 22 
2 3 6 14 22 
2 3 6 14 22 
2 3 6 14 22 
2 3 6 14 22 
2 3 6 14 22 
2 9 11 14 22 
5 9 11 14 22 
2 3 6 14 22 
2 3 6 14 22 
5 8 9 11 14 
2 9 11 14 22 
2 3 6 14 22 
3 5 6 14 22 
2 3 6 14 22 
2 3 6 14 22 
2 3 6 14 22 
2 3 6 14 22 
2 9 11 14 22 
5 9 11 14 22 
3 5 6 14 22 
2 3 6 14 22 
5 8 9 11 14 
3 5 6 14 22 
5 9 11 14 22 
2 3 6 14 22 
2 3 6 14 22 
2 8 9 11 14 
2 3 6 14 22 
2 3 6 14 22 
2 3 6 14 22 
0 2 14 22 
2 3 6 14 22 
3 5 6 14 22 
2 3 6 14 22 
2 3 6 14 22 
2 3 6 14 22 
2 3 6 14 22 
2 3 6 14 22 
2 3 6 14 22 
2 3 6 14 22 
3 5 6 14 22 
2 3 6 14 22 
2 3 6 14 22 
2 9 11 14 22 
3 5 6 14 22 
2 3 6 14 22 
2 9 11 14 22 
2 3 6 14 22 
2 3 6 14 22 
2 3 6 14 22 
2 3 6 14 
2 3 6 14 22 
2 3 6 14 22 
2 3 6 14 22 
3 5 6 14 22 
2 3 6 8 14 
3 5 6 14 22 
2 3 6 14 22 
5 9 11 14 22 
2 3 6 14 22 
3 5 6 8 14 
2 14 19 22 
2 3 6 8 14 
2 3 6 14 22 
2 3 6 14 22 
3 5 6 14 22 
3 5 6 14 22 
2 3 6 14 22 
3 5 6 14 22 
2 3 6 14 22 
2 3 6 8 14 
2 3 6 14 22 
2 3 6 14 22 
2 3 6 14 22 
3 5 6 14 
0 2 14 22 25 
2 3 6 14 
2 3 6 14 22 
2 3 6 14 22 
2 3 6 14 22 
3 5 6 14 22 
2 3 6 14 22 
2 8 9 11 14 
2 3 6 14 22 
5 9 11 14 22 
2 3 6 14 22 
2 3 6 8 14 
2 3 6 14 22 
2 3 6 14 22 
11 15 16 19 24 28 
2 3 6 14 22 
2 3 6 14 
3 5 6 14 
3 5 6 14 22 
2 3 6 14 22 
2 9 11 14 22 
2 3 6 14 22 
2 3 6 14 22 
2 9 11 14 22 
2 9 11 14 22 
2 9 11 14 22 
3 5 6 14 22 
2 3 6 14 22 
5 9 11 14 22 
2 9 11 14 22 
2 9 11 14 22 
2 3 6 14 22 
3 5 6 14 22 
3 5 6 14 22 
5 9 11 14 22 
5 8 9 11 14 
3 5 6 14 22 
3 5 6 14 22 
2 3 6 14 22 
2 3 6 14 22 
5 8 9 11 14 
5 9 11 14 22 
3 5 6 14 22 
5 8 9 11 
2 3 6 14 22 
2 3 6 8 14 
2 3 6 14 22 
3 5 6 14 22 
2 3 6 14 22 
2 3 6 14 22 
2 3 6 14 22 
2 9 11 14 22 
3 5 6 14 22 
2 3 6 14 22 
5 9 11 14 22 
5 9 11 14 22 
0 2 14 19 22 
2 3 6 14 22 
2 3 6 14 22 
2 3 6 14 22 
2 3 6 14 22 
2 3 6 14 22 
2 3 6 14 22 
2 3 6 14 22 
2 3 6 14 
2 3 6 14 22 
2 3 6 14 22 
2 3 6 14 22 
5 8 9 11 14 
2 3 6 14 22 
2 3 6 14 22 
2 3 6 8 14 
2 3 6 14 22 
2 3 6 14 22 
2 3 6 14 22 
5 9 11 14 22 
2 3 6 14 22 
2 3 6 14 22 
2 3 6 14 22 
2 3 6 14 22 
2 3 6 14 22 
2 3 6 14 22 
2 3 6 14 22 
2 3 6 14 22 
2 3 6 14 22 
2 3 6 14 22 
3 5 6 14 22 
3 6 14 22 
2 3 6 14 22 
3 5 6 14 22 
2 9 11 14 22 
2 3 6 14 22 
3 5 6 14 22 
2 3 6 14 22 
2 3 6 14 22 
2 3 6 14 22 
2 3 6 14 22 
2 3 6 14 22 
2 3 6 14 22 
3 5 6 8 14 
3 5 6 14 22 
2 3 6 14 22 
2 3 6 14 22 
2 3 6 14 22 
5 9 11 14 22 
3 5 6 14 22 
5 9 11 14 22 
2 3 6 14 22 
2 3 6 14 22 
2 3 6 14 22 
3 5 6 14 22 
2 3 6 14 
2 3 6 14 22 
3 5 6 14 22 
2 3 6 14 22 
2 3 6 14 22 
0 2 14 22 25 
2 3 6 14 22 
0 3 5 11 19 24 
2 9 11 14 22 
2 3 6 14 22 
2 3 6 14 22 
2 3 6 8 14 
2 3 6 14 22 
2 3 6 14 22 
3 5 6 14 22 
2 3 6 14 22 
2 3 6 14 22 
2 3 6 14 22 
2 3 6 14 22 
2 3 6 14 22 
5 8 9 11 14 
3 5 6 14 22 
2 3 6 14 22 
5 9 11 14 22 
2 3 6 14 22 
3 5 6 14 22 
5 9 11 14 22 
0 2 6 14 22 
5 8 9 11 14 
3 5 6 14 22 
2 9 11 14 22 
2 3 6 14 22 
3 5 6 14 22 
3 5 6 14 22 
5 9 11 14 22 
3 5 6 14 22 
2 3 6 14 22 
2 9 11 14 22 
3 5 6 14 22 
3 5 6 14 22 
3 5 6 8 14 
2 3 6 14 22 
3 5 6 14 22 
2 3 6 14 22 
2 9 11 14 22 
2 3 6 14 22 
2 3 6 14 22 
3 8 9 12 14 19 22 
5 14 19 22 
2 3 6 14 22 
5 8 9 11 14 
5 9 11 14 22 
2 3 6 14 22 
3 5 6 14 22 
5 9 11 14 22 
5 9 11 14 22 
2 3 6 14 22 
2 3 6 14 22 
2 3 6 14 22 
2 3 6 14 22 
3 5 6 14 22 
2 3 6 14 22 
2 3 6 14 22 
2 3 6 14 22 
5 9 11 14 22 
2 3 6 14 22 
2 3 6 14 22 
0 8 9 14 19 22 25 
0 6 8 9 14 22 25 
2 3 6 14 22 
2 3 6 14 22 
2 3 6 14 22 
3 5 6 14 22 
5 9 11 14 22 
2 9 11 14 22 
2 3 6 14 22 
2 3 6 14 22 
2 3 6 14 22 
2 3 6 14 22 
0 3 6 8 9 14 22 
3 8 9 12 14 19 22 
2 3 6 14 22 
2 3 6 14 22 
2 3 6 14 22 
3 8 9 12 14 19 22 25 
2 3 6 14 22 
2 3 6 14 22 
3 5 6 14 22 
3 6 14 22 
2 3 6 14 22 
5 9 11 14 
2 3 6 14 22 
2 3 6 14 22 
2 3 6 14 22 
2 3 6 8 14 
3 5 6 8 14 
2 3 6 14 22 
5 9 11 14 22 
3 5 6 14 22 
3 5 6 14 22 
2 3 6 14 22 
2 8 9 11 14 
2 3 6 14 22 
2 3 6 14 22 
2 3 6 14 22 
2 3 6 14 22 
0 2 6 14 22 
2 3 6 14 22 
6 8 11 14 22 25 27 
2 3 6 14 22 
2 3 6 14 22 
2 3 6 14 22 
5 8 9 11 14 
2 3 6 14 22 
0 6 9 14 22 
0 2 14 22 
2 3 6 14 22 
2 3 6 14 22 
2 3 6 14 22 
5 8 9 11 14 
2 3 6 14 22 
2 3 6 14 22 
2 3 6 14 22 
2 3 6 14 22 
2 3 6 14 22 
2 3 6 14 22 
2 3 6 14 22 
2 3 6 14 22 
3 5 6 14 22 
2 3 6 14 22 
5 8 9 11 14 
2 3 6 14 22 
