11 
24 
9 
25 
27 
37 
0 2 3 5 8 
35 
8 16 24 25 29 
0 28 
6 12 
6 
0 18 25 
20 
3 14 27 28 
6 
8 27 
15 
2 14 30 
2 3 29 32 
19 
13 
32 35 
14 21 24 
11 
11 
34 
4 
15 
2 5 
12 18 
25 
0 
29 34 37 
2 34 
2 
6 
18 25 37 
27 
3 5 
5 24 
11 
24 
24 
6 37 
0 5 8 14 
15 
0 2 5 8 14 34 
18 22 37 
6 
0 2 8 14 37 
27 
2 
0 
5 8 
29 34 
19 
2 
8 11 
27 29 
5 
37 
8 21 
6 
2 
8 
11 
0 
15 
8 
11 
34 
3 9 25 
8 
18 
11 27 
13 
21 31 
11 
2 
27 
27 
5 35 
18 32 34 
25 
21 27 
0 
25 
2 14 
0 
6 8 18 27 
6 
24 
11 
27 
5 24 25 27 30 
14 21 34 
9 21 25 
2 3 
15 
5 
0 2 3 5 
8 
9 11 
27 
8 
9 
0 8 11 34 
29 
0 19 21 22 24 
24 
3 
5 9 11 27 28 
21 
2 
3 
8 
9 29 32 37 
35 
0 
2 
8 
11 
0 2 
8 
18 
2 
0 
18 
18 
29 
0 28 30 
2 
8 14 21 
27 
9 
2 12 18 
15 
2 6 
0 
11 19 22 
0 2 5 
3 5 
2 8 9 
8 
9 23 
3 31 
21 
3 6 25 
11 
9 
6 
9 
25 
2 
0 
0 3 
5 
21 
11 27 
0 2 9 
0 
25 35 37 
5 8 21 
2 8 25 32 
2 11 
5 
34 
3 8 
0 5 9 14 28 
3 5 8 
0 3 21 
35 
34 
0 9 
0 
11 
15 25 28 
16 
0 
0 2 6 
8 
5 
0 2 8 
2 5 
2 
0 21 
12 
9 
37 
2 9 14 15 
37 
2 
0 
18 
8 
8 
8 
21 
5 
8 16 18 22 28 
5 
25 
3 
2 14 
35 
18 19 34 
16 37 
18 22 28 34 
2 14 16 18 
22 
0 
19 25 28 
9 
11 
0 18 22 27 
5 28 
5 8 11 35 
36 
35 
0 2 19 28 
0 2 8 
9 
18 23 30 
0 2 
21 35 
25 
19 32 
16 
0 
11 14 
0 
0 6 25 
3 
0 
18 29 
25 
18 21 
16 
25 
0 5 21 
22 
2 35 
11 
6 21 
2 3 8 24 
5 27 
5 11 28 
5 19 27 34 
2 5 
6 
9 
12 27 
6 9 
2 
11 
3 9 11 
5 
0 
5 
2 
16 21 
21 
6 14 28 
2 5 
15 
3 9 34 35 
12 
27 
18 
19 21 
2 5 6 
5 
8 
9 
0 8 14 21 
22 25 
14 27 
8 
14 22 
0 3 11 
9 24 
15 
0 11 18 
0 19 
2 6 11 21 
0 2 3 14 
18 
5 9 
2 37 
18 
37 
25 
0 8 
35 
2 
18 
8 
9 
8 
18 
8 12 
8 11 
5 37 
11 
24 
9 11 19 
15 
8 
2 
12 
0 35 37 
2 3 9 21 
28 
8 14 18 
0 
6 35 
2 5 18 
11 
3 6 18 19 21 
2 3 8 9 19 
0 12 15 
2 3 5 8 34 
0 25 
25 
0 11 19 21 
11 29 
12 14 
2 
2 3 9 14 
18 34 35 
16 34 
8 
3 5 21 34 
9 19 
2 8 
2 
2 31 
11 37 
0 19 
2 5 8 9 28 
3 
2 19 21 27 
9 14 
0 2 21 
0 
2 8 11 15 
0 6 
8 11 18 
2 
0 9 18 
19 22 
6 8 18 19 28 
8 25 35 
16 19 21 24 
5 18 
5 18 
24 
0 8 16 
21 35 
14 19 21 35 
0 12 24 25 
0 2 11 21 
11 16 
2 3 9 32 
8 
18 
2 8 9 18 34 
0 8 11 18 
8 11 24 37 
9 11 14 22 
19 27 28 
0 3 11 21 
3 
5 8 22 
0 5 11 
2 5 8 9 18 
8 
4 8 35 37 
9 22 25 
8 32 34 
2 11 
2 3 5 9 11 
25 
18 
37 
18 22 29 
6 
8 11 16 21 
18 37 
11 
2 5 
3 5 
2 27 32 
22 
0 
0 
0 3 36 
29 
2 4 14 18 
0 14 21 
0 2 9 21 
8 
12 35 
16 
12 14 28 
4 35 
2 19 22 
2 18 37 
11 
19 35 
2 11 
0 8 
18 21 
0 11 18 
34 
18 35 
2 16 19 
24 
5 29 32 37 
9 
2 
18 
0 2 3 9 32 
12 
0 9 12 18 
2 5 13 
29 
18 
3 8 
2 9 11 21 28 34 
31 
2 9 
0 11 21 
9 
12 
6 9 27 
0 
8 
2 3 8 9 
5 11 
2 8 
3 29 
2 9 14 
0 5 34 
2 9 14 18 19 
35 
8 11 16 
3 11 21 
2 3 9 
8 
3 5 15 
22 
22 
2 15 19 21 34 
3 5 
11 12 
18 
0 2 6 8 32 
6 15 24 
0 14 
11 
9 
2 
2 11 
18 19 27 
24 
2 
0 6 
15 19 
14 
0 11 32 
9 18 
19 35 
19 
0 35 37 
35 
18 37 
18 35 
5 9 
0 35 
3 11 14 18 37 
2 27 
6 
2 8 12 
0 11 14 18 
0 19 
2 11 14 18 35 
0 
2 
3 5 6 8 
2 
21 22 29 
0 2 5 8 9 14 
2 16 
9 19 37 
6 37 
3 8 
11 
2 3 15 32 
0 11 
3 11 
2 5 11 15 
24 
19 35 
2 27 
8 18 
8 
0 14 16 
0 11 19 21 
35 
18 28 
0 2 
8 11 12 
18 21 24 
0 9 18 
0 6 19 
2 15 18 34 
19 22 
0 2 3 18 24 
0 3 18 
2 5 8 18 
3 9 16 21 34 
2 3 
18 
0 2 9 35 
5 11 18 34 
3 27 34 
25 
35 
0 14 
0 5 14 
2 
29 
19 21 
9 34 
12 
28 32 
0 2 3 5 8 
0 27 
0 21 37 
27 28 
0 2 29 
11 
2 13 21 
0 3 5 8 
22 25 
18 
14 
0 3 11 15 
22 35 
3 5 35 
22 
24 
5 
0 2 3 8 
18 37 
5 11 
2 9 14 18 
0 3 
0 5 21 37 
2 5 19 
14 22 
0 
0 11 27 
24 
11 
0 5 8 11 32 
0 5 11 
0 5 
11 35 
37 
2 9 34 
0 2 18 
8 
22 29 
11 
3 9 
13 
3 6 18 
22 
2 15 
2 9 14 15 
21 
18 
3 18 
0 3 22 35 
2 3 9 
18 
2 8 19 
9 
35 
2 8 13 
8 
35 
34 
3 14 
34 35 
18 
14 19 21 24 25 
0 2 9 25 
0 3 11 21 
0 11 16 
0 
18 
8 11 25 
0 18 21 34 
0 2 5 27 
6 9 
5 
0 3 8 
0 2 3 
2 8 21 
11 
8 14 19 21 24 
14 
5 16 
8 9 25 27 
31 
3 29 32 
0 9 22 27 36 
8 18 
12 
25 
3 
0 19 21 22 25 
0 2 
0 9 19 
2 27 
5 6 25 37 
9 11 18 21 
0 
2 25 27 
18 
9 
0 16 21 
0 2 8 
6 18 34 
2 9 27 
0 
18 35 
5 9 25 35 
2 14 
2 3 11 21 37 
9 11 22 
3 
35 
3 
2 
22 24 35 
11 12 
18 
12 
0 18 21 34 
12 
2 
0 
2 18 19 29 
0 37 
0 22 35 37 
37 
2 
14 19 
0 18 22 24 
9 
9 
0 3 6 28 
0 2 16 
0 2 5 18 
11 16 
2 3 5 16 
6 8 11 
0 
0 
0 
0 2 6 
2 5 11 34 
35 
21 29 
2 
35 
22 
0 15 
0 6 
21 32 
0 3 
2 5 11 
18 19 
0 3 5 19 
3 9 30 
12 
6 8 
34 
2 11 
6 
16 
2 3 5 8 
32 
12 
37 
24 
0 8 9 27 
8 11 
9 12 30 
30 35 
11 
2 5 18 32 
2 5 8 16 
2 3 25 
0 2 5 
2 9 
16 
3 5 18 27 
27 
16 
2 8 
6 9 35 
8 18 19 35 
5 
0 6 18 31 
0 
21 
0 2 18 
5 16 
0 6 8 
0 2 6 27 
2 3 5 14 37 
28 
12 
2 3 11 16 
21 
0 19 
18 37 
9 
5 19 
2 5 9 24 25 
0 3 34 
8 25 
5 25 
3 9 14 19 37 
0 
4 
0 
3 
12 25 
3 9 19 
0 
19 
11 16 
0 
2 
35 
3 28 
0 3 6 
3 11 
0 2 21 
8 9 15 16 24 
0 2 
25 
2 9 16 
0 
37 
0 3 
18 
3 
19 
0 
0 5 14 34 
34 
37 
2 14 35 
12 37 
34 
11 18 
29 
2 6 8 25 
6 
15 18 35 
2 9 22 
12 21 22 25 
8 35 37 
2 5 16 
0 
6 
2 34 
3 11 16 21 
5 19 
27 
4 11 12 
2 8 9 
11 
37 
16 
2 18 27 37 
2 4 19 25 27 
11 18 37 
9 12 
2 32 
3 5 9 
37 
35 
15 
2 14 29 
3 5 19 34 
35 
18 25 37 
9 11 15 18 
11 21 22 24 
6 9 25 28 37 
9 18 
24 30 37 
18 21 
0 5 9 21 
18 19 23 31 
3 18 24 32 
0 3 37 
14 18 21 34 
12 14 27 
2 9 11 27 
0 3 5 16 31 
0 6 19 35 
11 19 21 27 
0 34 
19 34 36 
3 16 18 25 37 
9 11 21 27 
18 24 34 
0 9 19 21 30 
0 6 11 18 24 
5 21 25 
0 34 
5 6 12 
3 5 28 32 
0 2 25 37 
2 18 
0 3 5 
14 27 35 37 
2 
9 19 
12 14 21 
0 3 8 
0 14 34 
0 2 8 11 27 
8 19 22 35 37 
3 18 32 37 
5 12 
11 32 
11 12 16 37 
3 6 9 22 29 
0 9 27 
8 14 19 22 37 
2 25 35 
2 18 24 34 37 
2 5 11 16 32 
12 22 34 
0 2 3 11 25 
5 14 16 21 35 
14 22 37 
2 3 8 9 12 
0 14 32 
0 2 35 37 
19 21 22 
0 12 32 
0 2 3 
11 14 16 32 37 
19 21 22 
4 8 11 27 36 
2 5 11 14 27 
2 8 14 19 
11 14 16 34 
21 
2 16 27 
5 9 18 
2 14 27 35 37 
0 18 24 
0 11 30 
3 6 29 
14 18 19 24 31 
2 3 8 9 
0 3 11 
14 19 24 35 37 
0 8 11 21 
2 11 14 21 28 
3 5 9 18 
2 3 14 19 22 
9 11 16 18 21 
2 9 14 22 34 
5 6 9 12 
2 5 11 19 
12 15 22 35 
2 3 6 14 21 
0 8 27 
2 3 32 35 
2 8 12 19 
0 8 21 35 
5 8 11 27 36 
0 8 25 27 
0 5 
8 11 23 27 30 
3 22 
3 9 
0 5 8 
0 3 8 37 
8 11 18 24 
18 24 32 35 
14 19 24 35 
8 11 12 29 
0 2 5 12 31 
2 9 11 19 37 
18 19 22 
3 14 21 
0 2 
0 3 11 34 
16 32 
8 18 25 35 
3 29 
9 12 25 37 
5 29 
11 12 
9 21 27 
2 9 14 35 37 
0 2 3 8 9 
0 3 5 11 
2 3 8 9 15 
9 18 
18 19 21 22 
2 12 25 35 37 
6 21 35 
19 22 25 35 
5 8 11 14 22 
8 11 18 24 32 
3 18 22 37 
2 8 11 15 
0 5 22 
16 18 29 32 
0 19 22 24 
9 21 25 35 
2 18 37 
5 22 29 37 
15 27 
0 9 11 22 
9 18 22 
2 3 5 24 
3 5 6 37 
2 11 18 28 34 
3 14 19 
9 12 32 
6 18 21 35 37 
21 25 29 35 
0 6 21 27 
2 3 16 35 
0 18 29 37 
5 21 
8 
3 18 
24 35 37 
0 
0 3 5 9 18 
2 9 12 19 
8 18 34 37 
19 22 27 29 31 
5 9 11 
0 2 8 32 
0 3 8 21 
2 21 28 
0 2 21 32 
8 
0 21 34 
0 9 18 34 
0 2 8 9 19 
3 16 27 
0 2 14 32 35 
18 
0 3 21 32 
11 21 32 
0 8 11 16 21 
18 
6 11 16 32 
2 14 21 25 37 
2 6 18 31 35 
0 2 3 5 
3 5 18 
3 5 8 11 
5 9 
0 2 6 22 
2 5 12 22 
5 8 9 12 
0 3 18 
8 9 14 18 21 
3 11 12 
18 19 22 24 
3 11 
2 8 18 34 
2 14 21 24 29 
18 19 21 25 30 
8 27 29 
9 18 24 35 37 
0 5 18 22 35 
14 18 19 35 
2 34 35 37 
5 32 
5 8 11 22 27 
3 8 16 27 32 
0 3 8 11 
18 24 
3 8 14 
2 6 25 
0 9 16 21 
3 5 
2 6 22 25 35 
18 19 24 
2 14 19 27 
0 3 21 28 32 
18 25 32 35 37 
11 
9 19 24 27 
12 22 24 
8 9 24 35 
3 9 
0 5 14 21 
5 9 35 37 
5 8 19 21 22 
9 12 19 25 37 
2 8 14 18 37 
6 19 
0 2 14 18 
11 18 21 25 
9 27 37 
16 19 21 24 
3 8 11 
0 9 18 24 35 
2 14 25 37 
0 19 37 
9 18 22 35 
0 2 3 35 
5 8 11 12 22 
0 2 3 9 11 
2 3 9 
2 14 18 21 
3 8 9 11 
2 3 8 9 
9 24 
3 24 27 
0 11 18 25 
2 5 14 22 
2 3 9 
0 16 35 
9 19 24 
8 11 16 
12 19 37 
2 8 9 11 19 
0 14 25 
0 18 22 35 37 
0 2 5 8 27 
0 2 5 
0 14 18 22 35 
0 2 14 35 37 
11 14 18 19 24 35 
2 14 21 35 
5 8 22 
6 19 24 35 
6 34 
2 14 19 35 
0 4 6 9 22 
3 22 35 
0 2 19 32 
12 16 19 
3 6 
0 18 21 37 
21 32 
0 11 15 
32 
9 16 18 31 34 
2 18 21 25 28 
2 18 19 
12 14 22 37 
8 15 32 
0 16 21 34 
0 11 14 18 19 
0 18 21 
2 14 34 35 
0 3 9 11 18 
14 18 21 35 
11 14 21 32 
2 18 24 25 37 
15 18 32 
3 5 14 19 37 
0 5 19 22 35 
3 5 6 11 
0 2 21 
11 21 27 
11 14 16 27 36 
5 16 28 
0 14 21 37 
0 3 5 11 
11 16 18 35 
9 11 16 21 
0 2 16 32 
0 21 22 27 
2 11 14 35 37 
0 8 34 
0 3 18 21 
21 32 
9 18 32 
16 21 24 32 
18 19 25 
11 25 35 
8 11 25 
0 2 9 
6 11 25 
11 14 18 19 
5 8 12 19 
8 
0 2 11 14 35 
11 27 37 
0 8 16 21 
0 8 11 27 37 
8 16 21 25 
3 5 
0 2 14 37 
2 21 22 29 35 
0 3 12 15 
3 5 11 16 18 19 
29 32 37 
19 
0 2 3 32 
22 
18 19 22 
15 29 
2 16 18 19 24 
2 11 14 27 35 
11 14 
18 19 27 
3 19 23 
0 5 
2 8 9 11 
18 24 35 37 
2 8 27 
2 14 19 22 37 
9 14 16 18 22 
12 18 
0 3 6 19 32 
2 11 21 27 
11 16 32 37 
16 36 37 saa37 36 1144
14 25 27 35 
29 32 
0 11 18 
0 2 8 9 11 
9 14 18 24 
0 6 8 9 12 
2 18 21 24 37 
8 11 18 25 32 37 
5 16 28 32 
11 12 16 19 
0 14 18 22 35 
0 4 
2 16 19 22 24 
2 16 19 22 37 
0 2 
5 16 21 32 
3 8 18 22 37 
0 8 18 
11 16 32 
5 14 
4 19 32 35 
0 2 9 29 
0 8 18 34 
11 18 19 22 
2 11 14 25 35 
11 21 25 37 
2 6 8 25 
18 25 
19 24 37 
0 15 35 37 
5 8 11 
2 5 27 35 
2 8 16 34 35 
2 3 14 24 
6 11 35 
6 11 24 37 
0 11 25 34 
0 2 19 21 35 
2 14 24 
0 24 34 37 
12 18 29 31 
0 11 
9 19 
0 18 35 37 
2 3 6 11 14 
9 11 14 
21 25 35 
9 19 
2 6 8 9 19 
14 19 31 
0 4 8 
2 5 9 19 37 
8 9 12 
5 18 22 31 
12 15 25 35 
11 16 21 34 
8 9 18 21 27 
2 21 24 37 
0 2 8 22 37 
2 37 
5 19 25 35 
0 2 8 
9 11 34 35 
3 15 31 
8 18 22 
0 2 5 
6 14 18 19 21 
3 34 
35 
3 8 11 32 
21 
2 11 14 18 37 
0 9 21 25 37 
9 11 16 18 21 22 
2 5 6 8 27 
18 
0 22 
3 11 
9 16 18 19 25 
11 21 22 37 
2 14 19 27 35 
0 5 
0 5 18 
34 
11 23 25 27 35 
3 18 32 
3 12 18 22 
14 18 19 22 35 
0 27 
0 5 19 
2 14 22 27 35 
11 19 34 
9 18 32 35 
2 5 25 
0 2 19 
2 11 29 
14 18 19 
0 11 19 
11 27 37 
3 11 14 19 
2 8 11 35 37 
8 11 29 
5 6 21 
12 
2 3 5 12 24 
0 5 21 24 
3 9 18 37 
6 24 34 
12 29 
2 24 
25 
2 22 35 
0 3 5 9 11 
27 
12 19 
0 5 6 
2 14 31 35 
9 11 16 18 21 
0 12 25 
0 16 19 22 
12 25 35 
2 5 27 
2 3 11 21 
0 5 11 36 
0 8 9 19 24 
12 21 25 29 
16 21 27 30 37 
0 2 24 
3 21 23 32 37 
8 9 
5 12 21 22 
2 8 11 14 
2 5 11 22 
5 14 27 
2 18 32 35 
0 9 18 21 
0 18 35 
0 25 34 
18 19 34 
18 
0 19 24 25 35 
0 8 18 34 
2 12 21 25 
2 3 11 27 
11 16 18 22 24 
0 8 21 35 
8 14 
2 5 28 
0 8 22 28 
0 11 14 22 
0 2 3 5 6 
22 35 
3 6 9 27 
2 14 29 
2 18 21 25 
2 11 37 
9 35 
2 11 16 19 21 
2 5 15 
2 11 14 35 37 
2 4 8 
21 27 37 
2 5 8 21 
9 18 21 22 35 
18 24 
19 24 31 
5 11 19 34 
3 11 19 31 34 
2 5 8 
0 2 19 25 
2 11 18 22 37 
9 
3 19 21 
3 27 
12 15 19 35 
11 22 35 
3 22 27 35 
0 5 11 
0 8 18 21 22 
0 2 24 
6 9 11 22 23 saa23 22 1325
12 19 22 25 
0 12 
11 18 28 
0 16 27 29 
3 9 24 
0 3 11 
2 5 22 24 
8 29 
18 21 23 
2 5 8 21 35 
8 14 18 37 
11 12 16 19 
11 29 
8 11 15 
8 9 
0 5 15 19 37 
2 24 27 37 
3 22 24 25 
2 12 
3 11 32 
5 18 19 
16 27 32 34 
6 12 21 37 
11 14 19 24 37 
18 21 
9 19 28 34 
2 3 18 19 22 
12 
0 3 35 
11 14 18 37 
11 16 25 32 37 
2 12 22 35 
3 11 
0 6 9 
2 11 14 24 35 
0 14 21 34 
2 18 
21 27 
11 16 19 35 
11 16 19 29 
0 5 8 14 37 
18 24 25 35 37 
2 11 14 21 
2 8 11 16 32 
8 11 16 32 
2 9 18 24 
2 25 
0 3 14 31 
3 5 34 35 
2 5 12 16 32 
18 
9 19 35 
5 21 22 34 
2 5 11 
3 6 12 22 35 
5 22 35 37 
6 18 22 35 37 
2 11 16 32 37 
8 18 24 32 35 
2 5 14 34 35 
9 18 19 
2 13 15 19 27 
8 24 32 
21 35 
5 19 21 22 28 
0 28 34 
0 2 5 16 
3 19 
2 22 
11 19 24 
0 16 34 
0 9 35 37 
11 21 
24 
11 
8 11 14 
8 14 19 
18 22 34 
9 16 18 35 37 
19 35 37 
6 22 32 34 
0 5 9 18 35 
12 19 37 
18 19 24 34 
5 9 14 19 21 
24 
0 6 
6 11 18 19 
11 19 34 
6 9 11 35 
14 19 35 
8 9 11 18 27 
2 3 29 35 
2 14 22 35 
3 11 27 34 
0 2 5 32 
11 32 35 37 
3 12 18 
0 3 11 
6 16 25 
6 23 
0 2 21 
0 18 24 32 
2 9 19 21 
11 31 
22 
6 9 18 37 
2 3 8 9 
9 14 18 32 
8 
3 11 12 19 
2 25 
2 3 8 9 11 
5 22 
3 5 8 18 19 
5 12 19 32 35 
0 2 8 
0 2 8 9 32 
0 18 
0 2 19 34 
11 18 19 22 35 
0 2 5 8 9 
3 8 9 11 24 
6 18 19 
5 8 22 35 
9 25 29 34 35 
2 3 5 35 
5 18 21 23 35 
18 19 35 37 
9 21 24 35 
0 5 12 29 34 
0 11 15 
5 24 25 
3 5 8 32 
5 14 21 
12 18 24 27 
2 9 
18 21 35 
5 6 8 18 
6 11 19 
0 11 18 37 
2 3 5 14 37 
29 37 
0 35 37 
2 35 
2 
0 18 19 21 
0 2 5 8 
0 4 32 34 
2 3 12 35 
0 2 5 37 
37 
8 11 14 19 31 
0 2 8 19 
3 8 11 
2 9 
0 2 21 25 35 
21 24 
2 3 
0 2 3 8 25 
3 9 
6 18 24 27 32 
0 2 18 21 24 
2 22 25 
3 12 
8 29 
11 16 
2 3 8 9 
11 
0 5 31 
2 8 
25 32 
0 11 16 34 
5 6 11 27 
9 11 15 18 21 
9 16 27 35 
2 
0 2 
3 6 8 12 
3 5 12 23 
5 
9 18 19 21 
11 12 37 
18 
3 27 36 
5 
6 32 
11 14 21 35 37 
18 24 
2 
0 8 14 
8 
2 9 34 
0 3 9 
19 21 
19 32 35 37 
0 5 11 
0 5 12 22 
8 11 16 18 32 
2 28 
6 
14 19 22 25 37 
0 5 11 37 
0 3 9 21 
19 22 35 37 
5 19 21 22 
14 21 25 37 
18 23 29 
11 16 18 19 
14 18 35 
21 25 
2 3 
3 18 31 
15 18 27 29 32 
35 37 
0 2 3 6 
18 
11 21 
8 
0 21 35 37 
5 15 
5 21 36 37 saa37 36 1547
11 16 21 29 
2 3 18 32 
0 3 8 12 18 
18 25 34 
18 19 
0 11 19 24 
9 19 24 
11 18 19 22 35 
16 19 
12 
21 
3 19 21 24 
0 8 19 34 
11 25 35 
11 16 19 21 28 
0 2 8 19 
3 12 18 
11 
3 8 19 
2 16 19 22 
0 6 16 21 
0 22 25 
21 27 34 
3 11 
18 22 24 37 
22 35 37 
11 35 
18 21 37 
2 21 34 
27 35 
0 5 12 18 
3 5 6 9 31 
0 5 16 
3 9 
2 8 12 21 35 
5 6 14 25 29 
5 
0 8 11 
3 37 
0 21 27 
0 3 9 27 
0 19 
3 9 31 
3 8 
8 23 
21 35 
9 18 22 
5 19 21 22 34 
8 11 19 21 
2 21 
0 14 19 34 35 
0 11 18 37 
24 29 35 
6 11 34 37 
3 9 37 
18 22 35 
0 11 12 21 
0 11 14 19 27 
0 2 8 
6 8 12 23 
0 11 37 
0 2 18 
2 5 9 19 
0 19 27 34 
0 9 12 
2 14 16 34 36 
2 5 11 
0 2 3 8 9 
2 8 9 31 
2 9 14 37 
0 3 5 8 11 
5 11 
9 27 
3 11 18 19 21 
0 19 21 
0 5 9 15 21 
0 3 9 22 
3 11 25 
0 
35 
9 14 19 35 
3 11 
14 19 25 35 
2 5 8 
8 11 
6 8 22 37 
0 6 16 
0 16 19 24 34 
18 22 25 35 
24 35 
5 16 35 
3 6 9 12 21 
6 34 35 
18 19 24 34 
0 3 12 27 35 
0 2 19 35 
5 8 23 
0 2 16 37 
0 2 5 
0 3 11 16 25 
2 
0 12 14 22 35 
0 18 19 
8 30 
37 
9 24 
8 
2 11 37 
5 
24 25 
0 8 
2 3 
14 18 19 37 
3 5 6 27 
11 21 29 32 
8 
24 28 
0 3 28 
0 2 3 23 27 35 
5 37 
5 8 
13 
36 
37 
0 5 25 
9 15 19 32 
2 14 22 
2 5 
6 
5 
0 
6 12 
19 
18 19 25 31 
19 
3 
34 
18 
25 
0 4 
13 
25 37 
37 
0 21 
0 5 11 
37 
2 3 11 32 
2 8 
2 9 27 
12 
6 
9 
35 
11 12 
9 
11 24 27 32 34 
36 
0 
6 
15 
3 
2 27 
18 35 
2 
29 32 
18 19 25 37 
2 3 9 32 37 
0 2 14 
2 21 22 
14 18 21 35 
32 
8 
8 9 34 
9 
5 9 29 32 
0 3 18 
9 
2 4 18 29 32 
12 19 
18 28 30 31 34 
11 
8 
2 37 
0 15 25 
12 18 29 32 
3 5 
0 5 24 27 
2 11 22 28 
2 6 29 35 37 
8 
14 
5 8 11 16 24 
5 12 22 24 
9 14 24 37 
2 8 12 
0 3 5 9 
11 12 19 
19 
9 11 18 19 34 
6 8 9 22 
0 2 5 12 
3 8 18 19 22 
3 5 8 35 
2 3 18 35 
3 6 21 34 
22 29 32 
15 18 32 37 
18 27 
0 6 22 32 
0 8 16 27 36 
6 8 22 24 29 
8 15 29 32 
15 18 29 32 37 
2 3 14 25 37 
2 34 
6 9 19 22 27 
22 28 32 34 
0 2 9 14 27 
2 3 12 19 
5 
19 29 32 37 
29 32 37 
2 6 9 19 
9 27 28 34 37 
11 18 
27 28 30 32 34 
19 22 34 
2 3 14 22 
3 5 8 27 
9 11 18 19 27 
0 8 24 27 
12 30 32 34 
21 22 24 28 29 saa29 28 1780
2 22 28 30 
12 19 27 
0 36 
0 3 22 27 
2 3 9 14 37 
2 18 29 32 37 
3 6 11 19 
21 29 32 
12 29 
2 3 14 34 
3 6 
3 9 28 37 
11 24 27 28 32 
12 19 22 25 29 
11 18 19 22 
4 12 
5 6 22 
29 32 
0 3 6 37 
2 3 9 14 15 
0 21 22 27 34 
3 9 14 27 34 
5 9 19 21 
5 11 15 19 27 
0 8 16 35 36 saa36 35 1805
2 3 8 14 
2 14 27 31 34 
9 11 22 27 
5 24 
11 18 19 21 
12 27 29 
0 11 18 19 
2 11 27 29 32 
8 9 11 37 
0 16 18 32 36 
0 8 23 28 34 
11 12 18 19 27 
11 18 19 24 
32 35 37 
3 5 8 
9 12 19 
3 5 29 32 
3 19 31 
2 3 9 14 15 
11 18 21 37 
2 3 9 14 15 
5 11 24 27 
9 19 22 29 32 
8 16 27 37 
9 11 18 29 32 
5 8 9 
3 19 22 
5 12 19 37 
3 5 6 21 
6 12 24 29 32 
11 18 19 24 
0 19 24 28 35 
0 14 15 
12 18 19 22 28 
6 14 
12 22 
3 9 11 35 
9 11 16 29 
2 3 9 14 37 
0 2 6 8 22 
5 19 
0 3 5 29 
5 9 11 24 
15 25 29 32 
12 19 22 29 32 
6 9 14 16 37 
9 19 
0 2 3 8 35 
9 11 28 
29 35 
11 25 27 
3 8 9 11 28 
5 6 13 19 22 29 
9 11 14 24 37 
0 5 9 27 
8 29 32 
2 14 19 29 32 
6 27 29 32 37 
0 2 5 
2 3 5 12 
3 28 30 32 34 
11 21 24 35 
11 18 27 
2 5 12 24 
11 14 24 35 
9 18 32 
21 25 27 28 37 
2 6 8 14 21 
2 8 11 12 21 
5 9 
6 11 16 27 
2 3 9 11 27 
8 11 27 
0 8 24 27 28 
6 27 29 35 
12 19 29 
3 29 32 
8 29 32 
21 34 
6 11 25 27 
8 15 18 19 32 
9 14 35 
6 16 21 32 34 
5 9 14 25 37 
3 9 11 13 27 
5 
8 14 34 
5 9 11 19 24 
22 25 27 
12 21 32 
0 3 5 
18 29 32 35 
5 9 12 19 
18 29 32 37 
8 19 22 29 32 
19 28 31 34 
0 2 3 6 14 37 
22 
0 3 9 11 27 
6 16 21 31 
14 
14 27 32 34 
9 14 21 25 37 
2 27 
11 16 18 22 35 
0 3 
8 11 21 27 
8 29 32 37 
0 6 27 28 36 
14 22 29 32 
3 8 27 
24 32 34 35 
5 11 24 35 
9 24 35 
19 32 34 
0 5 12 
2 3 9 29 32 
9 11 14 24 37 
0 12 22 
0 3 18 
9 19 22 27 
14 27 
8 9 11 16 29 
8 24 29 35 
8 11 22 29 32 
2 5 6 16 27 
0 19 31 
5 15 29 32 
0 3 18 27 
5 6 11 14 24 
11 14 18 24 
11 16 22 28 
2 
6 27 29 35 
3 24 27 32 
19 37 
2 24 28 
2 9 11 18 19 
0 5 16 29 36 
6 27 32 34 
5 27 28 29 saa29 28 1946
2 27 32 37 
14 15 29 32 36 
27 
8 
3 8 22 
0 3 22 27 
8 21 29 
25 27 
11 18 19 24 35 
11 18 19 28 
0 12 14 19 27 
3 9 11 18 35 
2 9 11 14 18 
9 11 24 27 28 
0 12 27 
12 19 29 
8 21 22 28 
0 18 30 32 
5 9 11 18 27 
5 19 24 32 37 
2 15 22 28 35 
2 5 15 27 
8 11 15 16 22 
3 9 18 28 32 
3 19 21 32 
3 9 15 22 
2 14 19 27 37 
3 9 11 24 37 
23 29 32 
0 5 29 32 
12 13 saa13 12 197719 22 
11 21 27 34 
2 29 32 
5 6 12 
9 11 18 34 
0 3 5 14 23 
12 22 29 32 37 
5 29 32 
12 25 35 37 
12 25 35 37 
5 24 29 32 
9 14 22 37 
5 8 12 32 37 
0 6 14 21 37 
0 3 4 saa4 3 19918 12 
0 2 9 27 
0 2 9 19 22 
11 24 35 
0 2 16 27 29 
28 32 34 
12 21 25 29 32 
0 3 9 27 
2 3 21 24 27 
2 3 9 14 32 
3 9 11 23 34 
2 5 12 25 
11 12 22 27 35 
2 3 14 
0 27 
3 8 35 
12 19 29 32 37 
0 21 
19 29 32 
11 12 19 22 29 
3 5 12 37 
9 11 12 22 27 
5 29 30 saa30 29 201332 
3 12 22 24 
6 8 9 22 35 
5 16 24 30 36 
14 18 24 27 
19 22 
0 5 27 
8 22 29 32 
0 22 34 
0 22 23 saa23 22 202227 
0 11 23 27 28 
0 2 3 29 
5 16 19 36 
2 3 12 15 24 
12 14 35 
2 3 9 14 37 
28 32 34 37 
3 9 18 30 32 
19 27 28 
24 27 28 29 saa29 28 203232 
18 27 28 34 
2 
0 2 4 22 30 
6 21 27 29 
6 11 24 27 37 
0 3 28 32 
0 12 29 32 37 
6 12 19 27 28 
8 29 32 
5 8 22 31 
37 
19 25 28 
3 8 11 32 
0 3 5 8 22 
11 12 22 24 
12 16 21 34 
2 11 35 
9 11 12 22 27 
8 19 21 22 
3 5 9 11 
9 15 28 29 saa29 28 205332 
3 5 6 
3 8 35 
13 18 22 29 32 
6 25 27 35 
9 11 27 
2 6 11 16 35 
3 5 9 11 27 
3 6 22 
11 19 28 
11 18 19 22 
0 28 35 
27 32 35 37 
14 15 16 21 24 
19 22 24 30 35 
18 21 24 25 30 
0 3 5 27 
0 9 12 22 29 
12 22 
2 6 8 21 
2 9 15 32 37 
3 9 18 29 32 
0 19 22 28 
21 27 34 
2 9 11 27 
2 5 25 28 
2 14 15 29 32 
5 6 19 22 28 
6 14 27 
15 29 32 
11 12 22 25 29 
2 6 18 29 32 
18 35 
2 14 21 27 37 
6 27 29 32 
14 21 35 36 saa36 35 2088
3 11 19 22 
18 25 29 32 37 
8 18 29 32 37 
8 15 29 32 37 
29 
2 3 14 37 
0 5 27 
9 11 18 19 21 
11 18 19 35 
2 3 14 37 
8 11 29 32 37 
32 34 35 37 
9 11 18 19 27 
15 29 32 37 
4 27 
0 21 24 35 
8 9 12 25 
0 2 5 12 
8 27 32 
19 37 
2 3 9 14 37 
5 11 19 35 
9 12 27 28 37 
0 5 6 11 27 
0 8 22 28 
8 9 11 21 
0 22 28 35 
8 35 37 
19 
2 3 9 14 27 
11 18 21 37 
2 3 9 14 21 
5 19 
8 27 
37 
6 14 34 
18 27 37 
6 11 16 29 36 
0 11 19 21 22 
3 5 19 27 29 
5 6 19 24 
0 12 19 21 36 
11 18 21 24 30 
2 3 6 19 
16 19 22 
0 8 15 29 32 
15 19 22 29 
9 14 21 37 
6 27 35 
0 12 19 22 
13 14 saa14 13 213916 21 37 
5 6 19 22 
15 18 29 35 
5 18 19 
0 
8 
11 18 21 34 
6 27 29 31 
5 8 9 11 27 
18 24 35 
6 21 29 31 32 
0 5 27 
9 11 12 24 27 
2 11 22 37 
0 2 3 14 37 
5 8 19 22 
2 8 12 25 
9 25 35 
11 12 21 24 32 
32 37 
11 27 29 32 37 
0 3 21 28 
15 28 29 saa29 28 216130 saa30 29 216132 
8 15 34 35 
5 8 15 29 32 
9 11 22 24 
0 2 28 32 35 
15 24 28 29 saa29 28 216632 
2 21 30 37 
0 6 22 27 
3 9 11 28 
0 8 16 36 
3 9 11 15 27 
2 3 5 22 
2 3 15 
9 11 14 18 19 
5 11 14 21 29 
19 25 
12 14 27 28 36 
0 16 30 34 
0 11 22 35 
8 11 34 
0 6 21 27 
3 9 27 35 
0 3 12 22 23 saa23 22 2183
19 22 24 27 29 
0 6 25 27 35 
8 24 29 32 37 
21 24 25 27 29 
0 3 5 9 27 
6 11 25 29 
37 
16 21 22 24 
0 18 22 35 
0 11 12 19 27 
8 21 24 35 37 
15 21 27 28 29 saa29 28 2195
5 16 22 32 
2 3 5 22 28 
2 6 18 
0 3 27 29 
16 18 24 29 32 
27 32 34 
9 11 18 27 
12 19 22 
9 19 24 37 
0 3 11 27 
0 2 21 22 
3 11 24 27 34 
22 27 28 
8 21 27 34 
9 11 18 19 27 
8 32 37 
5 12 18 19 
2 5 9 11 16 
12 19 28 29 saa29 28 2214
19 27 28 30 
5 18 
0 21 27 28 
27 
18 19 22 29 32 
2 12 16 21 
0 21 25 
12 15 22 29 
2 9 21 
0 29 35 37 
3 8 20 22 
8 12 19 29 32 
0 16 18 22 36 
0 8 
0 11 16 22 29 
0 3 9 12 15 
2 18 19 29 32 
9 24 32 34 35 
4 16 27 29 
0 3 5 8 30 31 
0 3 19 35 
21 28 32 
3 5 24 27 
19 24 28 37 
3 8 12 13 saa13 12 2239
0 8 
0 6 16 27 34 
0 5 13 
29 32 35 37 
2 12 23 28 
9 11 18 19 27 
11 19 21 24 28 
11 15 24 35 
3 9 11 18 27 
14 18 19 27 28 
3 8 31 
2 6 12 24 35 
32 37 
18 29 32 37 
2 12 27 
9 14 15 27 37 
2 15 18 29 32 
3 6 21 30 
18 22 29 32 37 
2 3 14 28 
24 29 32 37 
2 6 12 
18 24 32 37 
6 12 18 22 24 
15 22 27 29 32 
11 21 24 28 
11 18 29 32 
8 12 25 35 
0 8 11 
0 9 11 28 
18 25 35 
12 24 29 
32 35 
2 8 9 18 35 
0 15 29 32 
2 3 32 
9 11 14 20 27 
2 8 22 32 
9 14 21 37 
9 11 19 35 
11 12 19 24 34 
6 11 25 27 
2 3 11 14 32 
2 8 29 35 
2 3 14 19 32 
2 27 32 
0 3 14 21 32 
8 14 15 29 
4 6 12 22 
5 24 34 35 
29 32 35 
2 3 9 14 37 
5 30 
2 3 15 32 
3 9 24 29 
2 3 14 15 21 37 
3 9 
8 9 12 18 
0 2 3 27 
3 5 
9 19 31 
2 19 21 32 
0 5 8 27 
9 25 27 
6 9 19 27 
29 32 37 
15 29 32 
3 9 14 19 36 
11 12 
2 32 34 37 
15 18 21 29 32 
0 5 9 11 21 
12 16 23 32 
2 3 12 21 
0 5 9 21 29 
3 14 18 34 
3 8 15 37 
11 22 25 29 
0 12 22 36 
18 22 29 32 37 
11 18 28 
2 3 9 11 27 
8 9 
3 22 
3 9 11 28 29 saa29 28 2324
8 27 28 29 saa29 28 232536 
8 27 28 32 34 
11 29 
2 14 18 21 24 
12 27 32 34 
0 6 19 22 
9 11 18 29 30 saa30 29 2331
8 15 27 
6 11 16 27 29 
2 24 35 
18 29 34 
3 8 12 21 
12 14 19 27 
2 3 6 21 22 
14 24 27 30 
3 19 21 22 30 37 
0 8 11 12 
2 5 12 
0 5 27 
2 3 14 23 27 
8 9 19 
9 12 
3 12 35 37 
2 9 14 21 37 
0 3 9 22 36 
9 12 37 
2 3 14 37 
0 11 27 35 
8 21 24 34 35 
2 15 32 37 
9 15 32 34 37 
8 12 15 29 32 
6 27 35 
8 12 14 21 
11 12 18 22 24 
4 11 28 30 
2 29 32 
2 3 14 28 32 
2 11 18 28 35 
0 29 35 
19 34 
11 22 24 32 
0 16 24 28 
8 9 25 29 35 
24 27 29 
8 21 29 37 
12 25 27 35 
0 6 8 21 32 
2 6 22 27 
8 21 27 37 
16 19 21 
0 21 27 34 
11 15 29 32 
2 11 18 27 28 
5 18 29 35 
9 11 27 29 
12 22 27 34 
29 32 37 
3 6 12 
3 28 34 36 
0 3 9 22 37 
2 14 15 29 32 
19 22 25 
8 9 11 
0 6 18 29 32 
12 19 28 30 
24 27 28 30 35 
5 11 16 29 
0 2 16 27 
0 5 16 36 
12 16 19 32 
18 22 29 32 
11 21 
3 8 21 28 32 
2 3 9 14 37 
12 27 28 29 saa29 28 2400
3 8 29 32 37 
5 11 16 27 28 
22 29 32 34 
0 8 12 22 
3 5 12 27 
12 14 19 27 
11 18 25 
12 21 25 35 
0 5 12 14 19 22 
12 19 22 
21 27 
6 21 27 34 
9 11 29 32 
0 5 6 11 25 
5 6 12 22 
0 6 21 27 31 
11 14 19 29 32 
2 12 14 24 28 
11 14 32 37 
3 14 32 37 
3 8 24 27 34 
2 5 8 11 28 
5 8 12 15 22 
5 9 29 32 37 
8 9 12 19 22 
8 9 11 24 35 
9 11 12 18 22 
0 6 19 21 24 
0 18 35 
0 2 12 21 
2 3 14 25 37 
0 27 31 
3 6 19 21 
8 11 18 28 
3 9 11 22 29 
8 21 22 37 
6 12 29 32 
0 4 8 27 
5 9 11 27 29 
37 
3 9 11 27 29 
9 11 15 21 29 
16 21 29 36 
8 18 37 
8 15 34 
5 24 27 37 
2 12 19 22 24 
9 12 22 24 27 
9 21 37 
0 6 8 18 27 
3 9 11 16 36 
9 15 29 32 37 
5 11 27 35 
27 34 
3 5 24 
0 5 27 29 
2 3 5 16 32 
5 24 28 37 
22 24 27 28 34 
19 29 32 
2 3 29 32 
11 15 18 19 37 
8 9 11 18 19 
29 32 35 37 
9 11 14 21 37 
12 15 16 29 32 
13 29 32 37 
11 19 22 24 
5 15 27 29 32 
11 19 24 29 32 
0 2 8 12 21 
9 14 21 34 37 
0 5 29 32 37 
2 3 28 37 
9 21 24 35 37 
18 24 28 29 saa29 28 247632 
8 16 21 28 32 
8 11 16 22 29 
12 24 28 
3 9 11 18 27 
12 18 22 29 32 
11 21 28 37 
3 24 35 37 
14 18 
2 3 9 14 37 
6 25 29 32 
0 3 5 24 
15 21 27 
0 16 22 
0 21 24 32 35 
11 22 28 
34 
3 6 14 19 24 
3 5 9 14 15 
0 21 27 35 
5 6 11 34 
0 5 
11 22 28 32 
15 29 32 
0 8 27 34 
12 16 21 24 35 
14 24 32 34 
21 27 30 36 
3 18 21 27 
5 29 32 
2 3 6 21 
3 12 18 
0 
9 24 25 35 
0 2 3 22 
3 9 15 19 28 
3 5 12 
12 19 25 34 
2 9 14 30 
4 6 
2 12 19 
0 6 25 37 
0 8 19 24 27 
3 9 24 30 
0 12 22 
6 12 14 
2 
2 9 15 18 37 
0 3 9 
8 
2 9 14 35 
12 
2 3 11 14 37 
0 2 3 14 32 
21 28 32 
9 15 29 32 37 
0 9 21 
0 3 5 11 18 
18 21 32 35 37 
2 14 18 19 35 
2 3 5 20 28 
0 11 18 21 22 
9 18 19 28 37 
0 32 35 37 
9 16 19 22 27 
5 9 14 18 37 
3 6 21 24 28 
8 19 
2 12 
3 13 24 27 35 
0 6 8 9 21 
2 12 
18 21 22 27 
8 21 29 36 
0 36 
27 29 32 
0 3 6 9 14 
8 11 14 24 27 
2 12 
9 12 21 27 31 
6 8 15 32 37 
12 22 24 28 29 saa29 28 2557
34 35 
4 5 saa5 4 255912 28 32 
3 5 9 14 18 
12 35 
3 14 28 
2 4 19 
0 15 29 32 
25 28 
3 8 11 16 22 
0 8 9 
9 11 18 19 35 
2 37 
8 12 21 
32 35 
8 9 19 
0 9 25 29 
2 14 
12 21 35 
12 19 35 
14 27 
2 5 12 28 
25 
0 8 18 
0 3 16 
15 29 32 
12 27 
0 11 21 22 35 
27 
2 9 19 25 
18 25 27 29 32 
11 
0 8 32 
0 9 21 24 35 
0 3 11 18 37 
11 14 24 28 
0 18 29 32 37 
18 27 28 
9 21 37 
9 14 21 31 37 
0 9 11 27 
3 18 20 22 
25 
0 29 32 
18 29 32 37 
4 5 saa5 4 26026 28 34 
19 27 
27 34 
2 12 19 24 25 
5 12 36 
25 
3 8 35 
0 14 24 35 
5 14 19 27 28 
2 8 9 
9 11 14 18 35 
2 3 14 37 
0 11 18 19 
14 18 19 35 37 
2 8 15 16 22 
22 24 
11 18 21 23 28 
29 32 35 36 saa36 35 2619
3 5 6 9 21 
18 19 35 
2 12 27 35 
3 8 16 29 36 
12 18 19 32 37 
27 29 32 
6 22 24 27 34 
2 3 9 11 18 
0 3 5 21 37 
9 11 18 35 
2 27 
18 30 
22 29 32 34 
9 15 18 29 32 
12 16 18 24 
9 12 19 27 
15 29 32 37 
0 30 34 
5 29 
5 21 22 32 34 
14 18 21 27 
2 14 15 
0 11 18 19 21 34 
5 6 27 28 31 
5 19 
0 3 8 
11 25 35 
0 9 
6 18 19 21 
2 6 21 27 
6 25 27 36 
0 12 18 35 
6 8 14 27 
0 3 6 15 
3 6 21 31 36 
9 15 24 
35 37 
2 27 
0 8 15 32 
0 8 9 
2 12 23 
0 5 19 27 
18 21 22 35 
25 28 29 saa29 28 266334 
2 9 11 24 
19 
6 27 
0 5 18 
0 14 18 
35 
3 18 24 29 32 
3 9 11 21 31 
14 27 
27 
18 25 28 35 
0 5 8 11 
2 16 29 32 
21 29 30 saa30 29 267732 
2 24 27 37 
2 27 
2 9 32 37 
0 8 21 
0 16 23 29 
8 27 28 30 37 
0 3 6 18 
6 21 24 27 
15 18 29 32 
12 30 
9 15 18 32 
18 21 27 
0 19 21 24 
8 14 18 
0 2 14 
9 
6 13 21 
29 32 35 
0 2 25 35 
0 11 18 35 
6 11 12 
0 3 5 22 
2 11 19 32 
6 24 37 
11 31 34 
5 9 
0 18 
18 32 
2 3 9 14 
9 16 
12 16 21 
0 2 5 18 
0 25 29 32 37 
14 19 35 
6 19 21 
8 22 27 
0 2 8 9 27 
6 37 
5 8 29 32 
3 9 32 
3 6 19 21 
9 18 29 32 
6 22 25 29 34 
8 9 
0 5 35 
11 25 28 
11 35 
0 2 14 34 
2 25 27 32 
3 5 6 8 
11 12 19 24 
2 3 8 
0 3 5 6 
5 9 16 27 
9 11 18 27 35 
0 9 19 35 
3 9 35 
0 11 22 35 37 
2 3 9 14 21 
6 8 12 29 32 
3 8 35 
0 3 9 19 31 
5 
34 
9 11 14 19 
5 21 
5 8 27 
0 9 18 27 
11 18 27 28 
2 8 11 28 37 
6 21 27 
0 5 14 22 27 
3 5 18 
0 3 21 34 
25 35 
8 9 29 32 37 
0 3 9 11 16 18 
2 3 6 14 25 
2 3 21 37 
8 14 27 31 
2 
12 16 18 21 24 35 
0 21 27 34 
2 6 16 32 
29 32 35 
0 3 27 
2 14 15 21 31 
6 
0 11 15 27 
0 6 28 34 35 
6 8 11 22 32 
2 9 18 19 
28 35 
19 35 
0 
12 18 19 35 
12 19 22 27 
0 3 9 22 37 
0 11 22 25 
5 12 16 18 
5 9 19 22 
11 28 32 34 37 
2 19 27 
32 37 
12 14 18 21 
5 6 8 11 12 
16 28 
5 14 24 27 
6 25 27 28 
14 22 27 28 
29 32 
3 9 11 22 
8 9 
3 21 30 
5 12 14 31 
2 3 8 
2 14 19 28 30 
2 9 12 14 
6 12 30 32 34 
16 19 24 27 34 
0 3 11 18 
0 2 8 
2 5 8 19 28 
0 2 3 9 19 27 
9 24 32 34 
5 8 24 27 
0 6 21 27 
11 19 
3 
6 21 27 34 
2 34 
14 29 32 
37 
11 15 21 
3 35 
15 
27 
34 
0 11 27 29 
18 24 32 
2 
2 9 12 19 27 
2 9 12 27 35 
9 
16 23 27 36 
18 19 27 
6 
15 
24 34 
27 34 
8 
21 
18 
9 18 32 
2 13 
21 24 28 
24 
6 14 
5 
6 14 24 
5 24 27 35 
8 24 
0 6 11 21 
0 28 
13 
21 24 
0 8 24 
9 14 
18 
18 29 32 
15 29 
2 6 
3 11 14 16 37 
2 11 12 19 25 
14 
0 11 24 35 
3 24 28 35 36 saa36 35 2854
13 
0 5 24 30 
0 5 8 14 30 
0 
0 8 15 32 
31 
32 34 
5 14 20 29 
2 15 29 32 
20 36 
6 
2 5 8 28 30 
24 
19 
37 
15 18 21 35 
12 
14 
14 21 25 37 
2 6 37 
35 
5 
0 
0 3 5 8 27 
13 
5 
15 16 22 29 
0 8 14 30 
13 
11 
28 
15 
9 28 37 
5 18 27 
8 19 
29 
5 12 14 32 
9 16 34 
2 6 14 
11 19 
0 18 19 21 22 
21 
0 3 16 
8 
4 
8 
8 
0 28 
0 3 5 9 
8 
24 
19 34 
4 5 saa5 4 290734 35 
9 19 21 
32 34 
9 16 35 37 
9 27 30 37 
0 5 21 28 30 
0 9 23 25 30 
6 8 19 
4 19 29 32 
3 27 30 
4 20 25 30 
37 
19 21 28 
35 
2 4 19 
6 27 34 35 
19 20 saa20 19 2923
6 32 
9 14 19 37 
27 
0 15 25 32 37 
14 32 34 37 
16 24 32 
6 9 19 30 
16 32 37 
2 4 16 27 
2 27 32 34 
5 14 28 31 
4 21 23 30 
6 9 11 14 37 
2 4 6 14 34 
0 19 21 28 30 
16 30 35 37 
0 5 23 28 30 
2 18 23 
2 14 25 34 35 
9 11 25 28 34 
2 4 11 13 37 
18 27 32 37 
0 21 25 28 30 
11 14 15 27 34 
2 4 23 35 
14 16 27 34 
6 8 9 19 21 
0 2 5 14 32 
14 15 28 31 37 
0 5 14 28 32 
2 4 18 23 
2 11 20 25 
11 14 15 24 34 
6 13 25 30 
4 9 16 
4 14 24 32 34 
6 8 19 23 
9 14 16 34 
0 8 9 13 25 
4 14 24 32 37 
0 2 11 27 37 
2 4 13 27 34 
8 9 27 30 
0 5 6 8 30 34 
2 6 19 30 
0 2 19 28 
0 37 
0 19 21 32 
2 8 20 27 37 
2 16 27 32 37 
14 18 27 32 34 
2 11 14 27 37 
4 19 21 27 34 
5 28 30 37 
8 16 32 34 
2 18 27 30 32 
5 25 30 37 
24 27 30 
2 11 14 27 37 
2 5 18 27 30 
18 20 27 37 
0 11 15 25 37 
0 30 34 
0 11 19 21 28 
0 6 8 9 30 
2 3 4 saa4 3 29896 25 
0 8 9 14 15 
6 8 25 30 37 
14 21 25 37 
4 6 14 16 25 
14 18 24 37 
2 4 23 25 32 
6 15 28 31 37 
0 2 8 27 34 
2 16 27 30 34 
0 9 19 27 30 
2 6 13 34 
0 8 9 14 
0 2 15 28 
5 19 28 30 
4 
6 14 18 30 34 
0 8 27 
11 15 19 28 35 
0 2 4 19 37 
2 13 27 34 
8 28 30 31 34 
0 15 24 30 35 
14 18 27 
0 15 19 21 30 
19 21 25 27 34 
13 28 31 34 
0 19 21 30 32 
2 3 14 27 34 
4 6 14 27 30 
0 8 14 24 32 
14 15 30 37 
0 15 28 30 37 
15 23 28 31 
5 11 25 28 32 
8 16 32 34 
2 6 14 32 
0 19 21 37 
0 3 18 25 37 
6 9 18 32 37 
2 6 14 
0 19 28 30 
0 15 19 28 30 
4 6 14 34 
2 18 19 32 
4 15 21 25 
2 28 31 37 
2 19 21 25 28 
0 5 15 30 32 
14 19 21 37 
9 27 30 34 
0 5 24 27 30 
18 24 28 31 34 
2 34 
0 18 30 
8 30 32 35 
0 5 15 24 30 
0 11 15 19 30 
2 12 19 21 35 
9 19 21 30 34 
2 15 25 28 31 
16 25 35 37 
2 6 19 21 27 
2 19 21 32 37 
11 15 27 37 
2 14 18 32 37 
0 2 19 21 
8 19 21 30 35 
0 4 19 21 30 
0 15 19 21 34 
2 14 27 30 34 
16 19 25 37 
14 15 19 27 
2 4 9 23 
0 15 28 30 37 
5 9 15 16 37 
2 11 27 32 37 
11 14 27 37 
2 6 9 14 37 
9 19 21 24 27 
0 5 9 19 21 
9 11 14 23 37 
0 5 28 30 34 
2 8 28 34 
2 6 18 23 
0 15 19 30 37 
2 4 18 23 27 
4 18 25 32 37 
6 14 18 32 37 
0 4 18 30 37 
2 6 18 27 
4 14 
0 8 14 15 24 
14 15 27 32 34 
14 15 27 34 
9 11 24 
2 15 28 37 
0 21 25 28 30 
0 4 19 30 
2 4 27 32 
2 6 21 27 30 
0 2 24 30 34 
0 4 19 21 
2 4 14 25 37 
2 6 23 32 
6 11 15 32 37 
0 19 21 34 
4 11 27 32 35 
15 28 30 34 
0 16 30 35 37 
9 18 27 30 
4 14 20 32 34 
6 18 19 25 37 
4 15 23 32 
14 19 21 27 34 
27 30 
0 5 28 30 37 
0 18 21 30 34 
0 15 24 30 
0 11 14 27 37 
2 11 14 25 34 
4 6 14 19 27 
2 4 14 32 
11 14 23 32 37 
2 11 19 21 27 
2 4 14 19 37 
2 6 14 19 21 
14 15 28 31 34 
4 16 32 37 
21 24 34 
0 28 31 34 35 
0 8 14 21 34 
11 19 21 25 34 
0 19 28 30 
8 15 28 31 34 
0 2 25 28 34 
0 11 13 15 34 
2 4 8 15 34 
11 14 32 34 
13 28 31 34 
18 21 23 30 37 
11 27 30 34 
0 5 14 24 25 
0 5 13 24 25 
2 8 28 31 34 
6 14 19 27 34 
2 18 37 
11 24 27 37 
3 9 11 19 37 
0 8 14 24 34 
2 19 21 
3 18 20 27 37 
0 5 24 30 32 
11 27 32 37 
2 8 14 18 37 
14 16 32 35 37 
6 19 21 23 30 
2 13 15 24 34 
2 18 25 34 
8 18 34 35 
2 6 8 27 
9 14 18 37 
0 8 9 14 15 
2 6 19 30 37 
5 28 30 34 
8 9 16 20 30 
14 23 28 31 34 
0 14 27 
0 2 21 28 34 
0 2 14 19 34 
11 12 27 30 35 
0 8 19 30 37 
2 18 27 34 
18 24 27 32 
16 24 25 27 34 
0 4 8 9 
2 9 18 37 
27 30 32 37 
21 25 28 32 37 
2 19 21 32 34 
0 6 23 30 34 
6 8 18 25 28 
0 19 21 28 30 
9 14 18 27 35 
0 9 28 30 35 
0 5 21 24 30 
0 5 15 27 30 
0 2 8 24 30 
2 5 19 20 saa20 19 3177
2 14 18 20 34 
2 14 18 30 34 
5 14 19 27 35 
6 19 21 35 
2 8 23 30 34 
0 8 13 19 21 
0 5 14 25 
2 6 18 27 
0 15 19 
8 15 25 30 37 
2 3 14 20 25 
8 27 28 31 37 
9 15 25 28 34 
4 6 14 23 37 
0 8 21 24 30 
2 19 21 30 34 
4 18 24 27 34 
8 14 28 34 
6 11 27 32 34 
16 24 35 
0 15 19 30 
2 4 8 13 19 
11 32 35 37 
0 2 19 35 
2 4 32 37 
4 
16 28 32 37 
2 8 11 14 37 
6 19 21 27 35 
0 11 25 28 30 
0 2 18 34 
0 8 9 14 25 
0 8 9 24 30 
14 19 27 
0 24 27 28 31 
9 15 28 31 37 
9 11 13 27 37 
6 11 14 25 
0 3 9 21 34 
9 11 13 27 34 
6 13 18 25 34 
8 18 35 37 
0 5 34 35 
5 6 14 18 34 
13 18 30 34 
2 9 20 37 
0 8 14 21 27 
0 19 21 30 34 
2 14 24 27 37 
0 19 23 28 30 
6 23 30 
3 14 23 27 34 
6 8 14 21 34 
3 14 18 32 37 
23 25 30 32 37 
0 14 18 32 34 
6 8 19 21 
4 25 30 
2 14 37 
9 18 27 35 
0 15 19 21 32 
9 14 15 20 37 
2 4 32 34 
15 21 25 30 34 
9 15 16 24 34 
2 16 21 27 34 
2 11 14 19 37 
11 27 30 32 34 
8 14 28 34 
2 16 27 32 
2 11 27 32 34 
0 2 19 27 30 
11 14 19 25 
0 5 30 32 
2 9 11 14 37 
8 9 16 23 
21 32 37 
2 6 14 27 
4 9 14 18 35 
0 2 4 6 21 
2 6 13 27 
11 14 25 32 34 
5 25 27 28 30 
4 8 19 
2 15 19 21 37 
14 16 37 
14 18 25 37 
2 13 27 34 
0 2 28 30 37 
0 8 24 30 32 
2 12 18 27 30 
8 14 18 37 
9 11 13 24 35 
5 18 21 25 34 
5 8 23 28 34 
2 6 14 32 37 
4 14 18 34 
6 18 27 30 32 
2 6 20 23 30 
14 24 27 37 
2 15 25 28 31 
0 19 21 28 
4 6 19 30 
2 3 27 37 
2 6 14 27 34 
4 6 14 25 37 
18 21 27 37 
5 15 28 31 34 
2 14 27 37 
11 19 21 27 37 
9 19 21 27 30 
2 6 11 27 30 
4 14 27 34 
0 19 25 28 30 
0 2 5 19 28 
0 19 21 30 35 
0 6 19 30 
18 27 32 35 
0 11 13 27 37 
9 21 25 35 
9 16 28 37 
6 14 21 25 34 
11 27 30 32 35 
2 14 32 37 
2 11 23 27 35 
2 16 32 34 
2 16 32 34 
2 16 32 34 
0 19 28 30 
14 18 34 
0 8 9 14 24 
4 6 18 32 34 
4 6 18 32 34 
0 15 19 28 30 
2 6 18 27 
2 4 18 20 
2 18 27 37 
0 2 5 28 30 
2 4 6 23 
2 11 14 25 37 
0 13 19 28 30 
8 21 30 37 
9 15 27 28 31 
8 9 13 18 37 
5 14 18 32 37 
2 11 25 30 37 
0 8 19 24 30 
4 8 19 21 24 
4 11 14 32 37 
0 8 15 23 37 
18 25 28 31 37 
8 14 19 21 30 
0 11 27 34 
2 4 18 27 
0 19 28 30 34 
0 14 18 27 34 
2 18 27 32 
2 4 6 19 21 
5 11 19 21 32 
4 11 13 25 37 
4 11 13 25 37 
0 2 19 28 
5 14 19 24 32 
15 19 21 25 
4 14 15 34 
18 27 34 
6 14 21 23 34 
8 15 16 25 37 
0 15 19 30 
11 14 32 35 
2 16 19 21 
0 15 28 30 35 
11 16 32 
2 4 8 9 30 
0 25 28 30 32 
0 2 14 24 
2 14 24 27 37 
0 24 28 31 37 
6 14 15 23 37 
2 4 8 21 37 
4 11 25 34 
0 4 14 16 34 
0 8 14 34 
0 8 24 30 
4 9 16 19 30 
6 8 13 23 34 
2 3 25 30 32 
14 16 35 37 
2 12 25 30 32 
2 16 21 23 34 
0 5 15 30 
4 6 11 14 27 
23 32 34 35 
14 16 25 32 
2 19 21 34 
0 8 9 30 
2 4 14 32 37 
24 27 28 31 37 
0 19 28 30 37 
0 2 21 23 35 
2 11 27 32 37 
2 4 19 21 28 
11 13 31 34 35 
4 6 11 27 
2 4 19 21 28 
9 16 19 27 
4 13 25 30 34 
0 5 14 15 28 
2 18 27 30 
6 13 27 
0 19 21 28 37 
6 9 14 37 
8 16 18 27 37 
2 14 27 32 37 
2 18 27 32 
4 8 27 30 37 
4 11 14 32 34 
18 21 27 32 37 
4 16 25 30 37 
18 28 32 37 
2 11 27 32 37 
19 27 28 30 32 
0 6 8 30 34 
0 2 19 21 
6 11 28 31 37 
2 14 20 25 37 
2 14 32 34 
0 4 8 25 30 
16 32 35 
2 14 18 27 37 
8 14 18 35 
6 8 13 21 37 
9 16 27 35 
2 4 11 32 37 
18 32 34 
0 2 19 37 
5 19 28 30 35 
2 11 27 32 
4 18 27 32 34 
19 21 25 27 28 
18 30 32 35 
19 27 30 32 34 
18 19 32 34 
15 27 28 31 34 
4 6 14 25 37 
4 14 19 23 37 
11 14 32 37 
0 8 15 25 30 
0 2 14 19 34 
2 4 12 27 32 
0 5 14 24 32 
2 11 13 24 34 
2 6 13 24 34 
4 14 19 23 34 
2 30 32 34 
0 2 15 19 21 
9 18 28 35 37 
9 14 18 28 
9 16 27 
13 19 30 34 35 
16 25 32 
2 14 27 30 32 
37 
8 20 27 30 32 
2 6 19 21 37 
6 18 21 27 34 
2 4 11 34 
11 14 24 25 37 
2 11 14 27 34 
4 6 9 19 27 
0 8 14 23 27 
0 11 14 32 37 
16 23 27 30 
0 8 14 18 34 
2 9 20 34 
2 19 25 27 32 
2 4 19 25 27 
2 4 18 27 32 
4 14 32 37 
3 18 23 35 
2 9 16 
0 15 30 35 
0 8 24 25 30 
6 9 19 24 34 
5 8 25 27 28 
0 8 9 24 30 
5 8 
19 21 28 34 
11 27 32 35 37 
9 14 23 30 37 
2 14 21 37 
0 2 19 21 
2 16 27 34 
2 16 34 35 
0 8 15 30 35 
0 8 24 27 30 
0 14 19 21 37 
2 4 8 27 34 
14 16 24 32 34 
4 14 16 37 
5 19 25 28 30 
11 21 25 27 32 
4 25 30 32 37 
14 18 34 
0 21 28 30 34 
0 4 12 34 35 
2 14 24 27 37 
11 14 25 32 34 
9 16 27 34 
4 27 
2 4 11 27 32 
6 11 14 32 37 
0 8 19 30 37 
2 18 21 25 30 
14 16 27 
11 27 32 34 35 
4 11 27 32 34 
0 14 15 27 34 
5 19 21 27 28 
11 27 30 32 34 
18 24 27 32 35 
27 30 32 
15 28 31 34 
0 2 19 30 
0 8 24 25 
0 8 14 25 30 
0 11 19 27 30 
0 16 27 30 37 
0 8 27 30 37 
15 16 25 32 37 
0 5 14 24 31 
11 27 30 32 34 
27 28 31 
5 21 25 28 
0 23 28 30 34 
6 14 21 25 34 
0 2 15 19 30 
2 18 27 34 
8 15 25 28 31 
0 2 5 9 
21 27 
2 4 23 
8 11 23 27 34 
0 5 14 34 
0 11 28 30 34 
8 13 15 23 37 
2 18 27 37 
2 11 27 
2 15 21 27 37 
0 19 21 28 30 
4 18 25 32 
0 16 19 21 34 
13 18 27 37 
2 11 13 25 37 
0 21 28 30 31 
14 27 32 34 
0 8 24 30 
4 
0 16 25 30 34 
0 19 27 28 30 
2 14 32 35 37 
9 11 27 30 
2 4 27 30 32 
5 15 28 30 31 
6 15 25 37 
4 6 32 34 
18 21 32 34 
2 4 13 25 34 
4 14 21 24 34 
15 25 28 30 34 
2 4 25 30 34 
2 14 32 34 35 
14 23 27 32 34 
14 23 27 32 34 
0 19 21 28 30 
8 21 27 32 34 
2 8 21 34 
6 8 11 34 35 
2 4 8 13 34 
11 14 23 35 37 
2 9 11 27 30 
8 14 18 27 34 
8 11 27 30 34 
2 6 19 21 23 
4 15 32 34 
4 9 16 
16 24 30 34 35 
18 24 27 34 35 
18 32 34 
0 14 28 30 34 
0 19 28 30 35 
2 4 14 23 34 
15 25 28 31 37 
3 13 25 30 
2 3 11 15 35 
0 15 19 28 30 
15 28 31 34 
4 6 16 32 37 
2 4 6 23 
18 20 32 
18 20 35 37 
2 3 18 23 
4 11 24 27 34 
2 18 24 27 
6 15 18 32 34 
2 4 6 23 
0 5 14 15 30 
6 19 21 32 
6 19 21 30 
2 6 19 21 27 
13 18 27 34 
6 11 27 35 37 
2 9 14 19 21 
4 14 27 37 
4 8 9 14 19 
8 14 18 34 
11 14 25 35 37 
6 23 27 37 
8 28 34 
0 19 28 30 35 
0 11 19 21 37 
2 14 15 32 34 
2 4 13 27 
14 18 27 32 37 
6 11 32 37 
2 5 8 37 
2 16 25 
2 14 21 32 
2 8 15 30 34 
2 4 6 34 
0 4 19 28 30 
0 2 19 24 
4 16 27 37 
0 5 6 19 
2 4 18 27 32 
9 16 32 
0 2 4 30 
5 6 13 27 30 
5 14 18 27 37 
2 6 11 27 30 
0 5 14 30 32 
16 27 34 
2 11 14 32 34 
11 14 34 
5 11 14 34 
2 4 6 21 
2 4 19 30 
4 6 27 30 37 
0 11 19 28 34 
6 19 21 25 27 
15 19 24 35 37 
0 24 28 30 34 
0 19 21 28 30 
0 8 11 13 30 
2 9 14 24 34 
4 9 11 14 34 
2 4 9 14 34 
11 14 15 34 35 
0 15 19 28 30 
0 14 19 28 30 
8 14 15 24 25 
2 27 32 37 
0 2 19 32 
0 24 30 32 35 
9 14 23 27 37 
9 14 15 27 34 
4 13 23 25 37 
0 8 27 30 35 
2 4 19 21 35 
2 4 16 21 37 
6 8 14 18 
14 18 32 
0 19 21 28 30 
2 13 18 32 34 
0 2 19 24 30 
2 4 6 
0 4 13 25 34 
2 4 19 35 
4 11 27 32 35 
2 16 27 30 37 
6 19 21 27 32 
18 27 32 35 
0 15 19 21 30 
4 25 32 
9 18 28 31 34 
4 14 15 27 
18 27 32 34 
11 27 30 32 34 
21 27 30 32 
6 14 16 21 37 
0 6 11 
16 25 32 34 
0 19 21 28 30 
6 14 19 21 37 
0 8 9 13 34 
2 11 14 27 34 
2 11 13 34 
9 11 21 27 
0 19 28 30 
4 
2 4 6 21 27 
14 15 34 
0 5 15 28 30 
4 27 32 
14 18 21 37 
0 8 9 14 15 
11 13 19 21 37 
4 6 19 21 30 
4 9 18 25 30 
4 6 14 19 25 
3 14 20 23 30 
13 18 27 34 
4 6 14 25 30 
2 20 25 28 31 
2 18 27 30 37 
2 4 14 32 34 
0 15 19 30 34 
2 6 37 
0 19 30 37 
4 16 32 37 
0 14 27 32 
0 14 28 30 34 
18 32 37 
13 27 32 34 
14 18 27 34 35 
0 2 19 30 34 
2 4 18 21 27 
2 8 11 35 37 
0 15 28 30 
0 2 9 18 27 
0 5 9 30 34 
19 27 28 30 35 
0 5 14 24 25 
0 19 28 30 35 
0 5 9 24 
14 18 25 30 32 
0 3 25 30 
11 21 35 37 
6 14 32 37 
0 19 21 35 
0 14 18 30 34 
11 19 25 37 
4 19 21 28 37 
2 14 32 34 
0 5 14 15 24 
2 11 12 27 32 
19 34 
2 18 27 32 
2 11 14 27 37 
2 14 25 30 
25 32 37 
14 19 21 27 
2 14 25 37 
16 27 32 37 
4 19 21 24 32 
14 19 21 27 32 
2 4 18 27 34 
19 21 28 30 
0 8 14 24 27 
11 16 20 24 37 
11 16 20 24 37 
16 24 25 37 
2 6 23 30 
0 2 18 27 37 
9 18 25 30 37 
2 4 14 18 34 
0 5 19 28 30 
4 18 32 34 35 
0 2 12 19 27 
2 6 19 23 34 
0 19 28 30 34 
0 5 14 15 32 
6 11 14 25 37 
0 2 19 30 34 
5 15 25 28 30 
2 6 27 32 
11 14 34 35 
2 18 32 37 
14 16 27 37 
2 27 30 34 
11 14 19 27 34 
9 11 14 25 
3 4 saa4 3 37606 32 34 
0 4 8 25 30 
2 21 23 27 
2 8 18 27 34 
6 8 19 23 
2 6 14 27 30 
6 14 21 25 34 
13 18 25 32 34 
3 14 25 32 37 
6 19 21 27 
0 2 25 28 37 
4 16 
2 12 18 20 25 
0 2 25 28 30 
18 23 32 
18 24 32 37 
0 2 27 37 
9 14 15 27 37 
4 14 27 30 
0 5 14 24 
2 11 12 30 
2 5 30 32 34 
6 8 23 27 30 
0 2 19 21 32 
6 21 24 25 34 
25 27 30 37 
0 4 8 24 30 
8 13 16 34 
2 3 34 
2 9 19 
2 21 27 37 
6 11 15 27 
4 11 14 27 
13 16 24 27 37 
2 4 18 32 
6 9 16 19 30 
0 8 14 24 25 
6 11 14 27 34 
3 16 32 37 
4 14 25 30 37 
2 4 6 
4 8 16 27 
18 27 30 32 
5 14 27 32 34 
2 9 14 21 
6 9 22 27 
2 14 24 32 37 
2 4 15 23 35 
6 19 23 27 
2 14 27 34 
6 14 34 
8 12 32 34 
6 14 27 28 30 
0 4 19 21 22 
8 14 16 
12 19 
2 11 21 
2 4 6 18 
0 8 9 14 37 
2 4 15 37 
4 20 
3 
4 6 
2 14 32 34 
5 23 27 30 
8 27 31 
2 4 18 37 
2 8 11 12 23 
2 6 30 
2 14 34 
6 18 
19 21 27 28 
11 14 15 25 34 
5 14 16 34 
19 24 25 27 32 
21 25 30 32 
14 18 27 32 
4 6 9 18 30 
4 8 18 30 
3 4 saa4 3 383916 35 37 
4 12 27 35 
0 3 5 30 37 
0 5 15 30 34 
0 23 30 34 
13 30 37 
2 15 21 25 31 
0 5 8 
4 6 11 19 24 
4 25 
4 
4 
12 35 
0 12 24 30 
2 14 37 
2 23 25 28 31 
19 21 27 
16 25 37 
5 19 21 24 28 
0 19 21 24 35 
0 2 5 27 
34 
2 9 11 27 
0 18 30 34 36 
2 4 14 32 34 
5 6 23 27 30 
2 4 25 
3 22 29 32 37 
2 4 11 13 30 
18 19 24 27 
11 15 32 34 
0 15 24 30 34 
2 4 19 32 37 
11 12 19 
2 9 14 27 30 
5 11 15 19 21 
4 14 29 37 
2 21 32 34 
11 18 21 24 
18 23 35 37 
8 9 24 25 30 
11 15 16 24 35 
4 6 25 37 
9 11 34 
2 4 27 32 
14 19 24 28 30 
0 19 21 28 30 
2 4 6 
0 19 24 
5 11 12 
5 27 28 30 
2 4 6 18 19 
18 28 32 
0 8 14 32 34 
11 15 27 34 35 
11 24 
0 19 30 
4 9 
13 15 34 
14 16 21 35 37 
18 28 37 
2 4 6 32 
4 14 18 32 
8 35 
27 30 32 
19 
0 5 15 28 30 
5 19 
8 11 27 30 32 
4 16 23 24 saa24 23 390834 
9 12 19 24 34 
2 8 18 27 
0 19 34 
6 13 23 25 
2 6 13 
16 30 32 
0 16 20 37 
2 4 11 25 
19 37 
14 
6 19 21 
9 30 
9 14 34 
0 3 5 24 30 
2 3 25 
3 8 35 37 
0 5 9 34 
37 
2 13 18 34 
4 14 27 30 
2 12 14 37 
9 15 21 
0 21 24 
0 11 14 24 
4 
2 4 6 27 
0 2 5 8 
4 9 37 
28 35 
19 
15 16 
2 6 13 
8 11 14 34 
5 8 21 
19 27 28 
0 4 23 
2 6 12 16 23 
2 6 8 11 20 
16 27 32 37 
2 13 35 
0 18 37 
0 2 27 30 37 
0 2 14 16 34 
19 21 27 28 30 
4 14 
15 24 31 35 
8 13 19 
2 23 
13 
4 6 28 34 
2 11 27 37 
6 12 19 24 35 
25 
2 3 4 saa4 3 39626 23 
5 6 
4 34 
14 15 21 
4 11 14 27 34 
2 15 27 32 
2 11 32 37 
9 19 27 37 
29 32 37 
9 24 30 
0 28 30 37 
4 18 25 32 
8 13 30 32 
8 
18 25 32 34 
14 18 32 34 
0 8 30 32 
2 34 
0 2 
5 21 
2 6 13 25 
11 34 
2 16 
11 14 28 37 
0 5 28 30 37 
14 18 25 34 
16 27 32 
19 21 27 30 34 
8 11 14 15 
6 24 35 37 
9 14 25 30 34 
8 14 18 19 34 
2 37 
0 8 13 22 37 
6 18 19 23 30 
0 2 31 
16 21 22 28 35 
4 8 
2 16 37 
9 11 20 25 34 
0 8 30 
9 16 25 37 
0 19 21 34 
2 11 15 27 34 
4 6 15 20 21 saa21 20 4006
2 11 27 35 
15 28 31 35 
4 18 34 35 
0 3 27 
16 25 28 31 34 
18 
0 5 19 30 37 
12 22 35 
9 14 15 37 
18 21 29 32 
11 18 21 24 
2 12 18 19 35 
0 12 19 32 35 
0 4 8 34 
27 28 32 35 
5 8 9 
14 20 24 27 
0 6 8 14 30 
5 9 15 21 30 
6 9 14 
2 16 27 36 
2 6 18 32 
0 8 14 15 24 
8 20 30 34 36 
6 9 18 21 
8 30 32 34 35 
0 9 11 27 
6 28 30 
4 9 
4 
0 4 
4 30 
4 9 
2 3 4 saa4 3 404032 
4 27 34 
2 4 6 14 23 
4 6 11 27 34 
2 18 27 32 
0 3 21 23 27 
0 11 22 25 35 
0 2 3 6 35 
0 5 22 25 
3 6 8 23 35 
0 8 11 
0 8 19 35 
0 6 15 35 
3 22 35 
2 3 35 
3 8 24 35 
11 16 19 35 
15 16 23 24 saa24 23 405732 
11 16 18 19 24 
0 16 21 28 32 
18 27 30 37 
2 4 18 37 
2 3 28 35 
0 15 19 30 
14 19 30 32 37 
11 19 24 30 34 
0 2 18 19 21 
9 18 27 35 
3 20 23 30 
4 6 25 37 
2 3 23 30 34 
14 16 25 37 
8 18 23 35 
0 18 19 28 32 
5 6 23 25 30 
2 6 11 14 37 
16 27 32 37 
0 4 14 34 
18 34 
21 
2 18 27 32 
0 8 24 30 34 
4 18 27 37 
11 12 24 
2 5 6 19 23 
0 2 8 27 
4 19 21 
5 14 15 37 
14 16 30 32 37 
34 
0 3 16 18 22 
0 5 23 27 
4 19 21 35 
4 19 34 
2 4 6 27 
4 6 30 
9 16 35 
11 16 18 19 
2 14 20 24 37 
9 19 24 25 30 
2 4 6 22 23 saa23 22 410032 
5 19 24 30 
2 4 11 14 37 
2 14 19 37 
0 5 6 11 27 
3 9 19 21 30 
5 9 14 
9 11 16 19 21 
2 6 19 20 saa20 19 410834 
11 32 37 
2 9 12 37 
4 6 
2 13 32 34 
13 19 32 
11 18 27 29 32 
0 9 16 
25 28 35 
8 11 19 21 35 
12 32 
0 4 9 19 21 
5 11 27 
0 3 11 18 22 
6 
11 27 32 35 
4 9 
4 11 14 32 34 
19 21 27 37 
2 11 14 27 
2 4 16 
14 15 30 34 
6 12 18 25 35 
0 15 25 28 30 
2 19 27 
27 30 32 35 
2 21 34 35 
0 19 30 34 
2 4 25 
0 3 6 31 
4 6 9 19 
2 9 14 16 34 
9 14 16 34 
3 5 8 29 32 
0 30 
2 4 6 23 37 
2 9 16 23 32 
11 25 32 34 35 
11 18 22 37 
2 3 20 27 
0 8 9 24 30 
5 8 11 20 23 
2 6 9 18 
6 18 19 24 
14 15 20 30 37 
4 6 12 23 
5 15 25 28 30 
6 14 23 32 
6 8 23 34 
2 6 11 12 
11 24 25 37 
18 27 32 34 
3 4 saa4 3 416025 37 
5 9 15 21 27 
4 6 11 23 34 
8 12 25 32 
0 15 24 25 37 
11 19 31 
0 
30 
2 5 6 21 27 
5 
2 
8 23 
8 
4 19 
13 35 
11 
15 37 
27 
25 27 
0 
2 14 29 
25 
27 34 
3 14 34 
0 5 16 
15 27 29 32 
3 27 37 
0 8 
2 16 27 
14 15 32 
3 
22 
2 35 
14 32 
34 
8 
6 24 34 
18 37 
18 
18 
2 15 32 37 
24 
4 
0 25 37 
11 
24 
12 18 27 
15 
13 15 37 
18 
15 
15 
13 
11 
13 
6 
14 30 
32 34 
13 
13 34 
15 
15 28 31 
18 23 27 
15 37 
23 
20 
37 
19 22 
13 
13 
8 
2 8 
15 
2 27 
4 
15 
37 
13 
15 
19 
27 
19 
32 
0 8 
11 
8 
14 19 
0 19 35 
13 
18 
18 
24 30 
14 25 
8 
5 21 24 
16 18 21 
34 
14 30 
14 34 
11 19 
11 25 30 
13 
3 9 15 
0 
37 
8 
19 28 34 
37 
3 
11 
34 
8 22 
5 
19 
32 37 
4 32 
15 
16 27 
0 14 25 
0 8 24 
15 
11 
19 
8 
2 12 27 
3 5 9 
13 
6 
2 8 
25 27 37 
2 
11 16 21 
6 
37 
11 35 
34 
32 
5 14 
6 
34 
15 
13 
4 35 
6 
35 
13 
3 8 
8 
5 11 15 
13 
34 
3 
2 
8 
4 14 34 
23 
5 
4 
27 
2 
2 
8 
2 
2 27 
2 37 
2 34 
21 34 
34 
37 
34 
8 
8 
8 
2 
2 34 
27 
2 
34 
27 
27 
2 
2 
2 37 
34 
27 
2 
2 
34 
37 
2 
2 27 
2 
34 
34 
34 
27 
5 
2 25 
3 
3 8 
