0 1
1 11
2 17
3 4
4 12
5 10
6 4
7 11
8 3
9 17
10 2
11 10
12 17
13 17
14 20
15 15
16 18
17 5
18 14
19 18
20 7
21 14
22 19
23 5
24 11
25 15
26 7
27 6
28 14
29 13
30 3
31 4
32 6
33 18
34 4
35 14
36 1
37 15
38 2
39 17
40 14
41 11
42 18
43 8
44 11
45 4
46 12
47 6
48 6
49 15
50 19
51 4
52 17
53 5
54 5
55 16
56 12
57 1
58 17
59 13
60 12
61 19
62 14
63 19
64 7
65 17
66 4
67 5
68 16
69 8
70 20
71 8
72 1
73 3
74 11
75 1
76 14
77 16
78 1
79 13
80 6
81 19
82 11
83 10
84 10
85 8
86 18
87 17
88 20
89 17
90 2
91 8
92 7
93 20
94 7
95 9
96 12
97 7
98 13
99 12
100 16
101 13
102 8
103 6
104 6
105 9
106 7
107 8
108 7
109 2
110 13
111 10
112 15
113 16
114 11
115 10
116 20
117 18
118 17
119 18
120 3
121 9
122 20
123 12
124 18
125 3
126 9
127 1
128 3
129 19
130 18
131 6
132 2
133 10
134 6
135 5
136 11
137 15
138 13
139 8
140 5
141 12
142 5
143 4
144 3
145 13
146 2
147 8
148 2
149 3
150 14
151 3
152 12
153 4
154 11
155 5
156 7
157 16
158 13
159 10
160 2
161 8
162 20
163 10
164 3
165 1
166 4
167 19
168 13
169 15
170 4
171 13
172 5
173 6
174 9
175 11
176 5
177 17
178 2
179 5
180 5
181 8
182 15
183 3
184 14
185 20
186 8
