Period 0:
Room No. 0 :0018;0066;0158;0330;0027;0460;0004;0136;0392;0056;0082;0139;0161;0221;0125;0329;0126;0073;0237;0213;0456;0362;0216;0285;0068;0391;0034;0281;0160;0351;0037;0397;0344;0313;0426;0022;0183;0063;0451;0241;0133;0135;0199;0345;0407;0408;0106;0016;0109;0006;0234;0424;0050;0311;0026;0122;0110;0417;0316;0093;0267;0227;0278;0439;0433;0045;0382;0218;0187;0299;0399;
Period 1:
Room No. 0 :0203;0443;0375;0373;0178;0412;0369;0205;0381;0070;0355;0204;0095;0266;0260;0341;0182;0084;0001;0415;0087;
Period 2:
Room No. 0 :0028;0200;0061;0308;0353;0134;0052;0413;0107;0081;0389;0083;0206;0138;0428;0011;0220;0155;0240;0420;0047;0279;0075;0036;0062;0314;0130;0457;0054;0163;0350;0349;0409;0072;0080;0235;0312;0128;0159;0425;0065;0310;0074;0348;0268;0044;0092;0444;0291;0401;0332;0434;0321;0436;0239;0359;0100;
Period 3:
Room No. 0 :0306;0020;0076;0276;0219;0059;0132;0450;0157;0197;0010;0198;0309;0282;0162;0455;0184;0410;0105;0137;0025;0427;0384;0280;0423;0233;0376;0078;0131;0202;0236;0038;0253;0368;0449;0406;0167;0164;0175;0103;0231;0222;0111;
Period 4:
Room No. 0 :0244;0148;0174;0112;0176;0094;0331;0380;0165;
Period 5:
Room No. 0 :0274;0370;0108;0071;0363;0242;0048;0079;0013;0403;0067;0347;0015;0459;0307;0194;0232;0454;0429;0411;0196;0129;0284;0035;0396;0124;0209;0356;
Period 6:
Room No. 0 :0317;0123;0053;0390;0049;0201;0077;0208;0458;0325;0447;0064;0014;0012;0346;0374;0416;0017;0113;0431;0150;0091;0261;0326;0357;0441;0422;0400;0099;0007;0145;0288;0229;0405;0154;0030;
Period 7:
Room No. 0 :0461;0228;0085;0115;0289;0002;
Period 8:
Room No. 0 :0212;0352;0098;0170;0230;0453;0361;0342;0032;0419;0156;0294;0273;0249;0286;0041;
Period 9:
Room No. 0 :0394;0402;0269;0377;0088;0102;0096;0372;0303;0418;0051;0195;0437;0192;0057;0283;0393;0371;0023;0188;0297;0367;0019;0069;0003;0339;0009;0335;0042;
Period 10:
Room No. 0 :0318;0452;0379;0146;0141;0090;0322;0189;0262;0243;
Period 11:
Room No. 0 :0031;0245;0039;0387;0117;0328;0385;0223;0101;0315;0264;0275;0046;0421;0388;0185;0304;
Period 12:
Room No. 0 :0180;0169;0364;0055;0060;0324;0089;0214;0142;0259;0152;0104;0432;0302;0277;0086;0120;0177;0333;0442;0226;0323;0005;
Period 13:
Room No. 0 :0258;0193;0404;0265;0121;0337;
Period 14:
Room No. 0 :0293;0386;0008;0144;0292;0340;0290;0271;0207;0024;0298;0438;0446;
Period 15:
Room No. 0 :0179;0172;0215;0272;0366;0263;0127;0246;0365;0043;0300;0191;0147;0358;0336;0029;0225;0448;0224;0186;0440;0021;
Period 16:
Room No. 0 :0414;0119;0430;0327;0270;0181;0256;0114;0143;0171;0033;0305;0238;0097;0378;0058;0140;
Period 17:
Room No. 0 :0435;0360;0295;0210;0149;0338;0354;
Period 18:
Room No. 0 :0395;0398;0166;0151;0343;0248;0118;0320;0190;0301;
Period 19:
Room No. 0 :0252;0257;0255;0383;0319;0217;0287;0445;0116;0153;0334;
