Period 0:
Room No. 0 :0285;0006;0379;0349;0376;0086;0067;0337;0052;0027;0078;0306;0291;0105;0076;0321;0010;0026;0180;0063;0429;0035;0235;0298;0159;0401;0103;0123;0143;0014;0043;0075;0271;0309;0122;0345;0084;0160;0220;0070;0157;0034;0111;0171;0204;0459;0457;0329;0304;0412;0005;0456;0381;0377;0203;0216;0444;0283;0310;0347;0369;0135;0314;0185;0136;0222;0138;0083;0362;0062;0231;0149;0110;0421;0178;0351;0022;0018;0234;0434;0198;0330;0050;0436;0016;0425;0133;0355;0045;0236;0450;0312;0323;0411;0205;0095;0109;0443;0263;
Period 1:
Room No. 0 :0209;0206;0112;0295;0228;0091;0087;
Period 2:
Room No. 0 :0461;0079;0161;0107;0403;0363;0038;0359;0426;0041;0012;0237;0308;0175;0389;0154;0007;0064;0350;0047;0455;0054;0410;0099;0232;0139;0015;0311;0061;0213;0284;0199;0080;0305;0025;0132;0074;0131;0049;0453;0280;0348;0407;0313;0137;0004;0053;0212;0230;0342;0125;0383;
Period 3:
Room No. 0 :0375;0409;0077;0420;0391;0372;0428;0106;0072;0036;0373;0162;0279;0065;0242;0233;0155;0200;0071;0129;0384;0368;0073;0196;0307;0082;0396;0126;0048;0344;0249;0414;0179;0146;
Period 4:
Room No. 0 :0290;0097;0173;0243;0336;0327;0176;
Period 5:
Room No. 0 :0385;0168;0181;0055;0388;0270;0413;0422;0127;0221;0042;0152;0398;0011;0081;0032;0448;0191;0108;0024;0282;0207;0427;0037;0302;0370;0387;
Period 6:
Room No. 0 :0395;0399;0303;0397;0393;0423;0447;0277;0449;0390;0020;0202;0286;0460;0158;0033;0374;0009;0281;0454;0163;0402;0408;0197;0134;0066;0068;0169;0190;0130;0346;0416;0241;0058;0118;0017;0380;0343;
Period 7:
Room No. 0 :0141;0318;0002;0189;0121;0340;
Period 8:
Room No. 0 :0258;0164;0192;0008;0147;0333;0214;0088;0301;0128;0438;0274;0287;0090;0165;0364;0114;0056;0201;0356;0419;0219;0239;0226;0424;0240;0446;0324;
Period 9:
Room No. 0 :0247;0182;0332;0386;0218;0142;0093;0153;0030;0170;0246;0194;0208;0432;0003;0439;0069;0245;0458;0140;0417;0248;0227;0267;0115;
Period 10:
Room No. 0 :0210;0255;0257;0334;0319;
Period 11:
Room No. 0 :0320;0341;0353;0145;0289;0116;0360;0148;0276;0195;0262;0156;0223;0400;0354;0044;0100;
Period 12:
Room No. 0 :0177;0452;0217;0144;0092;0288;0028;0238;0404;0418;0440;0367;0059;0266;0060;0104;0278;0023;0382;0120;0326;0325;0046;
Period 13:
Room No. 0 :0268;0094;0211;0361;0184;
Period 14:
Room No. 0 :0113;0265;0352;0193;0328;0430;0392;0273;0405;0299;0021;0229;0441;0119;0029;0057;0051;
Period 15:
Room No. 0 :0435;0269;0366;0244;0117;0338;0371;0315;0264;0406;0188;0431;0031;0215;0297;0316;0224;0358;0261;0101;
Period 16:
Room No. 0 :0254;0252;0250;0256;0013;0253;
Period 17:
Room No. 0 :0296;0357;0394;0272;
Period 18:
Room No. 0 :0293;0331;0167;0098;0150;0445;0451;0183;0186;0437;0433;0019;0225;0292;0300;0096;0001;
Period 19:
Room No. 0 :0317;0378;0151;0089;0259;0322;0415;0102;0294;0085;0339;0187;0260;0166;0124;0275;0442;0365;0335;
