Period 0:
Room No. 0 :0242;0458;0235;0159;0025;0080;0139;0422;0345;0362;0330;0034;0134;0108;0163;0220;0074;0456;0036;0427;0457;0072;0062;0281;0083;0196;0236;0135;0061;0095;0313;0375;0285;0329;0373;0369;0204;0019;0016;0312;0178;0078;0417;0350;0137;0411;0234;0070;0012;0309;0017;0156;0185;0043;0395;0407;0340;0277;0118;0444;0209;0059;0151;
Period 1:
Room No. 0 :0443;0403;0205;0349;0381;0122;0355;0075;0050;0216;0351;0022;0006;0317;0331;0259;0268;0378;0040;0322;0365;0094;0008;
Period 2:
Room No. 0 :0232;0132;0138;0208;0131;0221;0055;0423;0069;0198;0202;0110;0105;0161;0197;0170;0076;0130;0038;0042;0450;0169;0284;0024;0425;0109;0158;0374;0460;0081;0428;0410;0160;0279;0311;0376;0237;0308;0347;0314;0260;0223;0269;0124;0332;0361;0264;0121;0333;0415;0430;0192;0441;0419;0439;0018;
Period 3:
Room No. 0 :0424;0053;0391;0203;0107;0035;0133;0194;0015;0123;0060;0304;0356;0396;0397;0399;0437;
Period 4:
Room No. 0 :0068;0282;0082;0283;0162;0455;0013;0073;0412;0063;0213;0429;0219;0310;0240;0233;0348;0214;0174;0414;0164;0339;0319;0090;0033;0086;
Period 5:
Room No. 0 :0287;0368;0306;0047;0129;0384;0037;0199;0136;0335;0271;0416;0126;0172;0049;0181;0127;0267;0149;0303;0380;0405;0230;0011;0191;0413;0217;0453;0263;
Period 6:
Room No. 0 :0435;0041;0420;0079;0207;0372;0459;0154;0106;0048;0071;0175;0307;0409;0440;0206;0336;0454;0426;0201;0020;0448;0262;0344;0366;0243;0215;0238;0278;
Period 7:
Room No. 0 :0004;0067;0231;0065;0280;0241;0245;0325;0257;0141;0085;0120;0387;
Period 8:
Room No. 0 :0246;0026;0077;0066;0014;0390;0447;0200;0157;0408;0045;0432;0244;0227;0343;0338;0286;0189;0218;0352;0383;0027;0147;0039;0316;0100;0183;
Period 9:
Room No. 0 :0367;0364;0155;0064;0125;0007;0394;0398;0272;0167;0228;0434;0193;0009;0229;0421;0358;0404;0096;0098;0301;
Period 10:
Room No. 0 :0346;0389;0250;0265;0326;0097;0146;0088;0190;0180;0379;
Period 11:
Room No. 0 :0254;0247;0052;0363;0248;0010;0054;0449;0305;0253;0251;
Period 12:
Room No. 0 :0334;0255;0292;0359;0029;0291;0239;0276;0275;0093;0021;0186;0288;0153;0002;
Period 13:
Room No. 0 :0168;0176;0173;0117;0001;0144;0084;
Period 14:
Room No. 0 :0328;0354;0353;0150;0357;0032;0222;0092;0224;0225;0188;0023;0028;0418;0321;0438;0145;0446;0261;0401;0297;0315;0294;0195;0103;
Period 15:
Room No. 0 :0212;0211;0166;0451;0143;0005;0342;0187;0273;0210;0302;0406;0057;0102;0249;
Period 16:
Room No. 0 :0119;0296;0324;0452;0360;0046;0051;0386;0400;0385;0226;0113;0256;0300;0114;0112;0111;0177;0099;0140;0266;0030;
Period 17:
Room No. 0 :0295;0320;0442;0337;0323;0171;
Period 18:
Room No. 0 :0293;0184;0377;0341;0298;0148;0270;0290;0382;0031;0445;0431;0058;0128;0165;0371;0003;0091;0289;0101;
Period 19:
Room No. 0 :0116;0370;0044;0327;0142;0089;0393;0392;0152;0388;0104;0299;0182;0436;0087;0433;0402;0115;0274;0056;
