Period 0:
Room No. 0 :0414;0357;0356;0163;0271;0066;0042;0331;0364;0291;0208;0063;0456;0173;0087;0203;0116;0285;0075;0404;0420;0280;0242;0084;0139;0321;0192;0233;0132;0012;0159;0122;0347;0450;0312;0267;0304;0444;0114;0417;0149;0020;0079;0408;0007;0074;0231;0426;0110;0313;0330;0095;0014;0310;0412;0284;0362;0047;0129;0345;0083;0086;0301;0216;0457;0411;0236;0443;0045;0038;0204;0459;0022;0070;0126;0355;0329;0403;0025;0006;0381;0178;0157;0106;0349;0238;0017;0308;0032;0205;0351;0369;0016;0062;0050;0098;0367;0188;
Period 1:
Room No. 0 :0109;0112;0435;0142;0354;
Period 2:
Room No. 0 :0235;0015;0287;0374;0346;0061;0135;0202;0234;0053;0125;0221;0076;0423;0138;0161;0429;0458;0160;0249;0072;0196;0133;0036;0348;0240;0136;0219;0194;0314;0065;0410;0105;0416;0311;0073;0081;0068;0449;0099;0167;0182;0269;0140;0264;0113;0033;0010;0164;0328;0440;0400;0046;0027;0407;0371;0119;
Period 3:
Room No. 0 :0150;0317;0288;0145;0323;0011;0031;0370;0170;0071;0375;0406;0389;0455;0283;0322;0350;0201;0305;0082;0425;0237;0299;0424;0229;0130;0213;0089;0005;0035;0286;0232;0085;0131;0049;0108;0409;0433;0158;0241;0309;0055;0428;0162;0064;0419;0262;0018;0445;0102;0451;0166;0378;0430;0337;0118;
Period 4:
Room No. 0 :0094;0292;0339;0181;0289;
Period 5:
Room No. 0 :0394;0368;0390;0078;0195;0454;0169;0279;0460;0393;0376;0197;0069;0155;0080;0107;0037;0206;0137;0307;0048;0134;0427;0230;0004;0437;0060;0008;0342;0397;0405;0278;0298;0446;0193;0175;0335;0096;0019;0103;0273;0057;0147;0214;
Period 6:
Room No. 0 :0211;0209;0024;0422;0199;0363;0281;0344;0077;0067;0168;0353;0245;0226;0438;0239;0401;0120;0268;0360;
Period 7:
Room No. 0 :0156;0341;0270;0176;0092;0261;0386;0051;0111;
Period 8:
Room No. 0 :0320;0174;0030;0223;0372;0373;0384;0200;0282;0396;0123;
Period 9:
Room No. 0 :0247;0306;0013;0220;0198;0052;0379;0248;0254;0415;0421;0003;0191;0028;0054;0256;0009;
Period 10:
Room No. 0 :0366;0228;0274;0091;0117;0260;0190;0297;0101;
Period 11:
Room No. 0 :0326;0391;0413;0222;0121;0215;0295;0382;0290;0436;0171;0325;0152;0041;0434;
Period 12:
Room No. 0 :0253;0276;0255;0453;0207;0153;0154;0431;0365;
Period 13:
Room No. 0 :0184;0324;0259;0258;0115;0100;
Period 14:
Room No. 0 :0340;0252;0398;0257;0315;0358;0148;0277;0448;0021;0217;0447;0418;
Period 15:
Room No. 0 :0212;0352;0210;0243;0336;0034;0218;0302;0383;0104;0059;0187;0143;0043;0186;
Period 16:
Room No. 0 :0265;0002;0246;0334;0318;0399;0319;0093;0146;0124;0023;0432;0056;0272;0224;0439;0001;0303;0225;0442;0183;0359;
Period 17:
Room No. 0 :0327;0250;0361;0141;0090;0189;
Period 18:
Room No. 0 :0144;0377;0180;0244;0343;0266;0452;0097;0316;0227;0026;0165;0058;0338;0263;0294;0300;0380;0128;0088;
Period 19:
Room No. 0 :0172;0177;0151;0385;0387;0392;0333;0185;0441;0127;0332;0044;0275;0402;0388;0029;
