Period 0:
Room No. 0 :0203;0356;0297;0366;0330;0239;0355;0119;0304;0113;0078;0139;0160;0442;0146;0458;0007;0059;0061;0036;0067;0110;0157;0198;0226;0411;0285;0242;0423;0335;0178;0114;0400;0407;0184;0450;0199;0106;0070;0062;0101;0022;0275;0016;0235;0337;0006;0346;0363;0261;0312;0077;0426;0025;0207;0204;0362;0043;0280;0063;0109;0432;0130;0012;0412;0282;0050;0131;0100;0205;0408;0234;0419;0456;0443;0125;0417;0216;0313;0132;0004;0075;0310;0122;0053;0439;0126;0369;0236;0034;0027;0316;
Period 1:
Room No. 0 :0095;0381;0329;0345;0317;0111;0327;0290;0265;0096;0383;
Period 2:
Room No. 0 :0399;0197;0073;0035;0071;0347;0137;0454;0213;0223;0309;0162;0447;0427;0375;0349;0336;0398;0295;0040;0385;0278;0387;0222;0274;0056;0218;
Period 3:
Room No. 0 :0388;0151;0257;0393;0394;0195;0244;0344;0068;0116;0438;0283;0220;0428;0161;0459;0391;0343;0065;0457;0133;0135;0076;0225;0074;0108;0219;0009;0019;0311;0233;0158;0017;0037;0081;0410;0351;0083;0047;0138;0308;0060;0374;0277;0433;0425;0403;0072;0066;0376;0196;0314;0042;0175;0422;0305;0013;0405;
Period 4:
Room No. 0 :0097;0259;0181;0325;
Period 5:
Room No. 0 :0352;0185;0361;0264;0243;0092;0333;0444;0287;0266;0153;0118;0460;0229;0107;0364;0032;0058;0163;0279;0389;0240;0429;0082;0421;0401;0159;0024;0237;0134;0232;0284;0409;0194;0041;0038;0048;0348;0350;0020;0069;0191;0332;0260;0171;0294;0434;0436;
Period 6:
Room No. 0 :0250;0123;0202;0105;0384;0136;0306;0372;0079;0455;0080;0241;0208;0281;0156;0373;0129;0420;0248;0307;0045;0340;0380;0268;0386;0102;0402;0445;0187;0303;0437;0322;0217;0182;0003;0057;0010;0270;0023;0088;0451;0224;
Period 7:
Room No. 0 :0318;0326;0090;0256;0430;
Period 8:
Room No. 0 :0354;0263;0179;0147;0413;0098;0267;0166;0085;0127;0246;0453;0209;0221;0300;0055;0416;0441;0201;0192;0011;0089;0231;0368;0155;0440;0273;0049;0249;0028;0033;
Period 9:
Room No. 0 :0379;0255;0165;0414;0334;0174;0230;0054;0014;0319;0286;0301;0164;0390;0154;0093;0377;0200;0064;0015;0358;0371;0424;0005;0186;0084;0115;
Period 10:
Room No. 0 :0212;
Period 11:
Room No. 0 :0320;0382;0289;0145;0296;0365;0431;0103;0052;0215;0029;0342;0206;0169;0170;0449;0143;0140;
Period 12:
Room No. 0 :0251;0150;0360;0091;0228;0193;0338;0245;0448;0099;0030;0247;0406;0046;0087;0117;0018;0298;0183;
Period 13:
Room No. 0 :0142;0392;0341;0149;0177;0378;
Period 14:
Room No. 0 :0039;0396;0124;0044;
Period 15:
Room No. 0 :0292;0180;0167;0271;0291;0008;0288;0121;0152;0328;0238;0190;0026;0370;0051;0367;0418;0446;0331;0128;0404;0299;
Period 16:
Room No. 0 :0210;0176;0002;0415;0262;0144;0339;0272;0094;0452;0359;0021;0189;0188;0227;0086;0321;
Period 17:
Room No. 0 :0397;0395;0315;0104;
Period 18:
Room No. 0 :0258;0435;0214;0001;0269;0324;0302;
Period 19:
Room No. 0 :0211;0168;0353;0148;0357;0141;0276;0120;0031;
