Period 0:
Room No. 0 :0234;0236;0255;0369;0454;0024;0237;0285;0280;0128;0137;0211;0095;0083;0067;0284;0379;0364;0216;0308;0346;0229;0046;0310;0427;0459;0450;0422;0411;0348;0076;0011;0312;0337;0014;0275;0013;0158;0314;0242;0062;0132;0206;0329;0066;0081;0381;0107;0304;0018;0349;0064;0408;0143;0070;0197;0036;0330;0178;0301;0139;0126;0075;0443;0047;0202;0141;0050;0205;0022;0249;0232;0007;0042;0439;0006;0417;0403;0110;0160;0407;0054;0276;0198;0122;0355;0412;0131;0016;0204;0153;0358;
Period 1:
Room No. 0 :0167;0292;0097;0343;
Period 2:
Room No. 0 :0008;0150;0051;0057;0089;0455;0406;0326;0299;0372;0286;0449;0086;0213;0021;0288;0438;0155;0002;0305;0426;0185;0004;0307;0189;0079;0424;0325;0238;0073;0041;0135;0281;0384;0419;0061;0105;0223;0072;0176;0194;0065;0240;0368;0053;0138;0350;0035;0001;0080;0375;0440;0313;0203;0433;0136;0159;0162;0109;0233;0345;0129;0025;0145;0231;0410;0012;
Period 3:
Room No. 0 :0320;0103;0034;0228;0192;0363;0391;0045;0261;0445;0332;0402;0291;0425;0386;0460;0188;0077;0273;0409;0321;0130;0428;0106;0421;0351;0017;0114;0063;0020;0311;0423;0431;0344;0437;0078;0163;0362;0074;0289;0154;0267;0456;0416;0134;0027;0171;0038;0023;0071;0283;0235;0195;0052;0049;0196;0015;0401;0123;
Period 4:
Room No. 0 :0357;0181;0333;0151;0113;
Period 5:
Room No. 0 :0327;0142;0059;0302;0117;0317;0170;0031;0287;0359;0387;0187;0444;0436;0230;0099;0458;0274;0447;0140;0336;0087;0224;0186;0294;0385;0091;
Period 6:
Room No. 0 :0272;0144;0340;0354;0112;0243;0397;0058;0193;0390;0361;0208;0092;0100;0306;0297;0032;0389;0101;0241;0111;0309;0448;0118;0048;0376;0156;0347;0082;0282;0201;0434;0068;0161;0374;0037;0457;0133;0227;0429;0043;
Period 7:
Room No. 0 :0207;0173;0323;0094;0290;0214;
Period 8:
Room No. 0 :0246;0271;0044;0124;0219;0060;0200;0157;0220;0279;0108;0069;0396;0335;0055;
Period 9:
Room No. 0 :0461;0183;0164;0165;0324;0360;0120;0090;0033;0451;0239;0169;0303;0405;0209;0420;0226;0221;0088;0199;0377;0148;0028;0413;
Period 10:
Room No. 0 :0441;0172;0179;0147;
Period 11:
Room No. 0 :0252;0257;0341;0277;0392;0383;0116;0371;0453;0415;0175;0373;0404;0010;0217;0418;
Period 12:
Room No. 0 :0295;0270;0331;0098;0166;0318;0399;0378;0263;0127;0005;0398;0026;0096;0442;0056;0009;0225;0432;0085;0084;0248;
Period 13:
Room No. 0 :0319;0269;0245;0338;0353;0210;
Period 14:
Room No. 0 :0182;0430;0414;0328;0268;0352;0102;0030;0119;0446;0356;0278;0298;
Period 15:
Room No. 0 :0251;0254;0253;0388;0250;0256;0191;0019;0367;0370;
Period 16:
Room No. 0 :0395;0266;0394;0342;0380;0452;0190;0393;0104;0300;
Period 17:
Room No. 0 :0121;0339;0180;0265;0244;0146;
Period 18:
Room No. 0 :0184;0168;0259;0365;0152;0029;0218;0222;0115;0260;0003;0264;0316;0125;0382;
Period 19:
Room No. 0 :0366;0334;0040;0315;0149;0177;0322;0093;0262;0400;0215;
