Period 0:
Room No. 0 :0371;0362;0130;0061;0107;0426;0036;0014;0202;0127;0280;0351;0458;0072;0138;0070;0276;0075;0390;0122;0208;0100;0330;0196;0131;0155;0048;0062;0076;0073;0004;0204;0304;0311;0240;0050;0095;0216;0407;0312;0282;0007;0083;0078;0126;0022;0308;0349;0162;0375;0025;0314;0006;0237;0412;0178;0133;0232;0194;0329;0016;0234;0381;0188;0408;0369;0236;0012;0350;0263;0110;0285;0065;0411;0205;0403;0456;0355;0443;0345;0253;0247;0055;0042;0054;0191;0167;0153;
Period 1:
Room No. 0 :0251;0332;0245;0250;
Period 2:
Room No. 0 :0145;0372;0038;0185;0123;0382;0459;0306;0260;0203;0428;0367;0405;0030;0342;0134;0102;0150;0189;0446;0057;0217;0157;0005;0082;0105;0068;0199;0322;0063;0310;0279;0284;0010;0356;0137;0373;0159;0235;0249;0074;0298;0047;0163;0376;0344;0242;0198;0139;0384;0410;0135;0060;0313;0109;0454;0348;0248;0309;0181;0206;0087;0222;
Period 3:
Room No. 0 :0331;0295;0389;0300;0151;0008;0363;0368;0035;0238;0064;0156;0093;0129;0379;0017;0451;0024;0080;0011;0281;0231;0421;0161;0020;0429;0108;0457;0079;0346;0045;0233;0160;0175;0015;0440;0071;0425;0132;0241;0223;0041;0392;0085;
Period 4:
Room No. 0 :0001;0435;0289;0292;
Period 5:
Room No. 0 :0254;0357;0034;0221;0053;0201;0256;0170;0013;0460;0019;0283;0307;0158;0067;0077;0037;0409;0213;0136;0424;0449;0427;0374;0106;0273;0347;0419;0417;0288;
Period 6:
Room No. 0 :0293;0302;0328;0146;0370;0090;0387;0193;0388;0227;0442;0125;0195;0066;0364;0277;0197;0023;0169;0052;0009;0447;0422;0154;0018;0081;0101;0385;0305;0230;0432;
Period 7:
Room No. 0 :0177;0268;0366;0320;0343;0365;
Period 8:
Room No. 0 :0258;0265;0287;0140;0098;0398;0239;0271;0029;0359;0190;0399;0069;0324;0438;0220;0056;0455;0219;0423;0303;0021;0226;0401;0335;0416;0114;0002;
Period 9:
Room No. 0 :0395;0393;0148;0340;0391;0033;0402;0380;0186;0418;0104;0118;0448;0187;0394;0301;0450;0058;0200;
Period 10:
Room No. 0 :0179;0272;0089;0144;0166;
Period 11:
Room No. 0 :0386;0040;0291;0142;0149;0317;0124;0229;0413;0003;0333;0406;0297;0092;0267;0415;0323;0444;0286;0032;0043;0420;0059;0400;
Period 12:
Room No. 0 :0112;0111;0164;0180;0091;0269;0117;0327;0044;0361;0099;0113;0445;0437;0225;0278;0027;0046;0165;
Period 13:
Room No. 0 :0207;0353;0086;0326;0141;
Period 14:
Room No. 0 :0430;0414;0174;0319;0121;0339;0176;0266;0358;0026;0051;0143;0173;0246;0433;0049;0128;0453;
Period 15:
Room No. 0 :0261;0354;0397;0120;0214;0228;0452;0321;0094;0315;0147;0028;0338;0299;0192;0084;0434;0224;0275;0294;0404;0218;
Period 16:
Room No. 0 :0296;0262;0259;0243;0215;0119;0431;0031;0097;0244;0378;0441;0171;0183;0270;0209;
Period 17:
Room No. 0 :0039;0341;0290;0461;0316;0377;
Period 18:
Room No. 0 :0252;0255;0257;0334;0439;0116;0383;
Period 19:
Room No. 0 :0211;0152;0352;0360;0274;0184;0103;0325;0337;0210;0115;0436;0088;0096;0264;0336;
