Period 0:
Room No. 0 :0254;0030;0200;0038;0237;0155;0205;0423;0214;0014;0050;0234;0015;0003;0139;0280;0348;0129;0122;0062;0060;0369;0367;0347;0273;0055;0421;0310;0053;0426;0107;0022;0206;0080;0242;0114;0027;0213;0282;0187;0457;0368;0403;0231;0016;0358;0412;0204;0330;0064;0010;0067;0209;0070;0216;0453;0374;0261;0160;0408;0304;0355;0285;0313;0349;0407;0305;0217;
Period 1:
Room No. 0 :0381;0126;0203;0006;0178;0049;0443;0135;0110;0081;0329;0236;0095;0456;0411;0211;0102;0146;0334;0322;0181;0183;
Period 2:
Room No. 0 :0402;0090;0020;0440;0461;0243;0158;0315;0032;0363;0399;0199;0017;0352;0307;0460;0451;0420;0326;0272;0109;0042;0058;0105;0076;0024;0312;0235;0137;0299;0279;0035;0004;0350;0169;0436;0071;0072;0356;0383;0240;0218;0134;0428;0249;0345;0012;0138;0284;0065;0161;0401;0118;
Period 3:
Room No. 0 :0450;0342;0198;0384;0106;0068;0208;0344;0233;0372;0156;0424;0025;0163;0351;0202;0283;0311;0409;0082;0073;0159;0132;0037;0066;0417;0131;0314;0197;0373;0427;0376;0063;0130;0308;0047;0459;0396;0269;0370;0394;
Period 4:
Room No. 0 :0341;0289;0257;0292;0001;0086;0148;
Period 5:
Room No. 0 :0296;0293;0093;0404;0170;0221;0194;0287;0441;0439;0154;0291;0007;0306;0018;0026;0079;0422;0144;0455;0389;0309;0241;0410;0162;0232;0083;0133;0036;0045;0359;0011;0175;0059;0002;0270;
Period 6:
Room No. 0 :0295;0119;0220;0069;0286;0157;0013;0108;0454;0281;0223;0219;0429;0425;0196;0346;0078;0075;0077;0445;0324;0164;0380;0316;0097;0294;0437;0051;0029;0019;0171;0009;0419;0225;0165;0149;0300;
Period 7:
Room No. 0 :0039;0177;0343;0386;0277;
Period 8:
Room No. 0 :0192;0297;0262;0210;0354;0337;0141;0153;0357;0089;0125;0101;0120;0044;0048;0229;0442;0325;0054;0207;0432;0418;0321;0028;0074;0195;0362;0458;0375;0405;
Period 9:
Room No. 0 :0168;0288;0174;0266;0124;0005;0416;0033;0176;0185;0239;0364;0061;0446;0136;0189;0278;0431;0430;0167;
Period 10:
Room No. 0 :0336;0265;0085;0041;0392;0099;0142;0091;0087;0140;
Period 11:
Room No. 0 :0180;0268;0250;0228;0094;0245;0332;0382;0190;0128;0222;0215;0438;0023;0224;0226;0406;0248;0390;0298;0449;0052;
Period 12:
Room No. 0 :0267;0103;0393;0452;0008;0339;0088;0391;0123;0434;0096;0034;0056;0201;0191;0238;0021;0173;0084;0143;0271;
Period 13:
Room No. 0 :0327;0414;0121;0353;
Period 14:
Room No. 0 :0247;0182;0150;0246;0328;0244;0104;0303;0361;0387;0385;0031;0092;0145;0057;0046;0433;0448;0116;0227;
Period 15:
Room No. 0 :0253;0184;0290;0256;0413;0100;0127;0335;0447;0276;0388;0371;0319;
Period 16:
Room No. 0 :0172;0333;0274;0366;0193;0264;0115;0302;0444;0230;0043;0152;
Period 17:
Room No. 0 :0212;0360;0098;
Period 18:
Room No. 0 :0112;0435;0338;0377;0263;0379;0365;0147;0113;0111;0301;0117;
Period 19:
Room No. 0 :0040;0398;0259;0340;0151;0317;0275;0415;0400;0166;0378;0331;0260;0186;0188;
