Period 0:
Room No. 0 :0013;0112;0398;0016;0111;0125;0434;0298;0345;0219;0158;0062;0095;0355;0423;0076;0213;0057;0383;0204;0034;0458;0409;0350;0205;0381;0407;0242;0026;0351;0421;0035;0281;0097;0231;0012;0425;0430;0239;0131;0457;0330;0216;0449;0313;0161;0222;0081;0126;0234;0110;0074;0107;0235;0139;0304;0369;0310;0050;0309;0206;0197;0027;0135;0006;0376;0374;0063;0416;0022;0278;0401;0115;0017;0084;0186;0187;0269;0182;0264;0436;
Period 1:
Room No. 0 :0329;0412;0285;0349;0220;0236;0122;0443;0178;0387;0167;0331;0294;0260;0092;0317;
Period 2:
Room No. 0 :0375;0071;0159;0155;0004;0391;0279;0420;0426;0064;0036;0455;0082;0014;0194;0362;0075;0134;0233;0408;0162;0108;0346;0138;0314;0411;0311;0130;0073;0203;0417;0312;0077;0308;0254;0171;0244;0028;0365;0366;0256;
Period 3:
Room No. 0 :0040;0145;0124;0002;0363;0059;0444;0418;0276;0209;0069;0185;0347;0043;0460;0284;0152;0094;0389;0023;0199;0038;0427;0042;0229;0156;0280;0232;0322;0001;0342;0338;0007;0261;0177;0348;0047;0045;
Period 4:
Room No. 0 :0454;0406;0410;0163;0403;0020;0105;0299;0208;0129;0450;0136;0109;0083;0413;0080;0070;0237;0072;0104;0089;0180;0357;0341;0173;
Period 5:
Room No. 0 :0184;0179;0272;0172;0377;0044;0282;0170;0068;0149;0165;0422;0118;0201;0078;0025;0226;0120;0344;0241;0207;0223;0459;0437;0054;0061;0065;0221;0037;0428;0356;0157;0060;0116;0169;0196;0263;0053;0049;0290;
Period 6:
Room No. 0 :0295;0250;0056;0380;0340;0021;0445;0300;0373;0183;0010;0230;0217;0306;0283;0372;0160;0200;0154;0137;0451;0240;0429;0248;0456;0384;0032;0079;0132;0005;0397;0121;0224;0266;
Period 7:
Room No. 0 :0150;0292;0461;0098;0119;0386;0385;0343;
Period 8:
Room No. 0 :0255;0288;0371;0388;0024;0291;0195;0447;0287;0301;0307;0106;0390;0175;0424;0015;0018;0066;0009;0133;0046;0419;0142;0238;0041;0140;0334;
Period 9:
Room No. 0 :0055;0202;0198;0364;0249;0396;0067;0253;0367;0368;0335;0048;
Period 10:
Room No. 0 :0258;0339;0100;0271;
Period 11:
Room No. 0 :0361;0168;0268;0191;0225;0404;0114;0181;0190;0431;0031;0259;0316;0400;0446;0128;
Period 12:
Room No. 0 :0399;0275;0146;0123;0214;0193;0327;0211;0210;0215;0405;0096;0336;0438;0439;0052;0305;0358;
Period 13:
Room No. 0 :0102;0265;0086;0318;0228;
Period 14:
Room No. 0 :0251;0218;0247;0378;0003;0453;0273;0441;0337;0189;0127;0087;0091;0302;0011;0402;0144;
Period 15:
Room No. 0 :0353;0326;0093;0141;0442;0359;0432;0354;0029;0321;0151;0325;0289;0440;0051;0262;0227;0277;0297;0188;0019;0176;0085;0286;
Period 16:
Room No. 0 :0257;0328;0392;0147;0360;0243;0245;0393;0267;0352;
Period 17:
Room No. 0 :0395;0099;0166;0452;0394;
Period 18:
Room No. 0 :0296;0382;0113;0103;0303;0274;0324;0033;0315;0117;0058;0370;0153;
Period 19:
Room No. 0 :0174;0379;0333;0090;0414;0246;0101;0319;0192;0148;0270;0143;0008;0415;0088;0164;0030;0332;0433;0448;
