Period 0:
Room No. 0 :0356;0079;0073;0110;0280;0375;0030;0306;0133;0072;0139;0249;0362;0080;0284;0410;0204;0014;0349;0455;0234;0035;0213;0443;0196;0304;0105;0017;0390;0194;0424;0178;0369;0160;0311;0109;0062;0022;0429;0355;0329;0216;0126;0351;0241;0232;0135;0146;0237;0381;0016;0345;0313;0330;0070;0006;0417;0236;0131;0122;0425;0050;0141;0396;0368;
Period 1:
Room No. 0 :0095;0205;0285;0317;0333;0323;0288;0085;0259;0322;0262;0098;0271;
Period 2:
Room No. 0 :0254;0082;0363;0074;0346;0210;0370;0134;0020;0305;0378;0036;0010;0233;0024;0444;0107;0077;0309;0457;0422;0282;0200;0374;0114;0412;0187;0032;0157;0231;0456;0169;0411;0166;0061;0426;0283;0403;0312;0138;0162;0314;0240;0310;0407;0005;0042;0171;
Period 3:
Room No. 0 :0340;0192;0277;0076;0434;0001;0170;0315;0021;0066;0087;0086;0360;0124;0129;0151;0094;0226;0002;0078;0012;0029;0051;0423;0057;0221;0427;0279;0025;0158;0440;0239;0436;0298;0294;
Period 4:
Room No. 0 :0199;0350;0007;0108;0458;0013;0037;0132;0308;0408;0203;0163;0075;0083;0235;0328;0180;0414;0321;0348;0173;0144;
Period 5:
Room No. 0 :0397;0364;0219;0198;0286;0081;0281;0428;0137;0155;0069;0275;0159;0047;0416;0413;0227;0115;0049;0185;0092;0441;0245;0100;0023;0054;0058;0028;0167;0116;0342;0181;0084;0291;0101;0011;
Period 6:
Room No. 0 :0296;0448;0388;0088;0372;0125;0165;0207;0026;0371;0268;0090;0420;0056;0270;0060;0384;0449;0447;0373;0347;0290;0222;0106;0376;0439;0459;0156;0067;0454;0177;0404;0300;0261;
Period 7:
Room No. 0 :0206;0432;0038;0130;0197;0065;0136;0071;0202;0242;0004;0293;0331;0190;0041;0097;0191;
Period 8:
Room No. 0 :0179;0415;0150;0358;0220;0430;0089;0214;0145;0418;0019;0215;0055;0344;0460;0438;0389;0128;0161;0189;0045;0446;0406;0154;0367;0307;0111;
Period 9:
Room No. 0 :0176;0341;0361;0292;0387;0230;0152;0103;0385;0405;0031;0450;0421;0409;0015;0068;0064;0053;0018;0046;0223;0183;0118;0437;0096;0274;0289;
Period 10:
Room No. 0 :0172;0193;0164;0334;0357;
Period 11:
Room No. 0 :0039;0123;0208;0201;0063;0048;0386;0343;0153;0224;0302;0027;0419;0209;0452;0246;0104;0264;0244;
Period 12:
Room No. 0 :0040;0295;0380;0266;0033;0338;0263;0195;0093;0365;0400;0009;0399;0228;0278;0303;0451;0003;
Period 13:
Room No. 0 :0269;0332;0121;0112;0182;0366;
Period 14:
Room No. 0 :0353;0168;0247;0149;0354;0267;0142;0359;0453;0120;0140;0229;0401;
Period 15:
Room No. 0 :0252;0255;0382;0256;0337;0250;0117;0398;0276;0301;0186;0336;0248;0238;0217;
Period 16:
Room No. 0 :0174;0393;0431;0326;0008;0102;0379;0119;0272;0243;0445;0265;0402;0052;0175;0325;0391;
Period 17:
Room No. 0 :0394;0184;0327;0392;
Period 18:
Room No. 0 :0461;0316;0377;0339;0113;0148;0099;0091;0442;0127;0433;0034;0299;0044;0143;0225;0059;0273;0335;
Period 19:
Room No. 0 :0435;0260;0258;0147;0352;0324;0297;0188;0383;0218;0043;0287;
