Period 0:
Room No. 0 :0286;0003;0368;0006;0417;0163;0029;0402;0382;0151;0221;0458;0204;0373;0130;0421;0351;0177;0052;0289;0011;0213;0446;0355;0072;0102;0262;0079;0071;0126;0241;0438;0299;0118;0216;0105;0087;0426;0218;0138;0285;0412;0122;0350;0456;0433;0237;0305;0234;0043;0136;0381;0199;0159;0048;0329;0155;0308;0037;0065;0401;0280;0345;0311;0223;0314;0109;0110;0407;0290;0165;0086;0183;0324;0333;
Period 1:
Room No. 0 :0016;0369;0050;0022;0408;0330;0236;0403;0411;0178;0443;0349;0203;0095;0205;0039;0461;0001;0091;0327;
Period 2:
Room No. 0 :0391;0348;0460;0246;0362;0370;0015;0106;0283;0242;0390;0425;0129;0075;0195;0066;0082;0156;0160;0374;0047;0036;0235;0346;0124;0063;0139;0070;0060;0313;0428;0077;0135;0309;0062;0282;0310;0017;0014;0312;0396;0049;0450;0416;0007;0332;0269;0437;0042;
Period 3:
Room No. 0 :0008;0397;0230;0307;0244;0405;0389;0459;0392;0093;0127;0274;0240;0055;0343;0074;0012;0379;0023;0181;0441;0427;0081;0162;0034;0457;0108;0133;0027;0038;0336;0424;0376;0080;0284;0344;0190;0261;0147;0316;0278;
Period 4:
Room No. 0 :0279;0004;0198;0232;0410;0158;0191;0061;0220;0045;0197;0131;0083;0064;0386;0264;0266;0168;0084;0018;0171;0415;0217;0288;
Period 5:
Room No. 0 :0380;0414;0404;0315;0140;0142;0455;0031;0420;0117;0239;0186;0053;0161;0153;0097;0328;
Period 6:
Room No. 0 :0252;0255;0359;0238;0208;0398;0069;0169;0250;0076;0021;0248;0123;0078;0453;0009;0363;0429;0233;0304;0409;0132;0025;0281;0201;0423;0454;0157;0301;0249;0137;0196;0383;0440;0419;0334;0275;
Period 7:
Room No. 0 :0435;0259;0113;
Period 8:
Room No. 0 :0353;0320;0222;0148;0100;0111;0231;0365;0068;0032;0145;0418;0026;0206;0372;0116;0323;0035;0321;0384;0451;0445;0112;0375;0347;0134;0194;0154;0358;0337;0101;
Period 9:
Room No. 0 :0164;0253;0254;0388;0207;0219;0056;0256;0019;0364;0024;0200;0306;0202;0073;0010;0449;0371;0013;
Period 10:
Room No. 0 :0184;0293;0378;0276;0094;0335;
Period 11:
Room No. 0 :0211;0166;0125;0212;0143;0210;0406;0302;0170;0422;0444;0107;0447;0020;0005;0057;0067;
Period 12:
Room No. 0 :0292;0295;0214;0430;0339;0150;0225;0215;0298;0322;0051;0439;0442;0030;0367;0046;0059;0119;0098;
Period 13:
Room No. 0 :0247;0296;0144;0352;0089;
Period 14:
Room No. 0 :0173;0265;0366;0431;0243;0229;0400;0041;0096;0228;0175;0436;0356;0104;0054;0176;0272;
Period 15:
Room No. 0 :0395;0394;0152;0277;0300;0058;0340;0448;0033;0189;0188;0393;0099;0360;
Period 16:
Room No. 0 :0040;0357;0193;0268;0354;0341;0114;0270;0413;0092;0227;0297;0128;
Period 17:
Room No. 0 :0377;0452;0258;0263;0209;0103;
Period 18:
Room No. 0 :0174;0002;0361;0115;0331;0271;0149;0044;0121;0192;0432;0291;0185;0028;0303;0226;
Period 19:
Room No. 0 :0318;0385;0167;0267;0120;0319;0399;0245;0260;0338;0387;0088;0146;0090;0085;0294;0342;0224;0434;0273;0187;0287;
