Period 0:
Room No. 0 :0113;0059;0209;0103;0321;0329;0408;0431;0109;0204;0072;0017;0012;0459;0237;0069;0031;0140;0375;0342;0420;0118;0180;0349;0362;0196;0162;0202;0232;0226;0407;0427;0390;0450;0313;0075;0387;0338;0133;0062;0081;0047;0139;0347;0060;0374;0157;0401;0240;0442;0355;0022;0370;0198;0080;0046;0348;0122;0330;0411;0004;0130;0443;0457;0412;0305;0016;0110;0403;0126;0369;0159;0050;0038;0136;0216;0234;0006;0236;0284;0312;0266;0278;0239;0096;0385;0218;
Period 1:
Room No. 0 :0178;0083;0381;0095;0206;0205;0308;0280;0070;0285;0310;0106;0456;0320;0380;0295;0112;0341;0111;0274;0263;0291;
Period 2:
Room No. 0 :0174;0207;0127;0327;0094;0033;0061;0389;0176;0008;0148;0363;0298;0195;0053;0063;0421;0035;0052;0073;0458;0048;0314;0165;0446;0164;0154;0436;0241;0028;
Period 3:
Room No. 0 :0293;0024;0066;0372;0384;0163;0125;0065;0078;0428;0076;0194;0197;0235;0231;0108;0423;0410;0460;0138;0335;0037;0376;0344;0351;0249;0129;0283;0068;0074;0213;0373;0345;0045;0311;0135;0396;0055;0242;
Period 4:
Room No. 0 :0326;0461;0092;0366;0414;0413;0041;0150;
Period 5:
Room No. 0 :0397;0245;0099;0181;0003;0023;0287;0124;0167;0452;0056;0054;0286;0306;0011;0161;0307;0371;0079;0199;0221;0404;0432;0225;0147;0422;0188;0455;0440;0267;0171;0261;
Period 6:
Room No. 0 :0032;0343;0184;0040;0315;0271;0153;0217;0447;0064;0400;0402;0082;0201;0448;0454;0025;0114;0107;0158;0123;0169;0049;0005;0160;0233;0170;0134;0077;0429;0356;0304;0067;0042;0100;0141;
Period 7:
Room No. 0 :0378;0224;0336;0346;0009;0018;0425;0309;0071;0036;0244;0121;0365;0417;0262;0145;0228;0377;
Period 8:
Room No. 0 :0264;0317;0115;0152;0090;0325;0166;0337;0030;0084;0288;0273;0246;0200;0433;0219;0203;0282;0027;0015;0007;0155;0409;0086;0137;0131;0105;0208;0116;0132;0185;0438;0259;
Period 9:
Room No. 0 :0212;0210;0243;0357;0187;0014;0034;0453;0281;0364;0426;0230;0350;0302;0020;0424;0186;0098;0419;0043;0156;0057;
Period 10:
Room No. 0 :0173;0354;0328;0214;0097;0119;0316;
Period 11:
Room No. 0 :0044;0146;0392;0399;0393;0332;0220;0275;0279;0437;0223;0416;0367;0013;0120;0406;0238;0182;0029;0359;0088;0183;0294;0451;0260;0418;0019;
Period 12:
Room No. 0 :0151;0177;0168;0247;0386;0360;0277;0248;0415;0398;
Period 13:
Room No. 0 :0252;0254;
Period 14:
Room No. 0 :0395;0388;0270;0191;0058;0149;0394;0449;0010;0340;0104;0300;0143;
Period 15:
Room No. 0 :0144;0250;0323;0333;0093;0192;0379;0229;0215;0301;0272;0128;0439;0441;0322;0222;0405;0358;0026;
Period 16:
Room No. 0 :0268;0089;0334;0319;0290;0382;0445;0085;0299;0276;0391;0117;0193;0102;0227;
Period 17:
Room No. 0 :0269;0051;0251;0339;0361;
Period 18:
Room No. 0 :0265;0258;0087;0001;0331;0002;0091;0297;0142;0444;0303;0021;0190;0189;0101;0434;
Period 19:
Room No. 0 :0255;0292;0257;0289;0368;0324;0383;0256;0352;0175;0430;
