Period 0:
Room No. 0 :0196;0126;0221;0239;0031;0237;0447;0411;0307;0323;0150;0316;0167;0280;0095;0118;0157;0431;0381;0097;0180;0067;0137;0314;0058;0425;0417;0391;0082;0240;0460;0134;0347;0370;0170;0066;0301;0077;0164;0016;0376;0009;0064;0284;0202;0369;0005;0355;0428;0456;0374;0110;0047;0088;0107;0006;0421;0070;0017;0449;0169;0022;0232;0329;0205;0423;0084;0190;0244;0226;0204;0178;0443;0049;0050;0116;0262;0138;0412;0145;0062;0403;0037;0404;0333;0330;0135;0216;0312;0408;0159;0249;0401;0165;0285;0075;0310;0122;0198;0345;0160;0436;0234;0236;0358;0171;
Period 1:
Room No. 0 :
Period 2:
Room No. 0 :0199;0327;0214;0279;0351;0268;0188;0410;0055;0218;0372;0427;0044;0186;0100;0176;0125;0309;0054;0432;0210;0053;0060;0158;0046;0245;0115;0087;0065;0209;0035;0455;0346;0375;0368;0083;0356;0349;0061;0020;0162;0420;
Period 3:
Room No. 0 :0172;0275;0377;0348;0379;0124;0032;0409;0042;0332;0246;0021;0069;0148;0299;0389;0305;0457;0308;0426;0364;0081;0200;0106;0437;0224;0413;0191;0281;0043;0365;0242;0004;0371;0206;0181;0129;0132;0007;0045;0418;0012;0453;0350;0276;0203;0213;0161;0038;0367;0155;0109;0025;0311;0183;0139;0313;0231;0407;0072;0233;0080;
Period 4:
Room No. 0 :0207;0173;
Period 5:
Room No. 0 :0052;0217;0111;0429;0230;0294;0384;0071;0201;0373;0362;0458;0003;0078;0302;0011;0380;0074;0282;0424;0130;0108;0208;0076;0163;0156;0063;0036;0131;0419;0235;0212;
Period 6:
Room No. 0 :0324;0320;0290;0335;0147;0415;0272;0023;0182;0103;0166;0263;0034;0112;0229;0445;0286;0197;0459;0363;0451;0422;0344;0079;0105;0013;0056;0241;0283;0136;0378;0073;0010;0306;0154;0133;0187;0194;0015;0027;
Period 7:
Room No. 0 :
Period 8:
Room No. 0 :0251;0271;0340;0392;0102;0141;0152;0089;0388;0024;0438;0128;0297;0454;0440;0219;0193;0406;0220;0059;0019;0175;0068;0225;0303;0195;0143;
Period 9:
Room No. 0 :0252;0270;0339;0256;0382;0448;0099;0315;0033;0238;0336;0014;0416;0390;0298;0450;0096;0057;0185;0117;0114;0304;0439;
Period 10:
Room No. 0 :
Period 11:
Room No. 0 :0211;0326;0092;0274;0352;0144;0101;0127;0325;0361;0442;0028;0223;0300;0405;0192;0048;0278;
Period 12:
Room No. 0 :0293;0430;0090;0331;0292;0215;0273;0149;0289;0444;0026;0433;0383;0189;0018;
Period 13:
Room No. 0 :
Period 14:
Room No. 0 :0354;0179;0113;0119;0287;0153;0359;0142;0140;0104;0265;0288;0400;0029;0441;0184;0402;0051;
Period 15:
Room No. 0 :0168;0387;0247;0151;0177;0398;0120;0277;0248;0123;0385;0227;
Period 16:
Room No. 0 :0255;0253;0250;0222;
Period 17:
Room No. 0 :
Period 18:
Room No. 0 :0040;0317;0342;0260;0008;0322;0146;0094;0001;0267;0334;0030;
Period 19:
Room No. 0 :0174;0091;0041;0393;0341;0360;0002;0266;0446;
Period 20:
Room No. 0 :
Period 21:
Room No. 0 :0254;0357;0291;0261;
Period 22:
Room No. 0 :0098;0258;0399;0337;0366;0086;0269;0434;0264;
Period 23:
Room No. 0 :
Period 24:
Room No. 0 :0295;0228;0121;0397;0452;0338;0321;
Period 25:
Room No. 0 :0319;0353;0414;0343;0085;
Period 26:
Room No. 0 :0257;
Period 27:
Room No. 0 :0318;0328;0243;0259;
Period 28:
Room No. 0 :0396;0394;
Period 29:
Room No. 0 :
Period 30:
Room No. 0 :0461;0039;0386;
Period 31:
Room No. 0 :0296;0093;
Period 32:
Room No. 0 :0435;
Period 33:
Room No. 0 :
Period 34:
Room No. 0 :0395;
