Period 0:
Room No. 0 :0086;0017;0460;0417;0170;0148;0033;0106;0016;0405;0309;0058;0400;0111;0423;0389;0141;0193;0323;0443;0349;0120;0350;0310;0337;0089;0104;0242;0038;0426;0050;0456;0022;0072;0195;0230;0067;0361;0367;0375;0019;0137;0197;0312;0138;0283;0204;0305;0012;0369;0061;0354;0276;0441;0205;0132;0159;0156;0027;0065;0249;0232;0262;0083;0126;0118;0131;0075;0007;0421;0047;0070;0433;0351;0447;0374;0314;0410;0080;0237;0234;0381;0330;0160;0084;0178;0285;0006;0224;0171;0329;0122;0322;0062;0221;0109;0297;0081;0049;0053;0095;0116;0110;0216;0345;0439;0275;0355;
Period 1:
Room No. 0 :
Period 2:
Room No. 0 :0251;0088;0030;0051;0149;0185;0287;0100;0346;0124;0077;0189;0013;0055;0003;0074;0373;0267;0429;0018;0199;0384;0162;0404;0358;0303;0343;0239;0213;0282;0139;0280;0064;0376;0037;0370;0308;0444;0078;0424;0271;0135;0217;0133;0198;0009;0409;0101;0136;0380;0225;0450;0071;0311;0412;0046;0233;0425;0459;0454;0203;0348;0313;0155;0236;0105;
Period 3:
Room No. 0 :0258;0263;0365;0028;0145;0452;0302;0214;0024;0401;0219;0432;0114;0359;0209;0194;0188;0420;0036;0153;0056;0347;0068;0032;0015;0191;0060;0097;0154;0335;0043;0324;0202;0161;0130;0284;0408;0368;0076;0402;0134;0407;0196;0304;
Period 4:
Room No. 0 :0108;0403;0128;0411;0428;0235;
Period 5:
Room No. 0 :0393;0353;0326;0021;0152;0325;0059;0227;0362;0201;0360;0142;0273;0294;0364;0029;0087;0098;0418;0157;0045;0069;0416;0286;0437;0279;0163;0307;0449;0222;0014;0025;0082;0458;0457;0298;0240;0129;0231;
Period 6:
Room No. 0 :0212;0243;0210;0342;0215;0372;0207;0379;0054;0438;0186;0102;0187;0020;0371;0175;0052;0035;0419;0063;0004;0344;0158;0427;0281;
Period 7:
Room No. 0 :0079;0073;
Period 8:
Room No. 0 :0413;0180;0151;0334;0261;0117;0319;0002;0183;0277;0290;0023;0356;0218;0121;0391;0390;0300;0226;0442;0034;0223;0042;0048;0011;0440;0057;0169;0246;0455;0005;0066;0241;0107;
Period 9:
Room No. 0 :0461;0320;0245;0399;0366;0336;0288;0272;0044;0123;0228;0090;0229;0206;0451;0220;0115;0140;0010;0422;0306;0200;
Period 10:
Room No. 0 :
Period 11:
Room No. 0 :0435;0244;0165;0289;0264;0164;0260;0031;0383;0338;0278;0127;0269;0453;0299;0208;0363;0406;
Period 12:
Room No. 0 :0174;0327;0430;0266;0112;0415;0094;0008;0176;0378;0143;0448;0026;
Period 13:
Room No. 0 :
Period 14:
Room No. 0 :0252;0398;0257;0255;0315;0256;
Period 15:
Room No. 0 :0039;0341;0265;0316;0177;0091;0099;0385;0166;0446;0301;0125;0436;0146;0434;
Period 16:
Room No. 0 :0394;0184;0333;0147;0103;0096;0357;0248;0445;0274;0332;0238;
Period 17:
Room No. 0 :
Period 18:
Room No. 0 :0040;0295;0150;0387;0331;0093;0388;0291;0041;
Period 19:
Room No. 0 :0182;0211;0328;0270;0382;0092;0268;
Period 20:
Room No. 0 :
Period 21:
Room No. 0 :0318;0113;0340;0386;0144;0431;0119;
Period 22:
Room No. 0 :0172;0179;0192;0001;0392;
Period 23:
Room No. 0 :
Period 24:
Room No. 0 :0247;0296;0352;
Period 25:
Room No. 0 :0253;0250;0254;
Period 26:
Room No. 0 :
Period 27:
Room No. 0 :0317;0259;0167;0339;0085;
Period 28:
Room No. 0 :0168;0190;0181;0414;0377;
Period 29:
Room No. 0 :
Period 30:
Room No. 0 :0395;0397;
Period 31:
Room No. 0 :0293;0292;
Period 32:
Room No. 0 :0396;
Period 33:
Room No. 0 :
Period 34:
Room No. 0 :0173;0321;
