Period 0:
Room No. 0 :0189;0406;0146;0126;0235;0409;0424;0282;0381;0289;0122;0086;0106;0022;0387;0347;0200;0283;0225;0160;0275;0084;0077;0063;0205;0031;0337;0412;0110;0440;0006;0132;0425;0070;0376;0038;0141;0169;0157;0078;0188;0181;0206;0130;0204;0294;0131;0429;0140;0443;0202;0314;0223;0451;0416;0017;0055;0109;0073;0171;0285;0004;0355;0312;0075;0234;0216;0061;0178;0139;0062;0310;0050;0436;0196;0370;0369;0419;0236;0457;0161;0345;0053;0330;0012;0016;0114;0385;0167;0322;0097;0125;
Period 1:
Room No. 0 :0083;0329;0095;0379;0342;0119;0334;0317;
Period 2:
Room No. 0 :0254;0256;0366;0170;0281;0422;0112;0108;0072;0162;0054;0273;0007;0237;0049;0371;0028;0197;0426;0309;0411;0460;0389;0240;0374;0305;0221;0024;0231;0304;0137;0134;0159;0191;0244;0080;0065;0232;0375;0365;0403;0249;0037;0417;0071;0313;0454;0138;0407;0155;0408;0198;0009;0351;0453;0081;0135;
Period 3:
Room No. 0 :0438;0104;0015;0105;0390;0284;0180;0003;0380;0336;0173;0455;0233;0136;0279;0308;0014;0350;0427;0311;0158;0217;0079;0163;0066;0410;0036;0010;0208;0129;0203;0213;0064;0349;0362;0348;0212;0047;0020;0043;0301;0431;0288;
Period 4:
Room No. 0 :0172;0246;0386;0151;0179;
Period 5:
Room No. 0 :0107;0447;0372;0458;0201;0042;0373;0045;0280;0074;0346;0428;0068;0076;0456;0035;0242;0384;0435;0264;0269;0262;0444;0120;0361;0354;0019;0175;0299;0400;0418;0321;0123;0101;0413;
Period 6:
Room No. 0 :0243;0306;0220;0001;0230;0219;0215;0051;0111;0021;0459;0025;0297;0241;0013;0199;0207;0067;0133;0423;0029;0082;0421;0154;0174;0093;0441;0325;0265;0186;
Period 7:
Room No. 0 :0401;0168;0307;0344;0291;0166;0182;0142;
Period 8:
Room No. 0 :0268;0040;0226;0261;0296;0270;0224;0324;0032;0367;0124;0023;0404;0185;0287;0363;0069;0194;0420;0092;0352;0448;0018;0011;0383;0218;0100;
Period 9:
Room No. 0 :0461;0247;0364;0156;0026;0060;0396;0450;
Period 10:
Room No. 0 :0087;0377;0326;0152;0414;0143;0378;0094;0274;0193;
Period 11:
Room No. 0 :0395;0393;0394;0398;0034;0099;0360;0343;0187;0300;0048;0391;0058;0118;0449;0147;0183;0402;
Period 12:
Room No. 0 :0113;0267;0331;0399;0316;0263;0315;0358;0445;0044;0227;0176;0271;0195;0437;0052;0005;0027;0096;0430;0117;0214;0239;
Period 13:
Room No. 0 :0211;0353;0210;0102;0323;0088;
Period 14:
Room No. 0 :0257;0252;0415;0392;0339;0116;0277;0059;0439;0148;
Period 15:
Room No. 0 :0293;0292;0328;0266;0357;0290;0192;0144;0452;0286;0228;0030;0103;0356;0128;0433;0405;0165;0278;
Period 16:
Room No. 0 :0039;0341;0041;0115;0002;0245;0091;0177;0222;0302;0442;0432;0056;0229;0046;0359;0145;0209;0153;
Period 17:
Room No. 0 :0150;0008;0258;0164;0338;0260;0121;0190;
Period 18:
Room No. 0 :0089;0295;0085;0098;0259;0332;0319;0382;0318;0434;0303;0238;0446;0033;0333;0272;0149;
Period 19:
Room No. 0 :0250;0397;0253;0127;0388;0298;0184;0057;0368;0090;0248;0276;0335;
