Period 0:
Room No. 0 :0272;0040;0106;0229;0310;0208;0013;0312;0241;0189;0423;0065;0408;0131;0236;0347;0128;0082;0015;0440;0406;0109;0200;0403;0454;0204;0284;0186;0050;0071;0163;0443;0104;0417;0122;0234;0349;0330;0374;0147;0429;0033;0135;0158;0137;0285;0042;0018;0309;0411;0304;0425;0413;0037;0363;0139;0421;0280;0012;0077;0073;0298;0045;0196;0232;0369;0351;0355;0092;0188;0047;0126;0412;0075;0356;0329;0237;0222;0313;0345;0072;0053;0438;0022;0110;0178;0216;0016;0095;0205;0381;0006;0343;0365;0378;0003;0263;
Period 1:
Room No. 0 :0265;0179;0366;0172;
Period 2:
Room No. 0 :0174;0136;0127;0079;0161;0010;0070;0409;0220;0198;0083;0024;0311;0428;0105;0286;0242;0157;0202;0300;0460;0063;0130;0283;0362;0456;0373;0376;0061;0020;0159;0350;0035;0074;0133;0138;0080;0235;0197;0062;0160;0027;0348;0048;0314;0253;0420;0276;0453;0054;0167;0249;0288;
Period 3:
Room No. 0 :0250;0245;0359;0248;0324;0275;0191;0239;0107;0056;0410;0162;0240;0068;0030;0399;0407;0364;0281;0389;0439;0459;0081;0132;0060;0156;0036;0046;0426;0064;0141;0335;0088;0011;0231;0203;0308;0129;0450;0233;0206;0181;0066;0457;0367;0449;0190;0090;0007;0125;
Period 4:
Room No. 0 :0251;0339;0152;0247;
Period 5:
Room No. 0 :0039;0337;0215;0379;0442;0302;0145;0402;0051;0052;0306;0026;0447;0323;0169;0424;0067;0123;0458;0078;0307;0305;0201;0375;0282;0177;0134;0043;0170;0371;0213;0155;0038;0427;0076;0221;0017;0091;0321;0099;0385;
Period 6:
Room No. 0 :0184;0168;0002;0360;0261;0267;0273;0001;0055;0069;0219;0108;0146;0422;0384;0405;0116;0279;0194;0226;0176;0023;0316;0084;0224;0431;0400;0120;0391;
Period 7:
Room No. 0 :0344;0173;0180;0452;0121;0319;0259;
Period 8:
Room No. 0 :0257;0112;0352;0333;0085;0268;0332;0430;0227;0415;0019;0277;0143;0175;0199;0025;0049;0014;0390;0436;0009;0154;0418;0383;0111;
Period 9:
Room No. 0 :0361;0211;0144;0326;0266;0441;0098;0192;0325;0225;0455;0195;0346;0058;0210;
Period 10:
Room No. 0 :0397;0394;0244;0340;0150;0093;0377;
Period 11:
Room No. 0 :0089;0295;0392;0341;0005;0041;0021;0393;0271;0301;0183;0057;0102;0432;0034;0380;0118;0358;0448;
Period 12:
Room No. 0 :0293;0296;0256;0290;0289;0357;0097;0270;0185;0292;0372;0059;0404;0230;0419;0433;0031;0445;
Period 13:
Room No. 0 :0331;0354;0461;0087;0086;0148;0166;0322;0094;
Period 14:
Room No. 0 :0269;0044;0437;0396;0246;0004;0207;0370;0223;0124;
Period 15:
Room No. 0 :0252;0228;0193;0117;0303;0398;0103;0315;0338;0217;0274;0032;0368;0416;0114;0096;0382;0451;0153;0238;
Period 16:
Room No. 0 :0212;0388;0342;0187;0260;0182;0243;0320;0287;
Period 17:
Room No. 0 :0255;0386;0334;0264;0414;0171;
Period 18:
Room No. 0 :0113;0317;0119;0327;0262;0297;0387;0151;0291;0294;0434;0446;0029;0100;0218;
Period 19:
Room No. 0 :0258;0435;0142;0164;0008;0214;0115;0140;0278;0149;0336;0165;0209;0299;0401;0101;0444;0028;
