Period 0:
Room No. 0 :0055;0230;0098;0076;0041;0520;0027;0109;0336;0519;0150;0490;0352;0302;0484;0090;0404;0380;0554;0299;0092;0432;0180;0635;0312;0274;0506;0045;0622;0270;0468;0563;0006;0570;0595;0574;0544;0009;0471;0179;0029;0014;0306;0558;0573;0578;0633;0526;0192;0637;0562;0434;0110;0583;0085;0620;0422;0492;0518;0568;0343;0131;0560;0241;0561;0193;0598;0089;0345;0070;
Period 1:
Room No. 0 :0209;0004;
Period 2:
Room No. 0 :0517;0042;0013;0229;0264;0083;0584;0066;0197;0374;0240;0002;0525;0318;0493;0388;0553;0060;0331;0433;0391;0315;0426;0344;0607;0565;0182;0236;0575;0576;0546;0599;0097;0379;0409;0043;0243;0577;0634;0300;0636;0397;0245;0170;0332;0547;0571;0548;0564;0143;0489;
Period 3:
Room No. 0 :0267;0206;0407;0135;0075;0081;0272;0533;0630;0415;0001;0351;0387;0600;0273;0488;0339;0198;0144;0442;0611;0417;0542;0325;0036;0486;0619;0425;0235;0353;0429;0301;0313;0073;0224;0585;0346;0512;0569;0020;0234;0178;0047;0303;
Period 4:
Room No. 0 :0363;0202;0052;
Period 5:
Room No. 0 :0214;0509;0133;0116;0448;0159;0608;0015;0440;0534;0242;0466;0200;0238;0423;0044;0082;0111;0435;0225;0357;0338;0046;0028;0337;0483;0385;0059;0401;0296;0106;
Period 6:
Room No. 0 :0389;0168;0307;0123;0174;0613;0265;0293;0381;0163;0541;0507;0222;0627;0416;0244;0482;0237;0152;0551;0166;0579;0618;
Period 7:
Room No. 0 :0461;0186;
Period 8:
Room No. 0 :0248;0093;0294;0201;0505;0040;0503;0592;0629;0321;0149;0582;0122;0291;0350;0460;0587;0007;0282;0355;0226;0631;0443;0543;0295;0232;0167;0326;0638;0572;0148;0322;0069;
Period 9:
Room No. 0 :0191;0516;0623;0252;0501;0031;0169;0084;0217;0556;0118;0614;0479;0437;0457;0275;0127;0038;0308;0289;0552;0430;0354;0096;0414;0165;0382;0615;0566;0609;0540;
Period 10:
Room No. 0 :0602;0189;0161;
Period 11:
Room No. 0 :0035;0049;0268;0612;0071;0408;0207;0290;0128;0475;0580;0539;0594;0184;0515;0276;0072;0048;0335;0581;0231;0177;0478;0080;
Period 12:
Room No. 0 :0016;0477;0586;0277;0260;0094;0446;0496;0610;0112;0162;0145;0495;0323;0537;0377;0508;0221;0153;0105;0037;0424;0470;
Period 13:
Room No. 0 :0175;0364;0406;
Period 14:
Room No. 0 :0255;0032;0444;0383;0211;0605;0412;0054;0095;0155;0304;0196;0190;0474;0146;0349;0545;0262;0522;0137;0555;0319;0491;
Period 15:
Room No. 0 :0142;0091;0025;0269;0375;0213;0010;0330;0405;0589;0449;0239;0500;0453;0386;0280;0058;0219;0439;0358;0359;0309;
Period 16:
Room No. 0 :0247;0476;0160;0250;0396;0223;0278;0061;0068;0034;0078;0194;0398;0329;0456;0485;0246;0342;
Period 17:
Room No. 0 :0531;0356;0113;0173;
Period 18:
Room No. 0 :0136;0063;0465;0259;0421;0099;0077;0067;0287;0347;0298;0567;0021;0366;0441;0481;0402;
Period 19:
Room No. 0 :0104;0157;0463;0249;0340;0451;0510;0124;0373;0418;0384;0628;0559;0317;0420;0410;0203;
Period 20:
Room No. 0 :0499;0369;0171;0261;
Period 21:
Room No. 0 :0604;0030;0593;0263;0156;0172;0399;0220;0625;0472;0376;0053;0438;
Period 22:
Room No. 0 :0459;0120;0187;0188;0185;0624;0284;0154;0218;0371;0550;0026;0087;0086;0079;0324;0390;0513;0428;
Period 23:
Room No. 0 :0411;0050;0257;0305;
Period 24:
Room No. 0 :0549;0367;0462;0535;0208;0597;0348;0205;0039;0271;0316;0487;0427;
Period 25:
Room No. 0 :0524;0497;0147;0370;0523;0126;0601;0003;0283;0557;0450;0328;0413;0469;0130;
Period 26:
Room No. 0 :0314;0467;0088;0251;
Period 27:
Room No. 0 :0603;0132;0258;0107;0529;0119;0158;0139;0286;0019;0606;0334;
Period 28:
Room No. 0 :0320;0227;0447;0140;0129;0056;0017;0436;0233;0616;0378;
Period 29:
Room No. 0 :0362;0498;0403;0530;
Period 30:
Room No. 0 :0452;0393;0210;0333;0511;0065;0115;0254;0419;0033;0199;0327;
Period 31:
Room No. 0 :0596;0256;0008;0431;0281;0455;0215;0473;0454;0311;0395;0138;0285;0164;0480;0103;0632;0591;
Period 32:
Room No. 0 :0588;0368;0114;0502;0292;0445;0018;0514;0195;
Period 33:
Room No. 0 :0365;0012;0151;0204;0458;
Period 34:
Room No. 0 :0024;0134;0125;0266;0279;0617;0621;
Period 35:
Room No. 0 :0528;0005;0064;0253;0176;0532;0464;0074;0057;0117;0521;0288;0183;
Period 36:
Room No. 0 :0212;0360;
Period 37:
Room No. 0 :0101;0394;0141;0022;0121;0538;0310;0590;0400;0341;0372;0297;0216;0181;0504;
