Period 0:
Room No. 0 :0635;0236;0381;0406;0511;0034;0054;0620;0193;0433;0170;0274;0302;0078;0533;0469;0244;0389;0493;0319;0007;0554;0343;0344;0631;0486;0526;0370;0566;0329;0432;0563;0240;0543;0575;0553;0316;0231;0572;0517;0426;0029;0574;0009;0041;0548;0565;0020;0043;0442;0126;0607;0483;0385;0241;0183;0290;0205;0490;0301;0571;0111;0180;0300;0332;0092;0492;0262;0330;0085;0434;0017;0199;0203;
Period 1:
Room No. 0 :0494;0528;0093;
Period 2:
Room No. 0 :0058;0354;0047;0036;0515;0200;0618;0178;0546;0583;0441;0339;0237;0633;0576;0196;0561;0218;0242;0637;0326;0518;0522;0547;0578;0568;0137;0352;0222;0045;0165;0192;0338;0461;0006;0014;0071;0397;0551;0341;0390;0473;0283;0273;0145;0056;
Period 3:
Room No. 0 :0388;0016;0140;0405;0156;0003;0091;0308;0306;0037;0282;0197;0508;0235;0591;0622;0028;0351;0634;0478;0130;0545;0033;0318;0291;0331;0021;0582;0312;0577;0544;0201;0570;0424;0573;0353;0359;0380;0636;0468;0182;0615;0082;0234;0562;0131;0219;
Period 4:
Room No. 0 :0499;0012;0070;0083;
Period 5:
Room No. 0 :0030;0158;0129;0208;0072;0471;0410;0325;0109;0080;0534;0333;0002;0557;0238;0261;0270;0595;0031;0350;0230;0042;0245;0044;0485;0176;0465;0581;
Period 6:
Room No. 0 :0460;0263;0307;0420;0431;0610;0314;0077;0376;0337;0059;0298;0627;0336;0506;0482;0027;0552;0569;0355;0443;0436;0299;0558;0328;0107;
Period 7:
Room No. 0 :0023;0125;0141;0537;
Period 8:
Room No. 0 :0228;0064;0189;0564;0450;0254;0232;0488;0346;0277;0048;0373;0585;0425;0512;0243;0053;0560;0440;0154;
Period 9:
Room No. 0 :0133;0010;0117;0531;0293;0401;0105;0449;0423;0155;0295;0489;0177;0619;0074;0386;0456;0414;0152;0422;0215;0139;0322;0379;
Period 10:
Room No. 0 :0588;0368;
Period 11:
Room No. 0 :0257;0451;0104;0455;0464;0157;0124;0309;0025;0402;0345;0335;0148;0239;0144;0015;0040;0519;0417;0377;0226;
Period 12:
Room No. 0 :0050;0127;0612;0457;0260;0509;0400;0559;0088;0258;0541;0599;0586;0166;0225;0315;0112;0579;0046;0416;0349;
Period 13:
Room No. 0 :0393;0502;0136;0013;
Period 14:
Room No. 0 :0168;0305;0617;0116;0525;0069;0542;0186;0265;0173;0348;0259;0435;0584;0413;0221;0194;
Period 15:
Room No. 0 :0248;0408;0500;0626;0128;0217;0018;0149;0363;0098;0289;0421;0327;0081;0556;0075;0264;0246;0484;0611;0470;0592;0491;0087;0276;0224;0600;
Period 16:
Room No. 0 :0255;0256;0135;0067;0008;0119;0638;0095;0278;0366;0454;0321;0060;0038;0538;0188;
Period 17:
Room No. 0 :0394;0629;0320;0459;0384;0624;
Period 18:
Room No. 0 :0171;0272;0467;0392;0516;0220;0288;0022;0437;0185;0304;0122;0594;0487;0160;
Period 19:
Room No. 0 :0052;0360;0621;0395;0495;0179;0513;0419;0372;0446;0280;0123;0427;0521;0580;0019;0429;0163;0084;0540;0409;0090;0223;0167;
Period 20:
Room No. 0 :0361;0209;0121;0151;
Period 21:
Room No. 0 :0477;0623;0150;0252;0479;0447;0118;0378;0324;0057;0630;0514;0275;0475;0501;0481;0608;0438;0550;
Period 22:
Room No. 0 :0227;0403;0597;0453;0382;0161;0444;0066;0296;0147;0613;0374;0439;0474;0387;0089;0086;0347;0292;
Period 23:
Room No. 0 :0210;0174;0311;0452;
Period 24:
Room No. 0 :0362;0604;0625;0267;0411;0342;0598;0605;0567;0334;0303;0415;0323;0313;0532;0616;
Period 25:
Room No. 0 :0497;0005;0051;0407;0365;0448;0097;0606;0207;0001;0286;0601;
Period 26:
Room No. 0 :0204;0536;0310;
Period 27:
Room No. 0 :0250;0110;0356;0510;0249;0398;0138;0076;0032;0466;0294;0428;0587;0181;0206;0590;0520;0233;
Period 28:
Room No. 0 :0100;0284;0101;0399;0099;0418;0216;0609;0504;0530;0159;0445;
Period 29:
Room No. 0 :0024;0108;0134;
Period 30:
Room No. 0 :0132;0462;0266;0340;0253;0106;0375;0287;0153;
Period 31:
Room No. 0 :0549;0476;0589;0190;0268;0412;0367;0214;0503;0430;0061;0026;0357;0480;0039;0297;0195;0184;0391;0317;
Period 32:
Room No. 0 :0596;0212;0535;0383;0496;0065;0507;0162;0198;0063;0472;0279;0164;0632;0505;
Period 33:
Room No. 0 :0371;0269;0211;0049;0175;
Period 34:
Room No. 0 :0247;0529;0603;0146;0114;0068;0458;0396;0143;0213;
Period 35:
Room No. 0 :0527;0369;0169;0120;0172;0281;0103;0539;0285;0555;0073;0271;
Period 36:
Room No. 0 :0142;0524;0404;
Period 37:
Room No. 0 :0187;0602;0523;0055;0593;0079;0115;0358;0096;0628;0094;0614;
