Period 0:
Room No. 0 :0255;0470;0061;0173;0389;0519;0516;0270;0535;0026;0522;0159;0425;0045;0230;0433;0575;0625;0241;0232;0318;0566;0383;0047;0548;0388;0180;0405;0493;0430;0634;0492;0584;0569;0547;0554;0193;0490;0607;0059;0236;0089;0009;0638;0131;0306;0355;0344;0300;0571;0343;0192;0560;0577;0636;0345;0299;0302;0036;0170;0578;0274;0081;0115;0484;0088;0195;0002;
Period 1:
Room No. 0 :0187;0392;
Period 2:
Room No. 0 :0129;0333;0331;0304;0591;0070;0085;0041;0558;0358;0057;0293;0243;0143;0620;0454;0237;0581;0483;0489;0599;0505;0225;0312;0308;0033;0197;0561;0443;0633;0339;0573;0245;0152;0240;0028;0379;0043;0637;0570;0563;0574;0231;0338;0562;0029;0572;0429;0404;0452;0112;
Period 3:
Room No. 0 :0279;0509;0051;0403;0309;0186;0565;0200;0048;0491;0215;0385;0481;0446;0053;0326;0611;0234;0182;0352;0238;0071;0037;0177;0082;0440;0148;0014;0413;0222;0374;0007;0092;0589;0313;0163;0502;0301;0262;
Period 4:
Room No. 0 :0533;0024;
Period 5:
Room No. 0 :0363;0223;0307;0154;0284;0515;0008;0395;0464;0042;0582;0273;0020;0015;0442;0194;0618;0329;0165;0330;0414;0471;0181;0319;0350;0360;0178;0426;0545;0553;0353;0337;0336;0290;0001;0506;0518;0495;0520;
Period 6:
Room No. 0 :0146;0252;0265;0477;0401;0447;0218;0474;0072;0121;0324;0585;0359;0199;0482;0377;0422;0514;0417;0239;0291;0501;0439;0242;0434;0420;0380;0046;0631;0144;0606;0322;0321;0090;0552;0628;0576;0432;0526;
Period 7:
Room No. 0 :0004;
Period 8:
Room No. 0 :0172;0494;0211;0124;0455;0099;0149;0610;0013;0064;0487;0096;0468;0311;0328;0543;0517;0410;0244;0373;0600;0078;0396;0592;0354;0263;0568;0166;
Period 9:
Room No. 0 :0113;0171;0139;0261;0369;0185;0298;0221;0499;0465;0076;0567;0488;0282;0449;0317;0402;0594;0044;0060;0534;0235;0332;0635;0346;0508;0629;
Period 10:
Room No. 0 :0118;0010;0133;
Period 11:
Room No. 0 :0100;0253;0463;0295;0105;0005;0122;0323;0632;0530;0608;0156;0544;0551;0167;0341;0583;0021;0504;0294;0351;0040;0226;0335;
Period 12:
Room No. 0 :0229;0281;0140;0626;0375;0271;0049;0289;0233;0580;0087;0409;0542;0107;0615;0164;0397;0421;0316;0559;0525;0424;
Period 13:
Room No. 0 :0203;0104;
Period 14:
Room No. 0 :0498;0467;0305;0116;0511;0381;0075;0039;0184;0541;0325;0387;0538;0266;0630;0486;0162;0428;0376;0130;
Period 15:
Room No. 0 :0052;0214;0101;0510;0119;0260;0065;0614;0466;0357;0564;0390;0418;0586;0086;0277;0128;0349;0435;0521;0546;0595;0198;0386;
Period 16:
Room No. 0 :0500;0147;0597;0453;0079;0372;0280;0619;0399;0091;0145;0080;0006;0084;0038;0220;0445;0444;
Period 17:
Room No. 0 :0035;0202;
Period 18:
Room No. 0 :0168;0174;0478;0411;0110;0605;0532;0473;0286;0050;0513;0157;0098;0485;
Period 19:
Room No. 0 :0150;0254;0011;0191;0458;0557;0507;0103;0003;0437;0259;0540;0111;0479;0469;0095;0031;0342;0058;
Period 20:
Room No. 0 :0310;0523;0208;0612;
Period 21:
Room No. 0 :0142;0114;0063;0609;0347;0077;0276;0287;0497;0416;0460;0067;0275;0179;0415;0032;0475;0579;
Period 22:
Room No. 0 :0093;0102;0448;0412;0201;0278;0590;0224;0153;0106;0176;0126;0472;0438;0019;0598;0027;0285;0183;
Period 23:
Room No. 0 :0246;0462;0247;0476;
Period 24:
Room No. 0 :0212;0549;0365;0283;0370;0151;0205;0272;0034;0109;0017;0398;0117;0327;0348;0137;0436;
Period 25:
Room No. 0 :0362;0125;0361;0158;0622;0213;0378;
Period 26:
Room No. 0 :0257;0603;0616;0175;
Period 27:
Room No. 0 :0204;0536;0528;0391;0457;0384;0382;0155;0288;0427;0196;0073;0069;0315;
Period 28:
Room No. 0 :0368;0228;0258;0529;0210;0297;0056;0066;0267;0408;0450;0366;0334;0219;0135;
Period 29:
Room No. 0 :0367;0431;0314;0320;0624;
Period 30:
Room No. 0 :0459;0451;0012;0188;0371;0120;0206;0160;0296;0264;
Period 31:
Room No. 0 :0023;0108;0141;0407;0207;0537;0627;0423;0074;0556;0216;0022;0441;0555;0480;0512;
Period 32:
Room No. 0 :0248;0161;0025;0602;0209;0268;0456;0406;0094;0539;
Period 33:
Room No. 0 :0256;0054;0250;0524;0127;
Period 34:
Room No. 0 :0189;0249;0227;0531;0068;0623;0097;0190;0123;0601;0550;
Period 35:
Room No. 0 :0030;0055;0496;0604;0593;0138;0400;0292;0503;0018;0303;
Period 36:
Room No. 0 :0340;0217;0269;0134;0364;
Period 37:
Room No. 0 :0251;0393;0394;0621;0613;0617;0587;0419;0169;
