Period 0:
Room No. 0 :0270;0348;0046;0168;0611;0551;0019;0124;0241;0228;0232;0426;0619;0575;0180;0007;0226;0568;0635;0200;0236;0416;0548;0432;0230;0576;0492;0166;0508;0017;0087;0583;0170;0352;0301;0574;0302;0526;0313;0029;0584;0388;0562;0379;0334;0607;0326;0192;0058;0350;0637;0343;0344;0299;0578;0633;0085;0044;0493;0028;0365;0531;
Period 1:
Room No. 0 :0012;0267;0204;
Period 2:
Room No. 0 :0361;0176;0474;0261;0160;0457;0360;0324;0245;0225;0547;0422;0581;0380;0047;0471;0570;0339;0386;0513;0239;0563;0238;0197;0373;0573;0443;0131;0599;0092;0488;0425;0636;0628;0306;0045;0346;0240;0577;0274;0009;0234;0359;0002;
Period 3:
Room No. 0 :0516;0010;0185;0142;0118;0242;0480;0315;0473;0377;0198;0235;0309;0591;0614;0020;0440;0397;0231;0414;0565;0177;0585;0290;0430;0311;0193;0632;0041;0096;0571;0082;0389;0317;0053;0043;0522;0183;0319;0385;0423;0137;0561;0434;0300;0554;0402;0558;
Period 4:
Room No. 0 :0011;0538;
Period 5:
Room No. 0 :0113;0356;0178;0059;0079;0337;0080;0130;0441;0491;0625;0291;0237;0036;0308;0433;0355;0321;0136;0338;0518;0417;0222;0018;0552;0368;0218;0224;
Period 6:
Room No. 0 :0227;0116;0065;0260;0446;0003;0305;0152;0567;0515;0205;0351;0148;0410;0034;0165;0490;0353;0475;0021;0289;0428;0312;0487;0336;0318;0297;0268;0341;0436;0014;0560;0634;0424;0618;0553;0525;0542;
Period 7:
Room No. 0 :0025;0499;0533;
Period 8:
Room No. 0 :0100;0340;0287;0279;0219;0175;0470;0413;0078;0159;0458;0438;0582;0015;0606;0244;0580;0374;0479;0572;0483;0325;0042;0349;0579;0354;0037;0620;0396;
Period 9:
Room No. 0 :0135;0212;0258;0199;0383;0103;0266;0469;0169;0435;0275;0564;0345;0506;0331;0039;0517;0162;0243;0512;0143;0184;0409;0595;
Period 10:
Room No. 0 :0134;0597;0462;0523;0367;
Period 11:
Room No. 0 :0063;0209;0369;0112;0601;0399;0179;0382;0514;0629;0111;0084;0038;0507;0265;0534;0144;0163;0566;0631;0262;0060;0442;0550;0460;
Period 12:
Room No. 0 :0013;0363;0191;0246;0115;0154;0463;0376;0075;0088;0061;0623;0194;0520;0221;0592;0484;0456;
Period 13:
Room No. 0 :0151;0202;0536;0083;0284;
Period 14:
Room No. 0 :0101;0055;0394;0125;0263;0342;0421;0378;0387;0510;0482;0285;0213;0316;0598;0481;0048;0489;0468;
Period 15:
Room No. 0 :0524;0257;0281;0067;0431;0406;0126;0186;0271;0539;0093;0295;0559;0277;0600;0056;0521;0001;0006;0040;0485;0366;0427;0090;0026;0153;0332;0589;
Period 16:
Room No. 0 :0004;0411;0371;0415;0119;0156;0223;0272;0072;0437;0172;0449;0486;0330;0323;0540;0304;0622;0086;
Period 17:
Room No. 0 :0459;0477;
Period 18:
Room No. 0 :0307;0314;0255;0121;0322;0094;0420;0370;0610;0256;0155;0280;0027;0303;0541;
Period 19:
Room No. 0 :0035;0129;0252;0147;0273;0612;0418;0114;0283;0217;0066;0109;0546;0569;0616;0587;
Period 20:
Room No. 0 :0089;0171;0535;
Period 21:
Room No. 0 :0102;0624;0054;0497;0211;0293;0216;0146;0190;0328;0069;0519;0615;0638;0555;0403;0071;
Period 22:
Room No. 0 :0626;0132;0107;0404;0253;0188;0098;0391;0292;0450;0233;0594;0033;0181;0472;0454;0608;
Period 23:
Room No. 0 :0451;0320;0528;
Period 24:
Room No. 0 :0052;0254;0384;0210;0452;0095;0120;0505;0294;0077;0444;0357;0543;0282;0278;0327;0372;0627;
Period 25:
Room No. 0 :0251;0016;0557;0203;0269;0157;0049;0288;0201;0400;0182;
Period 26:
Room No. 0 :0532;0605;0448;0208;0249;0022;
Period 27:
Room No. 0 :0187;0511;0005;0602;0392;0195;0401;0604;0347;0429;0127;0465;0057;
Period 28:
Room No. 0 :0494;0496;0050;0530;0215;0407;0464;0286;0076;0390;0122;0545;0196;0586;0099;0167;0503;0478;
Period 29:
Room No. 0 :0603;0138;0495;0207;0467;
Period 30:
Room No. 0 :0104;0362;0149;0455;0501;0174;0329;0298;0106;0358;0375;
Period 31:
Room No. 0 :0030;0141;0105;0593;0008;0220;0439;0276;0032;0504;0117;0110;0070;0609;0031;0544;0556;
Period 32:
Room No. 0 :0024;0453;0500;0140;0259;0393;0128;0335;0613;0537;
Period 33:
Room No. 0 :0405;0150;0617;0476;0206;0447;
Period 34:
Room No. 0 :0588;0395;0590;0068;0502;0264;0123;0081;0630;0164;0509;0412;0296;
Period 35:
Room No. 0 :0064;0189;0466;0229;0621;0445;0073;0097;0398;0161;
Period 36:
Room No. 0 :0173;0091;0051;0250;0214;0247;
Period 37:
Room No. 0 :0364;0133;0529;0139;0419;0158;0333;0408;0145;0074;0381;
