Period 0:
Room No. 0 :0202;0184;0440;0198;0398;0351;0116;0636;0601;0585;0048;0379;0574;0402;0571;0353;0235;0200;0280;0081;0001;0159;0221;0343;0131;0578;0006;0547;0620;0033;0492;0009;0417;0568;0573;0434;0152;0607;0563;0560;0570;0180;0240;0548;0526;0301;0299;0426;0483;0231;0633;0565;0092;0290;0193;0634;0554;0344;0192;0498;0068;
Period 1:
Room No. 0 :0063;0531;0549;0523;
Period 2:
Room No. 0 :0189;0604;0338;0005;0117;0628;0158;0244;0482;0637;0380;0611;0122;0238;0576;0045;0457;0226;0080;0037;0350;0337;0143;0165;0241;0414;0468;0339;0635;0047;0085;0615;0471;0490;0575;0443;0631;0354;0007;0289;0224;0170;0602;
Period 3:
Room No. 0 :0095;0310;0188;0425;0367;0420;0018;0373;0572;0217;0259;0042;0317;0245;0456;0412;0491;0436;0433;0562;0474;0357;0044;0084;0442;0579;0139;0518;0274;0144;0195;0078;0230;0137;0558;0577;0232;0236;0197;0185;0239;0300;0302;0111;0385;
Period 4:
Room No. 0 :0064;0252;
Period 5:
Room No. 0 :0392;0535;0619;0509;0384;0082;0109;0305;0406;0519;0630;0036;0499;0205;0449;0424;0330;0019;0313;0336;0043;0190;0041;0242;0441;0090;0014;0618;0552;0145;0262;0608;0352;0029;0178;0303;0589;0358;0561;0306;0388;0089;0331;0234;
Period 6:
Room No. 0 :0617;0497;0012;0600;0199;0395;0204;0123;0505;0415;0543;0517;0038;0059;0489;0416;0261;0298;0485;0309;0179;0493;0237;0421;0359;0028;0355;0553;0225;0370;0638;0345;0582;
Period 7:
Room No. 0 :0362;0464;0141;
Period 8:
Room No. 0 :0447;0049;0340;0285;0209;0103;0556;0260;0325;0126;0515;0437;0346;0015;0422;0480;0595;0413;0222;0243;0295;0166;0377;0316;0580;0475;0067;0282;0540;
Period 9:
Room No. 0 :0467;0530;0315;0013;0121;0360;0112;0017;0040;0401;0020;0153;0525;0266;0567;0439;0544;0430;0218;0196;0481;0581;0624;0287;0616;
Period 10:
Room No. 0 :0002;0191;0011;0096;0516;0478;
Period 11:
Room No. 0 :0246;0214;0138;0269;0500;0450;0400;0411;0423;0472;0349;0181;0156;0046;0484;0366;0164;0522;0386;0551;0312;0590;0329;0432;
Period 12:
Room No. 0 :0146;0212;0463;0253;0105;0391;0074;0397;0371;0056;0167;0534;0348;0599;0487;0326;0546;0592;0409;0183;0566;0276;0173;0308;0583;
Period 13:
Room No. 0 :0614;0364;0142;
Period 14:
Room No. 0 :0251;0113;0408;0622;0075;0318;0334;0356;0311;0292;0632;0376;0586;0438;0486;0088;0293;0083;0508;0177;0182;
Period 15:
Room No. 0 :0314;0215;0465;0110;0186;0130;0538;0510;0387;0066;0277;0003;0058;0479;0097;0332;0431;0427;0513;0053;0405;0446;0296;0587;0389;0564;0429;0026;0323;0435;0163;0148;0021;
Period 16:
Room No. 0 :0151;0171;0613;0271;0393;0404;0025;0115;0258;0569;0076;0542;0514;0322;0272;0328;0598;0488;0060;0034;0206;
Period 17:
Room No. 0 :0532;0527;0342;
Period 18:
Room No. 0 :0368;0255;0321;0220;0124;0504;0284;0394;0625;0071;0027;0541;0140;
Period 19:
Room No. 0 :0102;0160;0055;0629;0069;0127;0418;0612;0529;0275;0550;0286;0106;0291;
Period 20:
Room No. 0 :0134;0147;0024;
Period 21:
Room No. 0 :0267;0363;0035;0114;0207;0297;0501;0079;0396;0512;0216;0495;0410;0270;0591;0324;
Period 22:
Room No. 0 :0062;0099;0335;0052;0107;0473;0374;0496;0268;0521;0319;0390;
Period 23:
Room No. 0 :0537;0256;0462;0257;0175;0070;
Period 24:
Room No. 0 :0407;0016;0606;0223;0477;0129;0327;0073;0094;0470;0155;0054;0249;0087;0294;
Period 25:
Room No. 0 :0476;0168;0333;0174;0157;0623;0288;0119;0594;0194;
Period 26:
Room No. 0 :0210;0136;0419;0365;
Period 27:
Room No. 0 :0010;0459;0502;0453;0539;0128;0120;0381;0279;0278;0304;0162;0627;0584;
Period 28:
Room No. 0 :0104;0307;0072;0203;0265;0375;0201;0150;0135;0503;0233;0469;0176;
Period 29:
Room No. 0 :0228;0466;0347;0320;
Period 30:
Room No. 0 :0132;0511;0383;0597;0372;0263;0609;0091;0399;0264;0460;0032;0077;0428;0520;0213;
Period 31:
Room No. 0 :0051;0455;0118;0605;0254;0448;0247;0031;0557;0507;0545;0057;0555;0098;0458;
Period 32:
Room No. 0 :0533;0172;0528;0008;0273;0506;0169;0452;0283;0065;0444;0039;0086;0559;
Period 33:
Room No. 0 :0229;0125;0061;0149;
Period 34:
Room No. 0 :0536;0050;0208;0248;0369;0093;0022;0341;0610;0382;
Period 35:
Room No. 0 :0187;0524;0403;0621;0161;0378;0219;0454;0250;0445;
Period 36:
Room No. 0 :0281;0108;0626;0596;
Period 37:
Room No. 0 :0461;0133;0211;0593;0154;
