Period 0:
Room No. 0 :0336;0398;0167;0266;0363;0590;0353;0014;0076;0541;0152;0368;0119;0471;0098;0526;0029;0379;0468;0387;0436;0607;0085;0058;0037;0420;0553;0148;0197;0611;0490;0519;0231;0318;0344;0575;0440;0500;0631;0583;0053;0422;0417;0424;0045;0633;0577;0240;0246;0020;0548;0600;0636;0131;0492;0402;0534;0306;0634;0578;0566;0178;0301;0170;0241;0518;0565;0302;0092;0556;
Period 1:
Room No. 0 :0227;0049;0451;0452;
Period 2:
Room No. 0 :0182;0011;0267;0154;0369;0423;0244;0166;0594;0238;0234;0377;0601;0082;0414;0482;0175;0048;0343;0386;0226;0124;0319;0380;0571;0561;0619;0505;0568;0632;0456;0517;0434;0520;0574;0274;0547;0299;0563;0562;0041;0458;0552;0339;0426;0346;0193;0315;0294;
Period 3:
Room No. 0 :0004;0396;0627;0078;0429;0513;0276;0606;0059;0623;0279;0208;0491;0332;0329;0139;0300;0236;0522;0046;0270;0232;0090;0576;0355;0584;0385;0570;0620;0543;0323;0564;0176;0350;0304;0028;0230;0019;0001;0044;0554;0374;0469;0198;
Period 4:
Room No. 0 :0499;0052;0186;
Period 5:
Room No. 0 :0364;0406;0357;0221;0509;0173;0313;0137;0479;0183;0311;0439;0245;0472;0428;0126;0326;0489;0493;0530;0097;0111;0485;0295;0544;0384;0390;0550;0261;0040;0457;0637;0381;0291;0354;0337;0144;0222;0180;0373;0021;0573;0569;0192;0009;0349;
Period 6:
Room No. 0 :0462;0103;0149;0219;0382;0559;0460;0280;0017;0618;0047;0288;0286;0233;0195;0177;0630;0239;0015;0443;0316;0303;0042;0546;0243;0007;0084;0595;0508;0409;0615;0321;0425;0043;0433;0122;0331;0579;0431;
Period 7:
Room No. 0 :0064;0528;
Period 8:
Room No. 0 :0142;0030;0114;0297;0416;0129;0071;0613;0421;0109;0325;0501;0514;0056;0581;0242;0338;0542;0486;0036;0172;0488;0080;0580;0555;0352;0483;0237;0094;0465;0437;0018;
Period 9:
Room No. 0 :0356;0531;0371;0211;0454;0130;0159;0077;0143;0268;0572;0410;0312;0235;0116;0298;0039;0635;0567;0061;0200;0351;0224;0292;0487;0560;0432;0585;
Period 10:
Room No. 0 :0588;
Period 11:
Room No. 0 :0621;0412;0005;0164;0365;0591;0051;0455;0628;0258;0264;0506;0179;0475;0427;0638;0205;0027;0199;0599;0388;
Period 12:
Room No. 0 :0201;0407;0141;0593;0347;0478;0050;0075;0449;0496;0073;0081;0503;0289;0089;0507;0539;0060;0296;0181;0558;0225;
Period 13:
Room No. 0 :0135;0117;0188;0035;
Period 14:
Room No. 0 :0624;0360;0447;0405;0093;0327;0608;0378;0184;0287;0442;0512;0155;0340;0106;0540;0196;0592;
Period 15:
Room No. 0 :0461;0464;0494;0153;0397;0128;0587;0086;0441;0470;0324;0006;0278;0525;0282;0215;0341;0545;0057;0033;
Period 16:
Room No. 0 :0535;0527;0399;0055;0510;0418;0285;0358;0614;0598;0430;0435;0317;0110;0218;0481;0034;
Period 17:
Room No. 0 :0367;0062;
Period 18:
Room No. 0 :0138;0209;0187;0121;0450;0259;0515;0334;0480;0629;0265;0150;0551;0557;0415;
Period 19:
Room No. 0 :0362;0104;0411;0253;0269;0309;0359;0521;0330;0345;0174;
Period 20:
Room No. 0 :0214;0532;0473;0612;0123;0497;
Period 21:
Room No. 0 :0134;0016;0251;0408;0145;0284;0370;0169;0617;0074;0262;0308;0194;0088;0582;
Period 22:
Room No. 0 :0392;0453;0400;0533;0254;0190;0026;0348;0283;0393;0066;0516;0366;0391;0099;0484;0127;0589;0165;
Period 23:
Room No. 0 :0502;0229;0314;0013;
Period 24:
Room No. 0 :0102;0083;0448;0158;0403;0438;0273;0413;0069;0616;0275;0087;
Period 25:
Room No. 0 :0549;0070;0206;0476;0161;0333;0610;0404;0474;0376;
Period 26:
Room No. 0 :0189;0115;0255;0147;0604;
Period 27:
Room No. 0 :0256;0281;0068;0012;0203;0602;0022;0038;0223;0031;
Period 28:
Room No. 0 :0202;0524;0157;0444;0463;0118;0529;0605;0293;0096;0213;0504;
Period 29:
Room No. 0 :0250;0249;0383;0596;0113;
Period 30:
Room No. 0 :0132;0320;0466;0095;0160;0495;0065;0003;0220;0105;0342;0216;0389;0032;
Period 31:
Room No. 0 :0498;0467;0538;0401;0511;0419;0067;0162;0335;0207;0112;0290;0328;0305;0079;
Period 32:
Room No. 0 :0247;0523;0146;0271;0446;0140;0008;0395;0586;0622;0277;
Period 33:
Room No. 0 :0307;0136;0477;0072;0260;0120;
Period 34:
Room No. 0 :0459;0394;0171;0125;0322;0151;0185;0272;0625;0372;
Period 35:
Room No. 0 :0257;0010;0626;0310;0091;0107;0163;0375;0217;
Period 36:
Room No. 0 :0108;0537;0445;0252;0101;
Period 37:
Room No. 0 :0210;0263;0597;0228;0191;0025;0002;0054;0609;0156;
