Period 0:
Room No. 0 :0366;0570;0635;0554;0617;0037;0411;0487;0284;0386;0590;0236;0558;0169;0577;0220;0579;0232;0482;0059;0440;0562;0097;0379;0565;0344;0572;0199;0033;0047;0571;0092;0173;0299;0616;0526;0006;0241;0545;0560;0083;0274;0226;0620;0343;0417;0547;0240;0355;0471;0007;0346;0137;0192;0180;0085;0564;0300;0490;0302;0637;0422;0043;0573;0291;0319;0424;0301;0182;0009;0029;0091;0516;0600;0073;
Period 1:
Room No. 0 :0251;
Period 2:
Room No. 0 :0140;0248;0321;0634;0396;0117;0046;0378;0630;0235;0486;0388;0595;0578;0398;0221;0322;0350;0574;0246;0583;0234;0433;0483;0492;0276;0508;0231;0156;0262;0563;0170;0306;0541;0354;0329;0178;0575;0582;0443;0331;0323;0426;0611;0041;0468;0434;0349;0352;0576;0608;0380;0548;0636;0489;0384;0064;
Period 3:
Room No. 0 :0467;0056;0603;0318;0153;0458;0510;0542;0569;0414;0261;0339;0566;0606;0409;0581;0238;0605;0040;0282;0197;0351;0397;0428;0390;0470;0592;0353;0478;0332;0599;0607;0633;0308;0385;0326;0338;0402;0018;0618;0131;
Period 4:
Room No. 0 :0062;0063;
Period 5:
Room No. 0 :0051;0532;0067;0250;0053;0628;0435;0202;0297;0079;0509;0420;0405;0218;0162;0377;0493;0237;0021;0080;0122;0001;0553;0245;0631;0559;0045;0027;0638;0309;0337;0584;0111;0615;0330;0177;0432;
Period 6:
Room No. 0 :0593;0055;0462;0523;0437;0263;0534;0491;0519;0289;0632;0472;0014;0568;0225;0143;0521;0176;0410;0481;0312;0181;0148;0585;0244;0427;0580;0513;0109;0399;0455;0503;
Period 7:
Room No. 0 :0102;0477;
Period 8:
Room No. 0 :0535;0549;0211;0216;0106;0507;0265;0412;0311;0589;0336;0325;0419;0517;0069;0372;0442;0505;0036;0166;0567;0555;0084;0207;0303;0334;0293;0019;0144;0242;0195;0200;0222;0076;
Period 9:
Room No. 0 :0536;0179;0371;0373;0239;0475;0110;0304;0039;0453;0015;0042;0285;0436;0230;0429;0341;0413;0359;0022;
Period 10:
Room No. 0 :0104;0141;0101;
Period 11:
Room No. 0 :0361;0626;0257;0363;0408;0233;0219;0164;0456;0469;0423;0525;0128;0048;0280;0522;0387;0290;0594;0243;
Period 12:
Room No. 0 :0253;0461;0550;0439;0283;0152;0150;0328;0123;0071;0546;0335;0028;0273;0391;0044;0484;0518;0086;
Period 13:
Room No. 0 :0171;0476;0267;
Period 14:
Room No. 0 :0103;0252;0501;0524;0367;0369;0215;0087;0201;0544;0116;0163;0488;0613;0082;0421;0561;0430;0020;0185;0598;0614;
Period 15:
Room No. 0 :0527;0528;0124;0512;0175;0217;0287;0604;0060;0537;0473;0099;0279;0317;0078;0155;0445;0193;0090;0425;0183;
Period 16:
Room No. 0 :0498;0130;0347;0066;0448;0375;0203;0266;0400;0112;0088;0357;0184;0258;0552;0224;0551;0441;0165;0196;
Period 17:
Room No. 0 :0395;0229;0135;0172;0188;
Period 18:
Room No. 0 :0187;0227;0151;0327;0275;0268;0515;0480;0416;0127;0286;0543;0446;0205;0065;0374;0294;0474;
Period 19:
Room No. 0 :0004;0463;0621;0365;0119;0438;0208;0058;0270;0098;0389;0520;0198;0264;0167;0096;0627;
Period 20:
Room No. 0 :0254;0129;0597;0010;0139;0210;0191;
Period 21:
Room No. 0 :0392;0499;0132;0158;0114;0074;0032;0460;0495;0629;0298;
Period 22:
Room No. 0 :0212;0142;0451;0466;0612;0105;0315;0500;0586;0376;0288;0358;0316;0077;
Period 23:
Room No. 0 :0049;0025;0269;0407;0502;0514;0206;0602;
Period 24:
Room No. 0 :0452;0113;0154;0340;0622;0013;0121;0186;0292;0556;0034;0444;0591;0454;
Period 25:
Room No. 0 :0310;0529;0364;0610;0147;0126;0406;0333;0485;0094;0587;0075;0348;0624;
Period 26:
Room No. 0 :0052;0281;0368;0204;
Period 27:
Room No. 0 :0136;0125;0394;0307;0393;0465;0540;0360;0619;0557;0277;0345;
Period 28:
Room No. 0 :0497;0157;0008;0533;0223;0070;0272;0089;0449;0259;0061;
Period 29:
Room No. 0 :0168;0023;0146;
Period 30:
Room No. 0 :0134;0050;0623;0530;0160;0068;0342;0450;0095;0609;0278;0057;0418;0313;
Period 31:
Room No. 0 :0100;0149;0005;0072;0431;0118;0539;0295;0120;0026;0271;0324;0383;0159;0296;
Period 32:
Room No. 0 :0314;0249;0138;0538;0054;0511;0002;0093;0415;0213;0601;0457;0038;0370;
Period 33:
Room No. 0 :0190;0256;0228;
Period 34:
Room No. 0 :0133;0035;0447;0108;0464;0401;0625;0194;0017;0003;
Period 35:
Room No. 0 :0189;0016;0161;0260;0403;0031;0382;0506;0081;
Period 36:
Room No. 0 :0209;0107;0012;0459;
Period 37:
Room No. 0 :0494;0356;0531;0504;0404;0115;0381;0174;0496;0145;0479;
