13 
12 
1 
16 
26 
16 

18 
30 


3 
19 

15 
12 
10 
0 
14 
6 
31 

19 
23 
2 
7 
4 
0 
25 
6 
19 
13 

5 
3 
9 
3 
26 
3 
3 
15 
28 
10 
7 
19 
19 
11 
2 
25 
15 
17 
2 
25 
25 
24 
3 
24 
28 
7 
9 

17 
27 
11 
23 
28 
28 
11 

12 
28 
30 
10 
29 
3 
13 

19 
10 
3 
28 
2 

12 
31 

17 

2 

6 
23 
2 
23 
29 
10 
15 
29 
4 
1 
8 
20 
10 
2 
25 
25 

28 
5 
7 
31 
6 
21 
1 
19 
21 

22 
9 
21 
24 
4 
7 
9 
1 
25 
30 
13 
27 
1 
10 
2 
24 
3 
12 
30 
30 
25 
20 

27 
31 
28 
14 
13 
1 
24 
20 
31 
14 
16 
26 
13 
25 

0 
23 
28 
28 
25 
29 
5 
29 
12 

10 
16 
4 
1 
10 
26 
25 
16 
23 
19 
6 



2 
25 
9 
28 
13 
8 

23 
29 
22 

29 
3 
28 
21 
13 
27 
23 
29 
15 
1 
0 
22 
24 
17 
30 
17 
27 
9 
8 
4 
14 
25 
1 
27 
4 
25 
28 

13 
17 
10 
29 
2 

3 
1 
12 
30 
4 
21 
29 

18 
8 

2 
30 

3 
31 
23 
14 
10 
21 
27 
28 
19 
7 
11 
29 
19 
1 
13 
14 
1 
30 
20 
13 
1 
1 
28 
25 
0 
3 
3 
23 
22 
6 
19 
30 
28 
1 
16 
8 
3 
12 
25 
10 
9 
6 
8 

3 

21 
