0 1 saa1 0 12 saa2 1 14 
1 3 5 7 9 
0 1 saa1 0 32 saa2 1 34 6 
1 2 saa2 1 4
0 1 saa1 0 51 sd 1 1 54 
0 4 8 
3 5 5 sd 5 5 75 sd 5 5 77 9 
2 4 
0 3 6 8 
0 3 4 saa4 3 106 
0 8 9 
0 2 6 9 
0 5 7 
4 5 saa5 4 149 
1 2 saa2 1 153 9 
3 8 
1 2 saa2 1 175 
0 1 saa1 0 183 7 
1 2 saa2 1 19
0 2 2 sd 2 2 202 sd 2 2 203 4 saa4 3 20
2 3 5 
2 3 3 sd 3 3 224 saa4 3 225 saa5 4 229 
3 5 5 sd 5 5 236 9 
2 3 7 9 
0 5 9 
2 6 7 saa7 6 26
1 4 6 7 saa7 6 278 saa8 7 27
4 5 saa5 4 289 
1 1 sd 1 1 298 9 
1 2 saa2 1 302 sd 2 2 306 7 saa7 6 30
2 5 9 
0 1 saa1 0 324 5 saa5 4 325 sd 5 5 327 
7 9 
2 8 9 
2 6 8 
2 6 8 9 9 sd 9 9 36
0 2 3 
1 2 saa2 1 386 7 saa7 6 388 saa8 7 38
0 2 8 8 sd 8 8 39
1 2 saa2 1 408 
3 8 
0 1 saa1 0 422 saa2 1 428 
0 0 sd 0 0 432 3 8 
2 3 6 
1 2 saa2 1 457 9 
0 2 8 8 sd 8 8 46
0 2 5 7 9 
2 5 6 7 saa7 6 488 saa8 7 48
0 7 8 saa8 7 49
1 4 5 saa5 4 509 
1 5 7 7 sd 7 7 518 saa8 7 51
2 4 4 sd 4 4 527 
0 7 
2 4 4 sd 4 4 548 
1 3 6 8 
3 7 8 saa8 7 56
1 2 saa2 1 575 5 sd 5 5 579 
0 2 3 4 saa4 3 586 
0 2 2 sd 2 2 593 6 
0 3 4 saa4 3 606 8 9 
2 2 sd 2 2 613 6 9 
0 1 saa1 0 623 8 
0 0 sd 0 0 632 4 7 9 
0 2 4 5 saa5 4 649 
8 9 
2 2 sd 2 2 665 6 7 saa7 6 66
2 4 5 saa5 4 676 
1 1 sd 1 1 684 6 9 
2 3 4 saa4 3 695 saa5 4 69
0 1 saa1 0 702 saa2 1 706 
0 1 saa1 0 713 5 6 7 saa7 6 71
0 2 4 5 saa5 4 727 7 sd 7 7 72
4 6 7 saa7 6 738 saa8 7 73
5 6 9 
3 4 saa4 3 75
1 1 sd 1 1 769 
3 4 saa4 3 777 8 saa8 7 778 sd 8 8 77
2 9 
0 1 saa1 0 791 sd 1 1 793 4 saa4 3 79
1 3 
0 3 7 
1 3 8 
2 6 9 
0 1 saa1 0 845 6 9 
0 1 saa1 0 854 
5 8 9 
3 4 saa4 3 874 sd 4 4 877 8 saa8 7 87
1 4 4 sd 4 4 885 saa5 4 885 sd 5 5 886 
0 1 saa1 0 89
3 7 8 saa8 7 90
1 2 saa2 1 916 8 
0 1 saa1 0 924 6 
0 2 5 
1 2 saa2 1 947 8 saa8 7 948 sd 8 8 949 
0 8 9 
1 2 saa2 1 964 6 
4 6 8 
2 3 4 saa4 3 986 8 
1 2 saa2 1 993 6 7 saa7 6 998 saa8 7 99
1 3 4 saa4 3 1006 
1 3 5 6 8 9 
2 3 5 6 9 
0 1 saa1 0 1033 4 saa4 3 1036 9 
1 5 8 8 sd 8 8 1049 
7 7 sd 7 7 1058 saa8 7 105
0 2 5 9 
0 4 6 8 

0 4 
3 5 7 
0 1 saa1 0 1115 6 9 
2 2 sd 2 2 1125 
1 3 6 
4 7 
1 5 7 
0 2 8 
0 4 5 saa5 4 1177 8 saa8 7 117
1 3 8 9 
3 8 
1 8 9 
5 
2 5 5 sd 5 5 1226 8 
0 2 5 6 
0 4 5 saa5 4 1248 
1 3 
1 2 saa2 1 1266 9 
3 6 7 saa7 6 127
0 1 saa1 0 1282 saa2 1 1285 
1 3 5 6 8 
4 6 7 saa7 6 130
2 2 sd 2 2 1313 3 sd 3 3 1314 saa4 3 1317 
2 6 6 sd 6 6 1329 
2 2 sd 2 2 1334 6 8 
3 3 sd 3 3 1345 5 sd 5 5 1346 
0 3 5 7 
3 4 saa4 3 1366 7 saa7 6 136
1 2 saa2 1 1372 sd 2 2 1373 5 
3 5 6 8 9 
8 8 sd 8 8 1399 
1 4 5 saa5 4 1407 8 saa8 7 1409 
1 4 8 
1 2 saa2 1 1425 
3 4 saa4 3 1438 
2 
4 5 saa5 4 1456 8 
1 3 5 6 8 
0 1 saa1 0 1473 4 saa4 3 1476 
1 2 saa2 1 1483 5 
0 5 
2 3 7 9 
1 2 saa2 1 1514 5 saa5 4 151
6 6 sd 6 6 1527 saa7 6 152
5 9 
1 2 saa2 1 1546 8 
4 5 saa5 4 1558 
9 
0 1 saa1 0 1571 sd 1 1 1574 
0 1 saa1 0 1582 saa2 1 1586 7 saa7 6 158
0 1 saa1 0 1593 5 8 
2 4 8 
2 4 9 
0 2 3 6 7 saa7 6 162
6 
3 5 8 9 
1 2 saa2 1 1652 sd 2 2 1653 8 9 
0 2 4 5 saa5 4 1667 
1 4 4 sd 4 4 1675 saa5 4 1676 
1 6 7 saa7 6 168
2 3 4 saa4 3 1696 7 saa7 6 169
2 5 5 sd 5 5 1706 8 
5 6 7 saa7 6 171
1 5 7 9 
4 5 saa5 4 1738 
0 1 saa1 0 1745 6 7 saa7 6 174
1 7 9 
3 4 saa4 3 1765 saa5 4 1765 sd 5 5 1766 6 sd 6 6 176
1 2 saa2 1 1775 8 
1 8 
2 4 6 
0 2 3 4 saa4 3 180
0 2 6 7 saa7 6 181
0 1 saa1 0 1825 6 8 9 
0 1 saa1 0 1832 saa2 1 1836 7 saa7 6 1838 saa8 7 183
1 2 saa2 1 1846 
1 5 8 
0 2 5 
0 4 6 7 saa7 6 1878 saa8 7 187
5 6 7 saa7 6 1889 
2 3 6 8 
2 2 sd 2 2 1904 5 saa5 4 190
5 7 
0 5 9 
1 1 sd 1 1 1932 saa2 1 193
0 5 6 
7 
0 5 6 9 
1 1 sd 1 1 1974 6 8 
5 6 
1 4 6 7 saa7 6 199
1 2 saa2 1 2002 sd 2 2 2007 
1 2 saa2 1 2018 9 
2 5 6 7 saa7 6 202
0 5 6 6 sd 6 6 203
4 4 sd 4 4 2049 
0 4 9 
5 5 sd 5 5 2069 
0 2 3 4 saa4 3 207
1 8 8 sd 8 8 2089 
0 2 5 8 
0 1 saa1 0 2106 8 
0 1 saa1 0 2112 saa2 1 2113 8 
2 5 6 7 saa7 6 2128 saa8 7 212
2 6 
0 4 6 7 saa7 6 214
1 4 7 
2 3 4 saa4 3 2167 
1 2 saa2 1 2175 
2 5 8 
0 1 saa1 0 2194 7 8 saa8 7 219
1 4 6 7 saa7 6 220
2 4 8 
0 
1 4 5 saa5 4 223
1 2 saa2 1 2242 sd 2 2 2248 9 
1 4 5 saa5 4 2256 8 
0 5 
1 2 saa2 1 227
2 4 4 sd 4 4 228
0 2 4 
1 2 saa2 1 2303 8 
0 6 6 sd 6 6 2318 
1 4 9 
5 7 9 
2 5 6 
1 6 7 saa7 6 235
2 3 5 5 sd 5 5 2367 8 saa8 7 236
0 4 
0 0 sd 0 0 2385 6 9 
1 4 8 
5 6 7 saa7 6 240
2 4 5 saa5 4 241
9 
4 6 7 saa7 6 243
0 2 7 
0 2 5 6 8 
0 4 5 saa5 4 2466 8 
1 5 8 
0 2 2 sd 2 2 248
0 2 7 
1 3 4 saa4 3 2507 
5 8 
1 4 8 
2 6 7 saa7 6 2539 
1 3 5 9 
0 4 
4 7 
2 3 4 saa4 3 2577 
0 4 4 sd 4 4 258

0 5 8 
2 5 7 
3 4 saa4 3 2628 
5 8 
1 8 
4 5 saa5 4 2656 

1 2 saa2 1 2675 7 9 
1 5 
0 1 saa1 0 2694 9 
0 
0 4 
2 5 
1 6 8 
0 5 7 9 
6 6 sd 6 6 2757 saa7 6 275
6 8 
5 
1 
3 6 6 sd 6 6 2798 
1 2 saa2 1 2803 8 
4 4 sd 4 4 2816 
2 3 6 
3 8 
0 3 
0 1 saa1 0 2853 7 
3 6 
0 2 3 5 
5 7 9 
0 1 saa1 0 2893 6 
0 2 4 
3 4 saa4 3 2915 saa5 4 291
2 4 6 8 
0 2 8 8 sd 8 8 293
0 5 9 
3 7 8 saa8 7 295
5 5 sd 5 5 2968 8 sd 8 8 2969 
3 4 saa4 3 2979 
0 2 6 6 sd 6 6 298
1 8 
3 7 
6 7 saa7 6 301
1 5 5 sd 5 5 3026 
0 1 saa1 0 3031 sd 1 1 3035 6 
0 3 
8 8 sd 8 8 3059 
0 6 
2 3 6 6 sd 6 6 307
1 1 sd 1 1 3086 
1 5 6 8 
1 6 8 9 
0 1 saa1 0 3113 5 6 9 
0 3 4 saa4 3 3125 saa5 4 3126 
4 8 
1 5 
2 8 
2 2 sd 2 2 3163 5 8 
1 4 5 saa5 4 3175 sd 5 5 3175 sd 5 5 317
1 2 saa2 1 3186 6 sd 6 6 318
1 8 8 sd 8 8 319
0 1 saa1 0 3205 6 
0 1 saa1 0 3211 sd 1 1 3213 
1 1 sd 1 1 3223 8 
1 4 9 
1 1 sd 1 1 3242 saa2 1 3248 
2 6 8 
7 
1 8 9 
4 8 
1 1 sd 1 1 3298 
9 
2 6 
2 7 8 saa8 7 332
2 6 9 
3 7 
0 2 5 
0 1 saa1 0 3363 6 
1 3 6 8 
1 3 5 8 
1 6 6 sd 6 6 3397 saa7 6 3398 saa8 7 3399 
0 1 saa1 0 3405 
1 2 saa2 1 3415 6 8 
3 4 saa4 3 3425 saa5 4 3427 7 sd 7 7 3429 
0 6 
1 2 saa2 1 3443 4 saa4 3 3449 
1 2 saa2 1 3455 5 sd 5 5 345
6 8 
2 6 8 
3 
4 7 
1 5 5 sd 5 5 350
7 
0 1 saa1 0 3524 9 
1 3 
6 6 sd 6 6 3548 
6 6 sd 6 6 3557 saa7 6 355
1 1 sd 1 1 3564 5 saa5 4 3567 
2 5 7 8 saa8 7 357
0 1 saa1 0 3585 6 8 
0 1 saa1 0 3593 6 8 
2 2 sd 2 2 3602 sd 2 2 3605 6 8 
5 6 
1 
1 2 saa2 1 3635 5 sd 5 5 3639 
1 6 8 
4 9 

1 5 8 
4 7 
1 3 5 
1 1 sd 1 1 370
0 

1 5 8 
1 2 saa2 1 3746 
1 3 6 7 saa7 6 375
0 2 4 6 
3 4 saa4 3 3775 saa5 4 3777 
0 3 4 saa4 3 3788 9 
1 6 8 9 
0 1 saa1 0 3806 
3 5 5 sd 5 5 381
4 6 7 saa7 6 382
0 2 3 7 
2 3 8 9 
1 3 4 saa4 3 3854 sd 4 4 385
1 5 8 9 
1 2 saa2 1 3878 
6 9 
6 7 saa7 6 3898 saa8 7 389
6 8 
6 6 sd 6 6 3918 
1 5 6 
0 1 saa1 0 3936 7 saa7 6 3939 
8 
5 8 
3 5 5 sd 5 5 3967 7 sd 7 7 396
1 6 7 saa7 6 3979 
3 5 

8 
1 2 saa2 1 4018 8 sd 8 8 401
1 6 8 
1 7 8 saa8 7 4039 9 sd 9 9 403
1 3 
5 7 8 saa8 7 405
0 1 saa1 0 4064 8 
0 4 5 saa5 4 4076 7 saa7 6 407
5 7 8 saa8 7 408
1 5 7 8 saa8 7 409
1 1 sd 1 1 4104 8 9 
5 7 
2 6 
1 1 sd 1 1 4136 8 
3 8 8 sd 8 8 4149 
1 1 sd 1 1 4153 8 9 
2 6 8 9 
1 3 8 
0 7 
6 7 saa7 6 4198 saa8 7 419
0 1 saa1 0 420
4 5 saa5 4 4215 sd 5 5 421
0 2 5 7 
1 3 4 saa4 3 4237 
1 1 sd 1 1 4243 6 8 
3 4 saa4 3 4258 9 
8 
0 1 saa1 0 427
1 4 5 saa5 4 428
0 1 saa1 0 4292 saa2 1 429
1 2 saa2 1 4307 
1 1 sd 1 1 431
0 2 6 7 saa7 6 4328 saa8 7 432
1 4 6 8 
4 6 
5 8 9 
1 3 4 saa4 3 4368 
1 3 5 5 sd 5 5 4378 
1 3 4 saa4 3 4385 saa5 4 4389 
3 5 
0 1 saa1 0 440
3 5 7 7 sd 7 7 4418 saa8 7 441
2 4 6 
5 8 9 
1 2 saa2 1 4443 9 
0 4 6 8 9 

1 6 9 
6 7 saa7 6 4488 saa8 7 448
1 5 6 
0 3 4 saa4 3 4505 saa5 4 4507 
1 2 saa2 1 4517 8 saa8 7 451
9 
1 

0 1 saa1 0 4553 5 9 
1 6 8 8 sd 8 8 456
1 2 saa2 1 4578 
1 8 
4 9 
1 6 9 
1 5 6 7 saa7 6 4618 saa8 7 461
6 7 saa7 6 462
2 3 4 saa4 3 463
1 8 9 
0 5 5 sd 5 5 465
2 6 8 9 
5 6 8 
0 1 saa1 0 4683 6 8 9 
3 3 sd 3 3 4697 8 saa8 7 469
6 7 saa7 6 4709 
0 1 saa1 0 4713 8 
3 6 7 saa7 6 472
8 
4 9 
0 2 
0 2 2 sd 2 2 4763 6 8 
6 8 9 
0 8 
2 3 8 
3 9 
0 3 4 saa4 3 481
1 2 saa2 1 4829 
6 8 8 sd 8 8 483
5 5 sd 5 5 4846 
2 3 5 9 
1 4 7 8 saa8 7 4869 
1 4 5 saa5 4 487
4 
0 3 6 9 
0 6 9 
0 1 saa1 0 4912 saa2 1 4917 9 
8 
1 6 9 
2 6 8 
1 2 saa2 1 4953 
1 3 4 saa4 3 4967 
2 3 6 
1 6 6 sd 6 6 4989 
5 9 
1 2 saa2 1 500
1 4 6 9 
1 5 7 
1 4 5 saa5 4 5037 
0 2 3 
1 6 8 
1 2 saa2 1 5064 4 sd 4 4 506
0 2 8 
4 9 
1 2 saa2 1 5097 
1 4 
0 1 saa1 0 5115 7 
1 1 sd 1 1 5125 8 
1 
1 2 saa2 1 5145 7 
1 1 sd 1 1 5152 saa2 1 5157 
4 5 saa5 4 5168 9 
1 5 6 
2 7 
1 6 
4 5 saa5 4 5206 9 
0 5 7 8 saa8 7 521
2 4 4 sd 4 4 5225 saa5 4 5227 
2 
5 7 8 saa8 7 524
5 5 sd 5 5 5257 
7 9 
1 2 saa2 1 5274 
1 2 saa2 1 5285 8 
0 2 9 
0 2 4 9 
0 2 5 6 
6 8 9 
4 5 saa5 4 533
2 4 5 saa5 4 534
0 1 saa1 0 5352 saa2 1 535
0 1 saa1 0 5362 saa2 1 536
1 
2 5 8 9 
3 4 saa4 3 5394 sd 4 4 5395 saa5 4 5399 
2 8 
1 2 saa2 1 5418 
2 5 8 
3 4 saa4 3 5435 saa5 4 5435 sd 5 5 5439 
1 4 5 saa5 4 544
1 2 saa2 1 5453 5 
2 5 
2 4 
0 2 4 
0 1 saa1 0 5492 saa2 1 5496 9 
2 4 4 sd 4 4 5508 
2 6 
2 3 8 
4 5 saa5 4 553
5 8 
0 0 sd 0 0 5552 8 
2 4 5 saa5 4 556
2 4 5 saa5 4 5576 
4 6 9 
0 2 4 4 sd 4 4 5595 saa5 4 5596 
1 2 saa2 1 5603 
2 4 6 
2 4 7 9 
4 4 sd 4 4 5638 
1 4 5 saa5 4 5649 
5 5 sd 5 5 565
1 4 6 
2 2 sd 2 2 567
2 4 4 sd 4 4 5686 
5 
2 3 4 saa4 3 5705 saa5 4 570
2 4 7 8 saa8 7 571
0 4 7 9 
4 6 
2 4 4 sd 4 4 5746 
2 4 9 
1 2 saa2 1 5766 8 
4 5 saa5 4 5776 8 
2 3 
0 8 
4 5 saa5 4 5806 
5 5 sd 5 5 5818 
3 6 8 
5 
4 
3 4 saa4 3 5855 saa5 4 5856 
3 5 
0 6 
4 6 
6 9 
4 8 

5 
5 
1 5 9 
4 5 saa5 4 595
4 6 
6 9 
8 
2 3 8 
2 3 
3 4 saa4 3 6018 9 
8 9 
2 3 8 
2 3 
3 4 saa4 3 6055 saa5 4 6059 
0 2 4 
4 7 9 
3 8 
3 4 saa4 3 6099 

4 8 
0 3 9 
9 
2 3 8 

4 6 8 
2 9 
3 
4 9 9 sd 9 9 619
4 4 sd 4 4 6209 
2 3 
2 
2 3 
2 3 
3 4 saa4 3 6259 
2 3 
4 7 8 saa8 7 627
2 3 
2 3 
2 3 8 
2 4 
2 3 4 saa4 3 632
2 3 9 
3 7 8 saa8 7 634
2 3 3 sd 3 3 6358 
2 3 7 8 saa8 7 636
2 3 4 saa4 3 637
9 
3 8 
3 6 9 
3 3 sd 3 3 6418 9 
3 8 9 
4 6 8 
2 3 
2 3 8 
0 2 9 
2 8 
3 4 saa4 3 6489 
2 9 
2 3 8 9 
2 3 8 
0 2 3 4 saa4 3 652
4 
0 3 8 
0 9 
2 3 8 
3 8 
0 3 4 saa4 3 6588 9 
2 3 8 9 
0 2 9 
2 3 8 9 
2 3 
3 7 8 saa8 7 6639 
8 9 
0 3 8 9 
3 
0 
1 2 saa2 1 6683 
2 3 4 saa4 3 6696 8 
3 8 9 
0 2 3 8 9 
8 9 
3 8 9 
2 8 9 
4 8 9 
8 9 
9 
8 9 
7 8 saa8 7 6799 
4 8 9 
0 1 saa1 0 6818 9 
1 6 8 
8 
1 4 8 9 
1 4 
1 4 9 
0 1 saa1 0 6879 
0 1 saa1 0 6883 7 8 saa8 7 688
1 4 8 9 
0 1 saa1 0 6908 9 
8 
4 8 9 
8 9 
8 9 
8 9 
3 8 9 
0 8 9 
8 9 
8 9 
8 9 
8 9 
9 
3 8 9 
0 7 9 
8 9 
8 9 
8 9 
8 9 
0 8 9 
6 9 
9 
9 
0 9 
9 
9 

9 


3 
0 


0 
7 

0 

0 


7 
0 

0 6 
0 
0 3 6 
0 3 
0 3 
0 3 
0 3 
3 6 
0 3 6 
0 3 6 
0 3 6 
0 3 6 7 saa7 6 746
0 3 6 
0 3 6 7 saa7 6 748
0 3 6 
0 3 6 
0 3 6 
0 3 6 
0 3 6 
0 3 6 
0 3 6 
0 3 6 
0 3 6 
0 3 6 
0 3 6 
0 3 6 
0 3 
0 3 
0 3 
0 3 
0 3 
0 3 
0 3 
0 3 
3 
3 
3 
3 
3 




7 
7 
7 
7 
7 
7 
7 
7 
7 
7 
7 
7 
7 
7 
7 
7 
7 
7 
7 
7 
7 
7 
7 
7 
7 
7 
7 
7 
7 
7 
7 
