0 127
1 117
2 14
3 146
4 230
5 149
6 305
7 163
8 266
9 299
10 300
11 39
12 172
13 298
14 143
15 118
16 92
17 1
18 135
19 66
20 280
21 291
22 172
23 206
24 26
25 70
26 48
27 3
28 221
29 60
30 174
31 122
32 307
33 53
34 37
35 90
36 37
37 230
38 31
39 37
40 139
41 246
42 92
43 70
44 176
45 177
46 109
47 25
48 220
49 145
50 157
51 27
52 226
53 229
54 217
55 38
56 216
57 254
58 70
59 84
60 295
61 161
62 238
63 104
64 202
65 249
66 248
67 107
68 300
69 117
70 246
71 274
72 96
73 259
74 29
75 125
76 293
77 173
78 92
79 35
80 249
81 26
82 296
83 118
84 277
85 301
86 161
87 290
88 20
89 307
90 66
91 202
92 23
93 202
94 262
95 91
96 144
97 264
98 41
99 10
100 75
101 182
102 96
103 18
104 225
105 227
106 307
107 247
108 59
109 70
110 281
111 66
112 189
113 14
114 175
115 192
116 294
117 194
118 86
119 186
120 214
121 49
122 69
123 87
124 17
125 221
126 268
127 125
128 242
129 15
130 94
131 21
132 213
133 36
134 113
135 266
136 274
137 224
138 185
139 293
140 242
141 281
142 246
143 132
144 131
145 10
146 217
147 185
148 281
149 135
150 147
151 233
152 124
153 222
154 301
155 7
156 202
157 247
158 250
159 227
160 257
161 59
162 263
163 117
164 302
165 98
166 152
167 46
168 17
169 99
170 234
171 225
172 150
173 203
174 171
175 64
176 299
177 286
178 296
179 21
180 222
181 84
182 252
183 125
184 78
185 308
186 206
187 256
188 197
189 286
190 255
191 39
192 249
193 189
194 122
195 237
196 210
197 258
198 145
199 10
200 2
201 198
202 212
203 154
204 266
205 158
206 243
207 86
208 79
209 49
210 137
211 224
212 13
213 244
214 49
215 225
216 245
217 286
218 131
219 160
220 101
221 265
222 24
223 292
224 40
225 11
226 117
227 275
228 48
229 188
230 259
231 300
232 170
233 78
234 289
235 18
236 268
237 300
238 31
239 281
240 208
241 132
242 99
243 186
244 237
245 246
246 177
247 67
248 105
249 263
250 173
251 17
252 122
253 135
254 9
255 273
256 181
257 123
258 9
259 10
260 247
261 225
262 7
263 40
264 40
265 202
266 196
267 64
268 177
269 273
270 245
271 17
272 152
273 83
274 36
275 115
276 229
277 99
278 89
279 64
280 76
281 308
282 40
283 308
284 188
