1 176
1 187
1 99
1 193
1 30
1 67
2 164
2 106
2 202
2 212
2 18
2 66
3 89
3 82
3 110
3 32
3 146
3 63
4 34
4 170
4 91
4 124
4 12
4 42
5 42
5 169
5 97
5 38
5 50
5 75
6 121
6 84
6 68
6 70
6 5
6 12
7 134
7 84
7 193
7 8
7 33
7 141
8 112
8 97
8 4
8 133
8 160
8 35
9 214
9 17
9 51
9 104
9 127
9 128
10 20
10 144
10 107
10 78
10 58
10 207
11 99
11 126
11 198
11 127
11 1
11 150
12 94
12 227
12 108
12 176
12 39
12 31
13 151
13 157
13 73
13 17
13 159
13 59
14 24
14 217
14 41
14 97
14 32
14 6
15 1
15 79
15 105
15 80
15 187
15 30
16 129
16 131
16 205
16 181
16 134
16 36
17 10
17 171
17 21
17 71
17 94
17 36
18 66
18 41
18 153
18 114
18 50
18 141
19 118
19 184
19 160
19 87
19 151
19 139
20 123
20 58
20 124
20 181
20 62
20 15
21 137
21 194
21 188
21 102
21 38
21 228
22 128
22 73
22 15
22 55
22 180
22 50
23 25
23 51
23 108
23 138
23 193
23 140
24 109
24 118
24 100
24 144
24 36
24 62
25 26
25 66
25 30
25 72
25 95
25 115
26 137
26 120
26 13
26 193
26 195
26 121
27 112
27 154
27 48
27 165
27 156
27 226
28 44
28 145
28 226
28 166
28 54
28 32
29 175
29 11
29 106
29 6
29 115
29 35
30 16
30 170
30 95
30 211
30 52
30 117
31 133
31 165
31 190
31 159
31 28
31 139
32 65
32 216
32 192
32 122
32 217
32 46
33 163
33 10
33 70
33 31
33 129
33 114
34 213
34 165
34 33
34 9
34 178
34 179
35 32
35 228
35 122
35 78
35 125
35 23
36 30
36 44
36 42
36 87
36 146
36 191
37 130
37 103
37 203
37 93
37 167
37 31
38 204
38 10
38 90
38 202
38 228
38 60
39 76
39 165
39 167
39 102
39 160
39 60
40 85
40 111
40 86
40 190
40 21
40 27
41 196
41 221
41 81
41 125
41 56
41 136
42 63
42 223
42 133
42 21
42 161
42 141
43 166
43 181
43 94
43 84
43 80
43 118
44 93
44 12
44 65
44 132
44 67
44 162
45 48
45 179
45 45
45 51
45 149
45 55
46 70
46 151
46 103
46 191
46 46
46 153
47 110
47 43
47 126
47 113
47 146
47 162
48 179
48 219
48 195
48 48
48 175
48 33
49 136
49 9
49 96
49 157
49 94
49 196
50 137
50 163
50 181
50 54
50 218
50 3
51 119
51 221
51 190
51 38
51 25
51 191
52 100
52 175
52 62
52 179
52 170
52 146
53 68
53 51
53 53
53 87
53 208
53 12
54 164
54 39
54 5
54 186
54 176
54 96
55 105
55 91
55 127
55 134
55 142
55 181
56 160
56 140
56 210
56 5
56 119
56 103
57 69
57 193
57 70
57 17
57 28
57 38
58 173
58 24
58 157
58 103
58 51
58 65
59 137
59 191
59 67
59 217
59 20
59 160
60 55
60 167
60 154
60 147
60 157
60 226
61 126
61 124
61 4
61 151
61 201
61 16
62 97
62 202
62 78
62 104
62 10
62 63
63 68
63 31
63 83
63 52
63 164
63 168
64 171
64 142
64 127
64 6
64 15
64 154
65 98
65 225
65 159
65 128
65 130
65 189
66 190
66 182
66 9
66 144
66 150
66 28
67 7
67 172
67 146
67 149
67 121
67 95
68 145
68 35
68 203
68 110
68 182
68 71
69 149
69 63
69 220
69 118
69 7
69 227
70 30
70 115
70 212
70 20
70 221
70 174
71 41
71 206
71 73
71 107
71 18
71 121
72 212
72 162
72 221
72 33
72 97
72 1
73 70
73 29
73 78
73 52
73 102
73 39
74 197
74 85
74 100
74 30
74 10
74 97
75 48
75 85
75 180
75 156
75 153
75 194
76 192
76 144
76 185
76 217
76 3
76 7
77 139
77 155
77 201
77 72
77 69
77 129
78 115
78 93
78 74
78 180
78 82
78 165
79 143
79 94
79 66
79 74
79 141
79 69
80 72
80 92
80 89
80 23
80 67
80 223
81 210
81 38
81 140
81 192
81 178
81 45
82 71
82 92
82 102
82 55
82 139
82 23
83 93
83 190
83 228
83 121
83 142
83 98
84 40
84 43
84 224
84 152
84 122
84 221
85 145
85 204
85 0
85 101
85 67
85 36
86 136
86 60
86 152
86 161
86 75
86 58
87 113
87 25
87 128
87 221
87 92
87 210
88 32
88 1
88 137
88 214
88 47
88 153
89 227
89 29
89 200
89 201
89 211
89 203
90 66
90 208
90 115
90 33
90 35
90 134
91 2
91 222
91 225
91 137
91 4
91 109
92 166
92 183
92 14
92 91
92 52
92 69
93 18
93 99
93 141
93 200
93 107
93 52
94 143
94 116
94 104
94 144
94 80
94 171
95 227
95 60
95 131
95 162
95 172
95 221
96 6
96 3
96 22
96 25
96 9
96 38
97 211
97 153
97 132
97 135
97 120
97 65
98 1
98 219
98 3
98 210
98 55
98 228
99 1
99 84
99 5
99 10
99 189
99 173
100 120
100 30
100 93
100 115
100 102
100 66
101 140
101 91
101 17
101 63
101 44
101 145
102 181
102 170
102 172
102 39
102 41
102 141
103 172
103 218
103 171
103 224
103 25
103 116
104 223
104 215
104 172
104 224
104 84
104 108
105 118
105 107
105 207
105 12
105 5
105 200
106 44
106 135
106 79
106 96
106 227
106 18
107 102
107 60
107 172
107 117
107 120
107 208
108 139
108 209
108 38
108 160
108 213
108 17
109 196
109 217
109 170
109 159
109 1
109 182
110 118
110 0
110 200
110 201
110 154
110 205
111 205
111 209
111 90
111 105
111 144
111 222
112 52
112 178
112 2
112 192
112 130
112 90
113 64
113 189
113 173
113 95
113 12
113 76
114 162
114 19
114 52
114 35
114 113
114 29
115 187
115 201
115 77
115 110
115 83
115 27
116 105
116 211
116 118
116 16
116 185
116 141
117 171
117 2
117 111
117 221
117 69
117 89
118 190
118 218
118 71
118 68
118 81
118 205
119 222
119 0
119 204
119 87
119 124
119 162
120 210
120 62
120 43
120 63
120 228
120 143
121 222
121 91
121 73
121 100
121 60
121 178
122 194
122 150
122 211
122 87
122 190
122 163
123 215
123 158
123 148
123 0
123 44
123 141
124 63
124 45
124 216
124 57
124 70
124 102
125 78
125 181
125 105
125 121
125 0
125 100
126 64
126 197
126 180
126 100
126 66
126 167
127 132
127 183
127 84
127 164
127 159
127 52
128 152
128 52
128 99
128 121
128 139
128 189
129 110
129 141
129 143
129 136
129 221
129 159
130 63
130 87
130 95
130 174
130 93
130 198
131 46
131 223
131 83
131 150
131 52
131 86
132 222
132 228
132 115
132 40
132 87
132 123
133 41
133 119
133 215
133 84
133 125
133 161
134 98
134 118
134 6
134 112
134 133
134 17
135 12
135 131
135 82
135 67
135 11
135 14
136 3
136 77
136 152
136 80
136 153
136 159
137 108
137 30
137 222
137 115
137 37
137 28
138 226
138 133
138 130
138 72
138 227
138 47
139 49
139 33
139 140
139 118
139 77
139 26
140 204
140 34
140 192
140 215
140 202
140 16
141 153
141 126
141 11
141 17
141 151
141 138
142 78
142 66
142 221
142 124
142 137
142 23
143 141
143 127
143 143
143 82
143 17
143 144
144 176
144 91
144 12
144 122
144 182
144 134
145 143
145 210
145 148
145 180
145 223
145 36
146 110
146 0
146 83
146 113
146 70
146 143
147 60
147 144
147 118
147 92
147 8
147 80
148 122
148 124
148 156
148 52
148 54
148 33
149 47
149 131
149 38
149 174
149 203
149 164
150 44
150 48
150 203
150 89
150 127
150 72
151 124
151 138
151 215
151 64
151 126
151 92
152 194
152 112
152 89
152 169
152 204
152 153
153 212
153 135
153 18
153 115
153 92
153 227
154 89
154 164
154 73
154 52
154 198
154 115
155 111
155 62
155 185
155 95
155 174
155 170
156 74
156 140
156 64
156 71
156 67
156 137
157 168
157 115
157 119
157 102
157 218
157 4
158 219
158 47
158 199
158 179
158 140
158 187
159 221
159 161
159 202
159 147
159 125
159 128
160 33
160 112
160 183
160 41
160 169
160 35
161 103
161 121
161 23
161 174
161 164
161 27
162 145
162 22
162 192
162 205
162 11
162 226
163 108
163 133
163 228
163 216
163 65
163 93
164 141
164 68
164 226
164 53
164 36
164 93
165 169
165 0
165 104
165 191
165 132
165 121
166 134
166 16
166 64
166 108
166 219
166 228
167 53
167 116
167 163
167 219
167 43
167 138
168 210
168 88
168 63
168 11
168 191
168 52
169 134
169 132
169 190
169 92
169 31
169 46
170 219
170 214
170 1
170 134
170 154
170 200
171 147
171 97
171 99
171 180
171 221
171 62
172 44
172 47
172 207
172 13
172 136
172 117
173 219
173 112
173 100
173 19
173 25
173 66
174 62
174 153
174 89
174 111
174 210
174 181
175 164
175 102
175 221
175 5
175 178
175 224
176 95
176 74
176 221
176 203
176 35
176 31
177 141
177 162
177 52
177 79
177 228
177 167
178 154
178 207
178 221
178 24
178 90
178 37
179 93
179 82
179 133
179 178
179 98
179 15
180 128
180 203
180 63
180 42
180 223
180 157
181 179
181 185
181 33
181 15
181 74
181 99
182 187
182 77
182 120
182 118
182 196
182 28
183 188
183 100
183 138
183 171
183 204
183 201
184 194
184 120
184 183
184 56
184 201
184 49
185 224
185 48
185 15
185 0
185 123
185 65
186 23
186 143
186 210
186 186
186 165
186 151
187 45
187 120
187 150
187 108
187 18
187 196
188 159
188 4
188 195
188 94
188 160
188 74
189 78
189 21
189 192
189 155
189 67
189 0
190 94
190 30
190 165
190 0
190 189
190 48
191 154
191 48
191 81
191 188
191 110
191 150
192 30
192 163
192 133
192 28
192 99
192 52
193 96
193 210
193 166
193 132
193 41
193 55
194 22
194 72
194 102
194 79
194 187
194 110
195 67
195 151
195 76
195 129
195 191
195 180
196 10
196 207
196 26
196 131
196 210
196 49
197 2
197 65
197 12
197 69
197 124
197 121
198 9
198 18
198 30
198 159
198 120
198 185
199 95
199 213
199 142
199 34
199 101
199 96
200 47
200 40
200 168
200 58
200 160
200 217
201 57
201 105
201 45
201 167
201 65
201 47
202 150
202 209
202 226
202 166
202 112
202 133
203 113
203 75
203 150
203 152
203 207
203 14
204 136
204 90
204 216
204 133
204 174
204 214
205 205
205 34
205 218
205 169
205 221
205 112
206 42
206 49
206 69
206 191
206 80
206 85
207 46
207 140
207 122
207 107
207 128
207 99
208 48
208 30
208 22
208 130
208 221
208 10
209 214
209 175
209 80
209 137
209 104
209 34
210 183
210 72
210 153
210 101
210 155
210 152
211 213
211 77
211 37
211 19
211 105
211 7
212 204
212 56
212 159
212 163
212 206
212 138
213 95
213 48
213 9
213 187
213 65
213 77
214 218
214 227
214 39
214 3
214 157
214 37
215 33
215 197
215 116
215 63
215 84
215 133
216 122
216 161
216 76
216 78
216 70
216 100
217 90
217 183
217 199
217 180
217 62
217 9
218 216
218 194
218 94
218 95
218 203
218 76
219 182
219 204
219 91
219 75
219 48
219 216
220 84
220 17
220 82
220 105
220 27
220 37
221 102
221 63
221 77
221 137
221 209
221 120
222 95
222 153
222 109
222 64
222 162
222 191
223 182
223 62
223 43
223 30
223 40
223 7
224 118
224 120
224 207
224 52
224 112
224 197
225 109
225 209
225 184
225 48
225 111
225 121
226 212
226 214
226 67
226 56
226 216
226 87
227 126
227 43
227 162
227 181
227 18
227 187
228 123
228 90
228 219
228 143
228 200
228 144
229 148
229 170
229 185
229 124
229 214
229 53
230 93
230 154
230 118
230 159
230 156
230 214
231 205
231 227
231 92
231 182
231 38
231 100
232 10
232 150
232 115
232 212
232 178
232 12
233 107
233 71
233 201
233 17
233 37
233 28
234 216
234 201
234 65
234 167
234 54
234 198
235 42
235 207
235 141
235 180
235 120
235 148
236 221
236 82
236 83
236 62
236 170
236 147
237 171
237 93
237 69
237 126
237 52
237 184
238 63
238 119
238 207
238 171
238 52
238 72
239 219
239 43
239 75
239 6
239 203
239 225
240 73
240 217
240 139
240 154
240 209
240 15
241 71
241 107
241 192
241 48
241 52
241 81
242 69
242 9
242 103
242 85
242 95
242 119
243 180
243 115
243 170
243 121
243 20
243 94
244 41
244 127
244 226
244 175
244 166
244 74
245 196
245 165
245 115
245 187
245 213
245 210
246 18
246 72
246 164
246 32
246 222
246 96
247 91
247 119
247 15
247 53
247 137
247 159
248 132
248 52
248 62
248 193
248 162
248 26
249 22
249 66
249 62
249 199
249 1
249 212
250 157
250 87
250 141
250 202
250 115
250 137
251 162
251 142
251 22
251 123
251 219
251 85
252 191
252 41
252 16
252 209
252 93
252 186
253 95
253 5
253 6
253 101
253 87
253 76
254 44
254 14
254 174
254 212
254 124
254 74
255 129
255 15
255 178
255 208
255 154
255 52
256 223
256 98
256 183
256 188
256 22
256 164
257 127
257 132
257 42
257 119
257 154
257 192
258 173
258 145
258 170
258 2
258 210
258 109
259 156
259 217
259 165
259 154
259 187
259 228
260 127
260 95
260 87
260 223
260 78
260 96
261 118
261 190
261 16
261 166
261 87
261 18
262 169
262 201
262 53
262 111
262 95
262 214
263 200
263 162
263 100
263 122
263 68
263 49
264 30
264 225
264 102
264 19
264 180
264 174
265 73
265 143
265 129
265 26
265 180
265 100
266 35
266 28
266 94
266 66
266 205
266 180
267 192
267 217
267 83
267 75
267 188
267 166
268 60
268 104
268 100
268 191
268 154
268 118
269 39
269 177
269 70
269 115
269 159
269 25
270 98
270 191
270 85
270 56
270 10
270 181
271 17
271 30
271 131
271 185
271 31
271 212
272 215
272 24
272 145
272 131
272 49
272 226
273 42
273 13
273 139
273 63
273 155
273 109
274 187
274 122
274 12
274 140
274 161
274 8
275 55
275 215
275 88
275 183
275 166
275 171
276 192
276 9
276 146
276 154
276 34
276 194
277 130
277 132
277 189
277 213
277 8
277 103
278 133
278 147
278 200
278 194
278 207
278 134
279 32
279 7
279 46
279 22
279 221
279 82
280 110
280 37
280 180
280 190
280 118
280 43
281 200
281 107
281 221
281 16
281 154
281 227
282 221
282 159
282 183
282 152
282 149
282 13
283 107
283 4
283 49
283 200
283 63
283 22
284 205
284 166
284 108
284 37
284 209
284 221
285 203
285 166
285 74
285 88
285 68
285 135
286 92
286 54
286 58
286 154
286 119
286 128
287 76
287 186
287 14
287 83
287 217
287 10
288 180
288 126
288 0
288 31
288 63
288 141
289 209
289 174
289 163
289 38
289 119
289 134
290 23
290 49
290 184
290 25
290 108
290 182
291 30
291 93
291 120
291 203
291 44
291 199
292 25
292 52
292 3
292 163
292 189
292 57
293 210
293 100
293 104
293 225
293 19
293 96
294 92
294 52
294 94
294 115
294 165
294 159
295 52
295 195
295 1
295 201
295 121
295 66
296 138
296 159
296 131
296 67
296 103
296 155
297 70
297 52
297 116
297 11
297 177
297 166
298 26
298 163
298 154
298 80
298 62
298 117
299 102
299 185
299 195
299 182
299 211
299 146
300 36
300 20
300 102
300 190
300 165
300 125
301 87
301 219
301 155
301 40
301 141
301 208
302 203
302 205
302 207
302 133
302 93
302 186
303 122
303 138
303 193
303 174
303 18
303 11
304 52
304 92
304 73
304 13
304 174
304 107
305 78
305 136
305 33
305 204
305 138
305 59
306 103
306 138
306 218
306 95
306 221
306 43
307 77
307 171
307 46
307 124
307 79
307 190
308 212
308 33
308 48
308 7
308 169
308 168
309 71
309 12
309 61
309 125
309 52
309 101
310 145
310 7
310 137
310 38
310 52
310 228
311 214
311 8
311 115
311 36
311 107
311 163
312 14
312 67
312 18
312 139
312 121
312 168
313 93
313 37
313 101
313 102
313 137
313 27
314 37
314 171
314 186
314 38
314 116
314 104
315 218
315 6
315 14
315 77
315 2
315 96
316 184
316 198
316 135
316 173
316 163
316 176
317 54
317 201
317 203
317 35
317 204
317 86
318 40
318 213
318 117
318 63
318 41
318 34
319 223
319 72
319 125
319 35
319 130
319 28
320 217
320 14
320 57
320 195
320 219
320 199
321 223
321 79
321 174
321 112
321 219
321 41
322 78
322 144
322 178
322 166
322 87
322 85
323 45
323 207
323 178
323 52
323 199
323 146
324 176
324 174
324 221
324 159
324 225
324 90
325 148
325 89
325 98
325 172
325 99
325 46
326 88
326 199
326 173
326 112
326 148
326 157
327 213
327 64
327 187
327 223
327 98
327 4
328 93
328 150
328 154
328 135
328 95
328 198
329 27
329 148
329 24
329 182
329 129
329 0
330 192
330 53
330 17
330 68
330 198
330 222
331 160
331 213
331 1
331 12
331 87
331 61
332 112
332 36
332 22
332 28
332 132
332 61
333 225
333 17
333 141
333 69
333 81
333 11
334 115
334 27
334 117
334 193
334 76
334 1
335 71
335 73
335 88
335 197
335 171
335 182
336 94
336 30
336 54
336 195
336 64
336 105
337 34
337 196
337 198
337 89
337 218
337 108
338 110
338 96
338 211
338 45
338 173
338 69
339 119
339 92
339 96
339 197
339 202
339 131
340 23
340 48
340 110
340 148
340 111
340 142
341 120
341 208
341 139
341 72
341 121
341 86
342 201
342 221
342 215
342 154
342 71
342 83
343 181
343 199
343 112
343 52
343 92
343 150
344 218
344 226
344 11
344 177
344 180
344 12
345 107
345 109
345 149
345 221
345 27
345 60
346 174
346 123
346 169
346 14
346 78
346 131
347 174
347 189
347 223
347 115
347 95
347 58
348 164
348 128
348 23
348 43
348 56
348 182
349 217
349 142
349 80
349 71
349 101
349 16
350 61
350 87
350 174
350 148
350 218
350 206
351 27
351 213
351 78
351 200
351 177
351 112
352 74
352 48
352 182
352 167
352 193
352 83
353 208
353 143
353 1
353 210
353 157
353 211
354 195
354 119
354 53
354 36
354 60
354 156
355 210
355 173
355 6
355 12
355 47
355 119
356 168
356 6
356 98
356 66
356 107
356 192
357 20
357 145
357 15
357 56
357 7
357 97
358 61
358 81
358 119
358 103
358 189
358 191
359 26
359 217
359 177
359 160
359 208
359 44
360 141
360 28
360 85
360 127
360 2
360 40
361 57
361 199
361 43
361 82
361 104
361 68
362 116
362 67
362 226
362 119
362 32
362 193
363 137
363 182
363 172
363 39
363 226
363 207
364 91
364 154
364 189
364 167
364 96
364 41
365 55
365 202
365 12
365 38
365 197
365 94
366 23
366 144
366 12
366 61
366 48
366 203
367 68
367 123
367 43
367 124
367 71
367 0
368 92
368 2
368 61
368 107
368 46
368 25
369 219
369 91
369 185
369 7
369 72
369 169
370 142
370 109
370 72
370 98
370 75
370 124
371 98
371 165
371 175
371 62
371 63
371 205
372 203
372 224
372 226
372 31
372 163
372 80
373 47
373 98
373 101
373 1
373 115
373 198
374 19
374 59
374 223
374 187
374 172
374 180
375 132
375 134
375 27
375 94
375 151
375 34
376 65
376 131
376 81
376 86
376 126
376 181
377 156
377 191
377 180
377 186
377 47
377 52
378 44
378 54
378 59
378 109
378 129
378 5
379 189
379 224
379 38
379 55
379 200
379 91
380 42
380 144
380 172
380 84
380 104
380 117
381 48
381 147
381 122
381 96
381 152
381 172
382 201
382 75
382 76
382 146
382 211
382 9
383 128
383 146
383 135
383 189
383 151
383 203
384 107
384 111
384 195
384 74
384 22
384 117
385 165
385 38
385 3
385 159
385 40
385 170
386 141
386 71
386 108
386 17
386 22
386 115
387 146
387 30
387 38
387 65
387 136
387 93
388 18
388 12
388 43
388 119
388 62
388 171
389 138
389 42
389 93
389 98
389 104
389 132
390 165
390 120
390 167
390 225
390 43
390 173
391 107
391 139
391 48
391 40
391 156
391 23
392 176
392 119
392 133
392 31
392 54
392 83
393 180
393 123
393 11
393 78
393 55
393 160
394 74
394 144
394 159
394 27
394 150
394 48
395 115
395 38
395 223
395 130
395 195
395 199
396 164
396 131
396 169
396 101
396 154
396 209
397 57
397 71
397 219
397 61
397 141
397 197
398 33
398 38
398 127
398 52
398 221
398 195
399 147
399 6
399 87
399 107
399 149
399 83
400 27
400 204
400 8
400 151
400 136
400 80
401 98
401 144
401 197
401 213
401 94
401 166
402 173
402 157
402 3
402 87
402 215
402 166
403 117
403 105
403 131
403 133
403 210
403 180
404 135
404 208
404 88
404 167
404 200
404 20
405 116
405 108
405 98
405 32
405 158
405 121
406 67
406 76
406 224
406 40
406 42
406 27
407 80
407 183
407 198
407 166
407 82
407 165
408 78
408 192
408 131
408 173
408 156
408 154
409 108
409 67
409 207
409 154
409 71
409 125
410 151
410 74
410 82
410 217
410 76
410 86
411 20
411 191
411 154
411 62
411 72
411 24
412 183
412 98
412 115
412 207
412 145
412 36
413 22
413 189
413 217
413 122
413 25
413 113
414 68
414 151
414 185
414 83
414 218
414 99
415 41
415 77
415 146
415 193
415 134
415 158
416 148
416 119
416 157
416 121
416 123
416 166
417 61
417 200
417 228
417 147
417 72
417 24
418 144
418 149
418 8
418 9
418 74
418 170
419 63
419 64
419 46
419 119
419 200
419 148
420 11
420 72
420 126
420 203
420 218
420 30
421 148
421 196
421 175
421 2
421 139
421 53
422 17
422 33
422 156
422 197
422 91
422 161
423 4
423 12
423 108
423 154
423 223
423 110
424 113
424 221
424 117
424 142
424 14
424 223
425 202
425 7
425 187
425 87
425 192
425 9
426 161
426 190
426 213
426 143
426 126
426 191
427 25
427 69
427 209
427 225
427 0
427 100
428 67
428 225
428 38
428 109
428 165
428 102
429 44
429 46
429 69
429 126
429 83
429 75
430 22
430 15
430 78
430 12
430 105
430 189
431 204
431 203
431 174
431 72
431 105
431 88
432 213
432 163
432 214
432 223
432 88
432 218
433 213
433 58
433 94
433 73
433 217
433 120
434 222
434 40
434 95
434 27
434 223
434 101
435 58
435 168
435 34
435 190
435 175
435 4
436 129
436 18
436 65
436 43
436 35
436 73
437 2
437 24
437 11
437 181
437 22
437 31
438 193
438 149
438 88
438 34
438 92
438 195
439 219
439 54
439 49
439 80
439 56
439 14
440 209
440 1
440 102
440 17
440 149
440 26
441 103
441 180
441 214
441 84
441 175
441 124
442 84
442 197
442 175
442 198
442 152
442 191
443 63
443 107
443 207
443 137
443 91
443 125
444 172
444 36
444 121
444 213
444 119
444 17
445 11
445 33
445 184
445 63
445 93
445 157
446 72
446 30
446 125
446 169
446 127
446 108
447 101
447 107
447 109
447 80
447 215
447 176
448 149
448 19
448 121
448 14
448 146
448 60
449 58
449 132
449 94
449 86
449 18
449 169
450 214
450 157
450 203
450 124
450 54
450 26
451 196
451 207
451 222
451 32
451 73
451 78
452 54
452 197
452 136
452 193
452 128
452 5
453 47
453 123
453 200
453 191
453 89
453 3
454 26
454 22
454 148
454 8
454 162
454 123
455 72
455 7
455 180
455 101
455 131
455 150
456 115
456 111
456 2
456 171
456 86
456 200
457 191
457 26
457 130
457 56
457 46
457 57
458 30
458 162
458 221
458 55
458 73
458 225
459 92
459 192
459 195
459 207
459 115
459 30
460 168
460 38
460 120
460 86
460 4
460 221
461 145
461 201
461 73
461 219
461 34
461 161
462 38
462 120
462 213
462 175
462 32
462 68
463 66
463 110
463 22
463 107
463 87
463 120
464 82
464 14
464 0
464 138
464 208
464 40
465 22
465 54
465 157
465 117
465 56
465 46
466 221
466 73
466 62
466 175
466 189
466 195
467 22
467 195
467 228
467 68
467 24
467 158
468 163
468 173
468 43
468 138
468 45
468 168
469 225
469 109
469 227
469 161
469 165
469 20
470 226
470 104
470 112
470 49
470 222
470 142
471 200
471 222
471 180
471 202
471 167
471 160
472 44
472 174
472 95
472 54
472 6
472 74
473 213
473 42
473 122
473 124
473 58
473 92
474 75
474 164
474 144
474 108
474 16
474 110
475 147
475 2
475 92
475 76
475 200
475 206
476 115
476 218
476 55
476 133
476 107
476 46
477 3
477 111
477 66
477 17
477 163
477 158
478 97
478 152
478 122
478 107
478 177
478 87
479 130
479 126
479 226
479 174
479 69
479 221
480 173
480 54
480 186
480 17
480 119
480 107
481 154
481 145
481 156
481 6
481 227
481 30
482 22
482 115
482 163
482 217
482 107
482 146
483 73
483 163
483 141
483 3
483 97
483 93
484 126
484 123
484 193
484 14
484 168
484 62
485 222
485 197
485 122
485 176
485 23
485 191
486 6
486 31
486 160
486 16
486 75
486 202
487 189
487 102
487 213
487 112
487 19
487 215
488 48
488 95
488 210
488 140
488 87
488 6
489 22
489 187
489 4
489 24
489 73
489 127
490 228
490 155
490 119
490 33
490 35
490 207
491 121
491 26
491 133
491 164
491 150
491 211
492 222
492 180
492 195
492 19
492 173
492 203
493 162
493 77
493 33
493 178
493 154
493 48
494 24
494 81
494 120
494 210
494 75
494 34
495 189
495 57
495 191
495 35
495 172
495 92
496 38
496 26
496 130
496 40
496 195
496 14
497 176
497 78
497 152
497 8
497 73
497 5
498 68
498 223
498 96
498 33
498 115
498 40
499 39
499 24
499 95
499 19
499 124
499 190
500 103
500 186
500 150
500 176
500 161
500 38
501 5
501 61
501 178
501 213
501 3
501 219
502 129
502 35
502 218
502 104
502 3
502 158
503 109
503 100
503 122
503 57
503 1
503 83
504 32
504 48
504 38
504 154
504 3
504 175
505 104
505 174
505 27
505 87
505 145
505 109
506 138
506 4
506 165
506 152
506 185
506 134
507 138
507 108
507 146
507 54
507 162
507 156
508 95
508 218
508 180
508 99
508 198
508 202
509 200
509 219
509 226
509 190
509 124
509 134
510 205
510 75
510 138
510 61
510 84
510 103
511 38
511 182
511 222
511 208
511 54
511 83
512 18
512 108
512 123
512 78
512 19
512 84
513 228
513 130
513 80
513 57
513 73
513 131
514 213
514 1
514 203
514 139
514 125
514 17
515 129
515 158
515 214
515 137
515 67
515 40
516 182
516 190
516 226
516 99
516 141
516 176
517 142
517 213
517 116
517 166
517 62
517 97
518 126
518 127
518 80
518 144
518 107
518 201
519 116
519 217
519 147
519 210
519 195
519 140
520 122
520 127
520 140
520 95
520 100
520 152
521 205
521 20
521 189
521 57
521 193
521 127
522 169
522 156
522 207
522 221
522 125
522 26
523 140
523 99
523 2
523 156
523 62
523 58
524 208
524 185
524 143
524 54
524 17
524 46
525 204
525 144
525 96
525 226
525 68
525 24
526 39
526 90
526 41
526 209
526 130
526 121
527 166
527 1
527 100
527 59
527 150
527 143
528 185
528 57
528 161
528 44
528 178
528 18
529 49
529 170
529 172
529 156
529 58
529 68
530 206
530 68
530 54
530 154
530 48
530 97
531 2
531 96
531 204
531 119
531 77
531 103
532 221
532 217
532 26
532 8
532 36
532 195
533 32
533 127
533 110
533 117
533 227
533 187
534 62
534 158
534 30
534 195
534 6
534 107
535 41
535 128
535 38
535 214
535 11
535 141
536 54
536 57
536 40
536 32
536 61
536 85
537 128
537 190
537 222
537 96
537 5
537 195
538 184
538 171
538 154
538 142
538 63
538 169
539 134
539 76
539 180
539 203
539 14
539 112
540 12
540 214
540 131
540 88
540 82
540 129
541 19
541 35
541 87
541 227
541 119
541 16
542 166
542 223
542 183
542 23
542 48
542 17
543 69
543 99
543 96
543 73
543 103
543 45
544 169
544 81
544 208
544 57
544 76
544 3
545 60
545 193
545 124
545 80
545 127
545 146
546 38
546 226
546 158
546 64
546 222
546 44
547 5
547 85
547 215
547 73
547 221
547 223
548 203
548 87
548 26
548 158
548 186
548 54
549 152
549 166
549 3
549 123
549 66
549 69
550 176
550 14
550 24
550 217
550 92
550 80
551 26
551 176
551 134
551 96
551 65
551 163
552 4
552 86
552 24
552 161
552 122
552 31
553 119
553 45
553 84
553 155
553 174
553 146
554 89
554 203
554 143
554 92
554 127
554 132
555 158
555 22
555 87
555 56
555 133
555 96
556 68
556 45
556 140
556 171
556 161
556 18
557 80
557 48
557 69
557 226
557 171
557 202
558 208
558 127
558 55
558 226
558 23
558 46
559 120
559 223
559 60
559 26
559 167
559 121
560 48
560 217
560 99
560 161
560 9
560 38
561 154
561 67
561 112
561 117
561 20
561 56
562 186
562 110
562 226
562 150
562 73
562 223
563 38
563 56
563 36
563 204
563 196
563 136
564 57
564 162
564 163
564 178
564 103
564 61
565 170
565 122
565 132
565 221
565 189
565 197
566 167
566 108
566 122
566 78
566 161
566 54
567 82
567 178
567 202
567 155
567 32
567 22
568 93
568 65
568 202
568 136
568 103
568 165
569 161
569 110
569 167
569 198
569 180
569 61
570 62
570 22
570 80
570 54
570 19
570 36
571 124
571 181
571 108
571 38
571 133
571 111
572 186
572 189
572 54
572 184
572 63
572 67
573 181
573 195
573 177
573 42
573 169
573 6
574 167
574 8
574 83
574 103
574 223
574 197
575 42
575 161
575 119
575 196
575 9
575 38
576 151
576 86
576 22
576 136
576 132
576 180
577 185
577 43
577 44
577 148
577 162
577 176
578 133
578 138
578 54
578 112
578 11
578 56
579 80
579 199
579 174
579 192
579 169
579 19
580 161
580 78
580 222
580 223
580 143
580 152
581 189
581 136
581 116
581 200
581 213
581 180
582 4
582 108
582 82
582 36
582 165
582 190
583 168
583 116
583 15
583 42
583 219
583 151
584 45
584 124
584 47
584 74
584 65
584 27
585 22
585 122
585 167
585 67
585 128
585 186
586 128
586 206
586 158
586 124
586 31
586 113
587 80
587 44
587 173
587 82
587 42
587 228
588 85
588 166
588 140
588 11
588 135
588 100
589 76
589 221
589 197
589 108
589 73
589 80
590 8
590 192
590 152
590 112
590 54
590 138
591 214
591 57
591 64
591 143
591 208
591 56
592 8
592 174
592 73
592 15
592 116
592 124
593 198
593 9
593 33
593 136
593 61
593 155
594 105
594 73
594 129
594 190
594 48
594 32
595 78
595 6
595 223
595 148
595 81
595 20
596 15
596 40
596 38
596 152
596 76
596 43
597 3
597 135
597 30
597 76
597 181
597 189
598 158
598 154
598 116
598 103
598 210
598 204
599 105
599 151
599 90
599 192
599 45
599 203
600 82
600 140
600 105
600 197
600 203
600 155
601 60
601 151
601 191
601 207
601 8
601 124
602 144
602 187
602 99
602 198
602 207
602 196
603 217
603 171
603 141
603 193
603 87
603 93
604 167
604 221
604 174
604 30
604 96
604 5
605 147
605 205
605 126
605 99
605 158
605 76
606 140
606 202
606 135
606 146
606 133
606 138
607 180
607 36
607 110
607 123
607 100
607 172
608 175
608 221
608 110
608 105
608 33
608 108
609 178
609 11
609 43
609 122
609 125
609 16
610 31
610 227
610 218
610 183
610 22
610 185
611 209
611 1
611 223
611 38
611 93
611 139
612 174
612 130
612 162
612 4
612 77
612 59
613 107
613 226
613 65
613 215
613 15
613 75
614 116
614 26
614 80
614 59
614 32
614 111
615 57
615 55
615 143
615 99
615 59
615 26
616 80
616 26
616 99
616 154
616 105
616 18
617 185
617 135
617 161
617 17
617 218
617 44
618 148
618 120
618 140
618 44
618 93
618 80
619 221
619 208
619 168
619 138
619 223
619 175
620 163
620 26
620 215
620 127
620 38
620 96
621 74
621 111
621 226
621 58
621 3
621 132
622 113
622 140
622 184
622 54
622 93
622 59
623 103
623 0
623 166
623 123
623 4
623 80
624 22
624 3
624 197
624 9
624 128
624 195
625 137
625 189
625 226
625 49
625 142
625 126
626 217
626 62
626 80
626 163
626 182
626 104
627 38
627 201
627 44
627 141
627 96
627 152
628 207
628 205
628 63
628 35
628 117
628 214
629 42
629 218
629 132
629 69
629 116
629 80
630 131
630 195
630 164
630 110
630 189
630 76
631 192
631 178
631 205
631 174
631 33
631 226
632 207
632 30
632 125
632 46
632 108
632 189
633 148
633 80
633 191
633 161
633 180
633 215
634 166
634 122
634 170
634 93
634 80
634 221
635 15
635 4
635 0
635 20
635 124
635 73
636 17
636 77
636 155
636 108
636 9
636 97
637 22
637 129
637 31
637 195
637 7
637 163
638 80
638 60
638 191
638 206
638 62
638 187
639 41
639 187
639 107
639 0
639 151
639 35
640 198
640 189
640 43
640 228
640 116
640 15
641 7
641 41
641 73
641 19
641 147
641 26
642 154
642 222
642 162
642 103
642 3
642 47
643 83
643 217
643 170
643 134
643 123
643 172
644 31
644 139
644 228
644 103
644 205
644 110
645 58
645 167
645 90
645 69
645 213
645 208
646 96
646 109
646 113
646 99
646 154
646 221
647 89
647 26
647 117
647 161
647 226
647 139
648 54
648 82
648 147
648 80
648 77
648 22
649 57
649 40
649 207
649 35
649 126
649 54
650 117
650 73
650 200
650 170
650 75
650 195
651 127
651 206
651 16
651 74
651 66
651 143
652 73
652 214
652 176
652 217
652 11
652 226
653 200
653 120
653 73
653 103
653 31
653 165
654 200
654 11
654 15
654 213
654 22
654 24
655 83
655 58
655 97
655 54
655 161
655 120
656 228
656 205
656 62
656 97
656 158
656 58
657 196
657 54
657 56
657 32
657 180
657 69
658 181
658 97
658 123
658 82
658 66
658 154
659 161
659 208
659 158
659 189
659 43
659 191
660 107
660 128
660 100
660 97
660 11
660 223
661 90
661 77
661 8
661 66
661 28
661 38
662 24
662 46
662 16
662 217
662 187
662 200
663 168
663 112
663 19
663 187
663 54
663 67
664 104
664 100
664 120
664 54
664 22
664 73
665 219
665 14
665 155
665 59
665 206
665 145
666 55
666 110
666 73
666 0
666 129
666 182
667 166
667 176
667 24
667 67
667 47
667 42
668 185
668 73
668 192
668 44
668 11
668 32
669 6
669 165
669 15
669 226
669 146
669 208
670 135
670 218
670 200
670 174
670 55
670 223
671 142
671 208
671 107
671 97
671 149
671 54
672 209
672 54
672 40
672 87
672 201
672 97
673 35
673 192
673 73
673 183
673 63
673 208
674 93
674 213
674 31
674 103
674 134
674 20
675 99
675 83
675 150
675 137
675 161
675 73
676 62
676 171
676 65
676 213
676 107
676 97
677 187
677 49
677 81
677 158
677 41
677 162
678 1
678 205
678 73
678 195
678 131
678 22
679 158
679 148
679 228
679 14
679 23
679 54
680 65
680 136
680 222
680 174
680 58
680 169
681 67
681 35
681 120
681 75
681 81
681 84
682 4
682 121
682 119
682 180
682 129
682 48
683 55
683 73
683 59
683 207
683 112
683 43
684 111
684 56
684 158
684 31
684 161
684 73
685 48
685 80
685 41
685 38
685 164
685 214
686 66
686 27
686 16
686 175
686 99
686 107
687 161
687 16
687 40
687 131
687 135
687 0
688 164
688 120
688 85
688 89
688 97
688 80
689 7
689 219
689 23
689 169
689 168
689 151
690 201
690 119
690 54
690 56
690 80
690 213
691 18
691 142
691 143
691 108
691 5
691 120
692 9
692 148
692 27
692 32
692 191
692 195
693 117
693 24
693 40
693 140
693 107
693 131
694 133
694 213
694 203
694 24
694 196
694 40
695 183
695 57
695 149
695 1
695 168
695 170
696 152
696 158
696 187
696 107
696 46
696 1
697 1
697 18
697 146
697 3
697 27
697 108
698 54
698 40
698 20
698 93
698 215
698 107
699 182
699 19
699 206
699 57
699 54
699 208
700 64
700 205
700 80
700 82
700 228
700 47
701 189
701 213
701 111
701 33
701 130
701 9
702 12
702 35
702 33
702 117
702 40
702 199
703 14
703 213
703 186
703 214
703 73
703 97
704 140
704 54
704 18
704 12
704 80
704 97
705 205
705 47
705 146
705 54
705 196
705 23
706 73
706 18
706 122
706 129
706 24
706 214
707 61
707 64
707 113
707 215
707 80
707 206
708 8
708 162
708 121
708 81
708 58
708 63
709 127
709 5
709 103
709 158
709 190
709 26
710 198
710 226
710 133
710 195
710 59
710 137
711 97
711 66
711 15
711 192
711 129
711 137
712 7
712 217
712 11
712 64
712 89
712 73
713 19
713 161
713 124
713 54
713 88
713 123
714 168
714 178
714 33
714 152
714 213
714 174
715 197
715 198
715 46
715 161
715 73
715 228
716 192
716 80
716 64
716 117
716 178
716 8
717 74
717 146
717 190
717 36
717 219
717 213
718 26
718 126
718 56
718 1
718 199
718 117
719 111
719 174
719 110
719 7
719 36
719 4
720 89
720 145
720 214
720 199
720 228
720 134
721 8
721 9
721 175
721 142
721 33
721 187
722 31
722 16
722 35
722 103
722 43
722 63
723 88
723 24
723 61
723 148
723 177
723 131
724 226
724 35
724 97
724 99
724 135
724 23
725 58
725 176
725 161
725 84
725 136
725 117
726 170
726 90
726 228
726 206
726 148
726 226
727 76
727 103
727 142
727 105
727 202
727 172
728 14
728 222
728 219
728 61
728 161
728 178
729 180
729 67
729 205
729 166
729 177
729 73
730 87
730 54
730 97
730 57
730 130
730 117
731 81
731 99
731 126
731 222
731 5
731 31
732 80
732 195
732 126
732 165
732 217
732 59
733 0
733 218
733 9
733 143
733 110
733 59
734 105
734 61
734 127
734 169
734 89
734 8
735 15
735 4
735 182
735 76
735 57
735 221
736 142
736 46
736 26
736 117
736 171
736 11
737 85
737 184
737 215
737 12
737 117
737 174
738 107
738 27
738 97
738 180
738 162
738 109
739 31
739 217
739 28
739 146
739 32
739 161
740 223
740 17
740 15
740 119
740 142
740 24
741 204
741 87
741 107
741 190
741 12
741 170
742 191
742 152
742 76
742 124
742 166
742 43
743 8
743 192
743 190
743 137
743 110
743 158
744 165
744 59
744 112
744 223
744 11
744 166
745 81
745 144
745 49
745 58
745 146
745 84
746 40
746 54
746 128
746 103
746 24
746 43
747 112
747 73
747 42
747 174
747 117
747 5
748 161
748 93
748 108
748 217
748 120
748 222
749 135
749 189
749 164
749 14
749 73
749 213
750 186
750 49
750 45
750 228
750 226
750 8
751 193
751 88
751 203
751 40
751 41
751 111
752 67
752 113
752 90
752 184
752 27
752 15
753 193
753 165
753 57
753 28
753 103
753 84
754 189
754 117
754 63
754 195
754 138
754 15
755 103
755 97
755 180
755 108
755 206
755 207
756 117
756 132
756 199
756 226
756 174
756 31
757 35
757 61
757 67
757 117
757 191
757 119
758 5
758 180
758 57
758 111
758 75
758 3
759 90
759 166
759 55
759 184
759 119
759 135
760 185
760 183
760 27
760 77
760 122
760 81
761 168
761 169
761 11
761 174
761 54
761 73
762 213
762 221
762 182
762 158
762 15
762 177
763 162
763 24
763 158
763 152
763 8
763 148
764 66
764 31
764 57
764 122
764 136
764 190
765 54
765 93
765 148
765 117
765 75
765 185
766 137
766 208
766 124
766 54
766 213
766 202
767 169
767 49
767 207
767 155
767 46
767 166
768 63
768 73
768 86
768 9
768 121
768 97
769 154
769 73
769 121
769 40
769 23
769 209
770 35
770 86
770 136
770 146
770 148
770 150
771 14
771 61
771 40
771 138
771 35
771 24
772 117
772 73
772 18
772 199
772 119
772 195
773 23
773 222
773 201
773 36
773 223
773 61
774 27
774 4
774 124
774 149
774 23
774 40
775 207
775 33
775 129
775 84
775 43
775 113
776 198
776 145
776 100
776 185
776 103
776 47
777 150
777 18
777 130
777 63
777 133
777 0
778 151
778 61
778 105
778 158
778 136
778 31
779 47
779 33
779 150
779 97
779 99
779 108
780 126
780 203
780 26
780 168
780 195
780 46
781 112
781 183
781 195
781 152
781 119
781 54
782 31
782 174
782 226
782 165
782 199
782 93
783 48
783 111
783 97
783 5
783 84
783 54
784 61
784 73
784 15
784 161
784 8
784 154
785 97
785 204
785 107
785 226
785 23
785 103
786 217
786 138
786 75
786 80
786 189
786 191
787 142
787 31
787 57
787 65
787 75
787 178
788 142
788 201
788 23
788 0
788 185
788 49
789 189
789 119
789 121
789 213
789 27
789 87
790 171
790 210
790 31
790 186
790 93
790 139
791 11
791 40
791 174
791 57
791 23
791 77
792 120
792 121
792 210
792 183
792 58
792 60
793 88
793 54
793 43
793 119
793 89
793 221
794 124
794 186
794 64
794 45
794 93
794 121
795 161
795 58
795 24
795 142
795 146
795 226
796 7
796 181
796 81
796 198
796 189
796 74
797 80
797 138
797 161
797 62
797 158
797 119
798 139
798 133
798 49
798 27
798 73
798 24
799 197
799 57
799 93
799 89
799 12
799 177
800 97
800 12
800 40
800 14
800 167
800 11
801 130
801 100
801 42
801 214
801 180
801 73
802 202
802 14
802 4
802 93
802 40
802 221
803 11
803 192
803 119
803 89
803 31
803 146
804 180
804 184
804 193
804 201
804 178
804 111
805 40
805 54
805 6
805 47
805 57
805 132
806 15
806 134
806 178
806 184
806 163
806 132
807 17
807 14
807 75
807 163
807 27
807 86
808 112
808 31
808 166
808 6
808 19
808 103
809 104
809 217
809 26
809 126
809 99
809 3
810 164
810 124
810 152
810 119
810 1
810 178
811 31
811 5
811 64
811 49
811 60
811 190
812 189
812 81
812 162
812 181
812 54
812 119
813 223
813 158
813 93
813 142
813 135
813 177
814 26
814 80
814 175
814 218
814 42
814 90
815 48
815 161
815 63
815 119
815 81
815 174
816 93
816 174
816 221
816 81
816 84
816 40
817 97
817 35
817 19
817 184
817 222
817 122
818 4
818 129
818 169
818 226
818 210
818 1
819 201
819 42
819 58
819 66
819 47
819 145
820 149
820 46
820 185
820 57
820 73
820 145
821 213
821 4
821 54
821 47
821 105
821 73
822 80
822 87
822 119
822 20
822 57
822 59
823 181
823 3
823 226
823 213
823 73
823 80
824 80
824 171
824 73
824 97
824 45
824 181
825 45
825 31
825 100
825 161
825 138
825 226
826 54
826 57
826 111
826 73
826 195
826 62
827 124
827 88
827 16
827 209
827 100
827 198
828 54
828 9
828 15
828 80
828 3
828 19
829 16
829 73
829 142
829 103
829 130
829 82
830 158
830 187
830 58
830 112
830 168
830 40
831 62
831 213
831 111
831 121
831 103
831 154
832 140
832 202
832 132
832 137
832 135
832 182
833 218
833 64
833 59
833 66
833 35
833 150
834 123
834 80
834 26
834 97
834 203
834 193
835 33
835 54
835 89
835 120
835 61
835 59
836 0
836 185
836 213
836 3
836 190
836 137
837 226
837 90
837 124
837 145
837 40
837 3
838 135
838 170
838 148
838 123
838 151
838 217
839 161
839 18
839 109
839 128
839 120
839 201
840 11
840 205
840 135
840 151
840 133
840 174
841 174
841 162
841 99
841 223
841 145
841 154
842 88
842 12
842 122
842 81
842 141
842 223
843 47
843 120
843 138
843 109
843 64
843 103
844 109
844 80
844 99
844 145
844 111
844 82
845 105
845 7
845 31
845 192
845 24
845 45
846 103
846 93
846 213
846 31
846 167
846 131
847 145
847 180
847 120
847 59
847 166
847 128
848 221
848 109
848 180
848 213
848 154
848 189
849 158
849 163
849 161
849 182
849 31
849 190
850 140
850 54
850 32
850 85
850 226
850 218
851 148
851 190
851 123
851 74
851 191
851 80
852 0
852 60
852 214
852 20
852 226
852 128
853 36
853 40
853 8
853 103
853 41
853 221
854 66
854 74
854 24
854 103
854 174
854 16
855 103
855 24
855 221
855 74
855 105
855 93
856 120
856 107
856 130
856 74
856 97
856 142
857 111
857 57
857 109
857 184
857 65
857 226
858 0
858 66
858 74
858 86
858 103
858 201
859 46
859 131
859 26
859 24
859 7
859 32
860 80
860 54
860 82
860 193
860 174
860 57
861 99
861 103
861 62
861 6
861 177
861 59
862 161
862 43
862 128
862 226
862 154
862 82
863 65
863 84
863 41
863 49
863 213
863 54
864 12
864 161
864 192
864 195
864 166
864 64
865 54
865 5
865 174
865 120
865 148
865 121
866 16
866 127
866 81
866 40
866 93
866 33
867 123
867 61
867 209
867 14
867 203
867 54
868 75
868 167
868 59
868 84
868 99
868 158
869 32
869 131
869 49
869 54
869 47
869 17
870 66
870 74
870 165
870 219
870 154
870 191
871 103
871 49
871 226
871 63
871 158
871 140
872 107
872 193
872 24
872 111
872 145
872 171
873 80
873 43
873 120
873 59
873 26
873 127
874 42
874 1
874 54
874 161
874 57
874 120
875 24
875 187
875 121
875 107
875 26
875 74
876 84
876 205
876 122
876 111
876 213
876 74
877 205
877 36
877 44
877 217
877 19
877 219
878 74
878 165
878 166
878 207
878 80
878 24
879 54
879 3
879 177
879 74
879 18
879 111
880 14
880 187
880 80
880 26
880 82
880 180
881 167
881 221
881 145
881 154
881 204
881 35
882 54
882 99
882 187
882 103
882 161
882 142
883 163
883 120
883 177
883 121
883 47
883 26
884 150
884 128
884 201
884 16
884 158
884 57
885 161
885 174
885 93
885 120
885 169
885 221
886 64
886 3
886 57
886 167
886 87
886 207
887 198
887 35
887 209
887 14
887 213
887 99
888 9
888 40
888 31
888 19
888 74
888 136
889 166
889 99
889 14
889 4
889 214
889 228
890 105
890 90
890 99
890 74
890 185
890 103
891 27
891 46
891 107
891 158
891 161
891 184
892 105
892 161
892 228
892 196
892 40
892 17
893 131
893 221
893 87
893 169
893 165
893 99
894 161
894 111
894 74
894 132
894 148
894 181
895 226
895 24
895 228
895 204
895 213
895 203
896 174
896 28
896 135
896 213
896 181
896 137
897 27
897 138
897 149
897 40
897 123
897 109
898 214
898 16
898 103
898 40
898 93
898 151
899 145
899 155
899 169
899 57
899 60
899 142
900 182
900 99
900 31
900 14
900 167
900 145
901 90
901 145
901 168
901 48
901 17
901 164
902 35
902 87
902 120
902 203
902 181
902 1
903 162
903 126
903 9
903 54
903 163
903 203
904 35
904 17
904 124
904 132
904 176
904 103
905 93
905 189
905 221
905 145
905 42
905 24
906 217
906 178
906 219
906 167
906 15
906 174
907 87
907 180
907 154
907 16
907 123
907 182
908 90
908 129
908 3
908 99
908 120
908 161
909 66
909 198
909 201
909 41
909 137
909 5
910 174
910 103
910 223
910 107
910 140
910 59
911 223
911 120
911 186
911 16
911 32
911 80
912 183
912 120
912 154
912 40
912 189
912 145
913 99
913 1
913 140
913 184
913 35
913 123
914 18
914 120
914 205
914 154
914 183
914 214
915 186
915 164
915 226
915 109
915 217
915 166
916 203
916 165
916 140
916 142
916 170
916 120
917 163
917 54
917 134
917 43
917 14
917 136
918 193
918 133
918 93
918 103
918 145
918 201
919 54
919 181
919 74
919 65
919 191
919 228
920 130
920 223
920 32
920 26
920 127
920 145
921 208
921 74
921 76
921 120
921 46
921 184
922 9
922 171
922 213
922 184
922 41
922 214
923 152
923 126
923 146
923 54
923 150
923 137
924 75
924 27
924 33
924 226
924 24
924 18
925 121
925 129
925 206
925 31
925 228
925 82
926 162
926 209
926 74
926 89
926 217
926 203
927 206
927 189
927 113
927 177
927 82
927 149
928 201
928 203
928 204
928 43
928 111
928 61
929 54
929 24
929 99
929 49
929 169
929 221
930 80
930 99
930 4
930 171
930 43
930 27
931 28
931 86
931 107
931 161
931 136
931 64
932 223
932 40
932 41
932 124
932 93
932 89
933 42
933 175
933 203
933 14
933 120
933 57
934 145
934 148
934 40
934 150
934 195
934 176
935 32
935 14
935 121
935 88
935 223
935 203
936 74
936 57
936 80
936 109
936 161
936 59
937 120
937 109
937 199
937 217
937 165
937 121
938 120
938 0
938 20
938 126
938 136
938 190
939 57
939 218
939 3
939 31
939 145
939 132
940 107
940 14
940 134
940 136
940 226
940 137
941 150
941 162
941 74
941 152
941 14
941 24
942 163
942 174
942 103
942 99
942 122
942 12
943 20
943 74
943 14
943 127
943 148
943 64
944 93
944 136
944 120
944 195
944 14
944 132
945 75
945 57
945 149
945 17
945 48
945 86
946 24
946 100
946 81
946 48
946 61
946 135
947 186
947 175
947 207
947 67
947 198
947 197
948 86
948 161
948 226
948 181
948 74
948 45
949 61
949 196
949 99
949 120
949 24
949 40
950 20
950 205
950 123
950 135
950 26
950 36
951 4
951 223
951 149
951 93
951 140
951 120
952 40
952 218
952 195
952 59
952 57
952 24
953 67
953 164
953 167
953 176
953 174
953 36
954 208
954 213
954 145
954 57
954 87
954 222
955 74
955 60
955 57
955 16
955 11
955 228
956 180
956 49
956 19
956 165
956 63
956 158
957 145
957 138
957 99
957 36
957 61
957 109
958 148
958 152
958 150
958 111
958 5
958 217
959 180
959 19
959 182
959 4
959 174
959 81
960 99
960 4
960 214
960 129
960 167
960 87
961 24
961 123
961 128
961 81
961 228
961 11
962 201
962 42
962 210
962 107
962 199
962 48
963 185
963 155
963 158
963 113
963 99
963 145
964 48
964 161
964 158
964 197
964 140
964 191
965 93
965 104
965 99
965 105
965 107
965 111
966 191
966 42
966 226
966 57
966 59
966 40
967 165
967 163
967 161
967 221
967 226
967 5
968 196
968 24
968 19
968 228
968 221
968 109
969 93
969 36
969 113
969 85
969 103
969 217
970 186
970 16
970 180
970 99
970 3
970 175
971 46
971 180
971 148
971 132
971 129
971 134
972 219
972 151
972 130
972 59
972 100
972 223
973 103
973 63
973 120
973 32
973 5
973 7
974 74
974 104
974 107
974 88
974 140
974 9
975 45
975 228
975 40
975 31
975 24
975 158
976 43
976 33
976 57
976 45
976 26
976 120
977 36
977 148
977 7
977 197
977 57
977 93
978 31
978 145
978 40
978 219
978 180
978 195
979 63
979 28
979 195
979 40
979 93
979 203
980 46
980 201
980 120
980 131
980 59
980 81
981 40
981 185
981 36
981 5
981 189
981 140
982 174
982 100
982 175
982 213
982 40
982 206
983 168
983 19
983 165
983 66
983 228
983 170
984 180
984 93
984 57
984 59
984 169
984 182
985 126
985 76
985 176
985 128
985 208
985 148
986 203
986 57
986 120
986 109
986 221
986 59
987 152
987 218
987 27
987 100
987 64
987 223
988 111
988 219
988 158
988 57
988 40
988 74
989 41
989 18
989 107
989 128
989 189
989 16
990 32
990 20
990 215
990 28
990 201
990 192
991 100
991 103
991 32
991 35
991 132
991 218
992 140
992 145
992 26
992 148
992 135
992 104
993 93
993 57
993 218
993 121
993 228
993 8
994 170
994 126
994 177
994 174
994 24
994 122
995 201
995 17
995 81
995 128
995 84
995 74
996 74
996 206
996 120
996 59
996 186
996 40
997 57
997 104
997 81
997 17
997 228
997 189
998 105
998 18
998 217
998 9
998 84
998 86
999 104
999 18
999 57
999 24
999 81
999 61
1000 141
1000 32
1000 169
1000 208
1000 63
1000 35
1001 9
1001 40
1001 138
1001 201
1001 113
1001 219
1002 161
1002 26
1002 124
1002 66
1002 155
1002 14
1003 17
1003 130
1003 31
1003 213
1003 217
1003 174
1004 28
1004 4
1004 174
1004 59
1004 90
1004 213
1005 181
1005 31
1005 14
1005 218
1005 204
1005 182
1006 165
1006 167
1006 35
1006 191
1006 89
1006 195
1007 57
1007 214
1007 120
1007 14
1007 134
1007 201
1008 174
1008 185
1008 109
1008 189
1008 163
1008 7
1009 165
1009 104
1009 180
1009 120
1009 213
1009 217
1010 120
1010 86
1010 27
1010 85
1010 16
1010 131
1011 155
1011 44
1011 228
1011 81
1011 11
1011 121
1012 5
1012 198
1012 192
1012 209
1012 129
1012 35
1013 128
1013 214
1013 57
1013 100
1013 24
1013 165
1014 88
1014 100
1014 67
1014 57
1014 226
1014 12
1015 120
1015 162
1015 158
1015 138
1015 74
1015 27
1016 201
1016 63
1016 33
1016 42
1016 204
1016 3
1017 35
1017 185
1017 195
1017 6
1017 226
1017 145
1018 111
1018 162
1018 145
1018 74
1018 81
1018 203
1019 49
1019 163
1019 81
1019 28
1019 84
1019 120
1020 145
1020 148
1020 228
1020 213
1020 150
1020 195
1021 148
1021 183
1021 150
1021 109
1021 31
1021 169
1022 164
1022 184
1022 226
1022 57
1022 59
1022 24
1023 148
1023 107
1023 203
1023 217
1023 90
1023 123
1024 57
1024 59
1024 162
1024 205
1024 85
1024 145
1025 64
1025 11
1025 1
1025 126
1025 81
1025 28
1026 213
1026 24
1026 120
1026 100
1026 104
1026 158
1027 64
1027 48
1027 46
1027 167
1027 17
1027 186
1028 66
1028 57
1028 155
1028 228
1028 193
1028 59
1029 31
1029 20
1029 120
1029 111
1029 134
1029 24
1030 8
1030 148
1030 168
1030 198
1030 42
1030 174
1031 183
1031 100
1031 203
1031 206
1031 120
1031 207
1032 109
1032 120
1032 11
1032 107
1032 177
1032 191
1033 31
1033 215
1033 140
1033 135
1033 126
1033 196
1034 208
1034 74
1034 214
1034 31
1034 40
1034 222
1035 196
1035 138
1035 123
1035 174
1035 40
1035 152
1036 93
1036 167
1036 31
1036 74
1036 107
1036 203
1037 214
1037 57
1037 88
1037 74
1037 67
1037 12
1038 145
1038 12
1038 196
1038 158
1038 217
1038 107
1039 186
1039 148
1039 104
1039 105
1039 197
1039 4
1040 198
1040 145
1040 155
1040 128
1040 90
1040 49
1041 120
1041 215
1041 64
1041 184
1041 189
1041 167
1042 134
1042 31
1042 9
1042 35
1042 17
1042 136
1043 193
1043 150
1043 155
1043 57
1043 49
1043 59
1044 137
1044 26
1044 155
1044 199
1044 193
1044 100
1045 140
1045 62
1045 104
1045 145
1045 19
1045 218
1046 75
1046 18
1046 164
1046 131
1046 1
1046 128
1047 163
1047 57
1047 134
1047 168
1047 4
1047 145
1048 8
1048 206
1048 6
1048 189
1048 129
1048 177
1049 183
1049 135
1049 176
1049 206
1049 162
1049 4
1050 1
1050 177
1050 85
1050 74
1050 107
1050 180
1051 123
1051 74
1051 217
1051 81
1051 129
1051 104
1052 120
1052 1
1052 214
1052 141
1052 100
1052 12
1053 183
1053 155
1053 57
1053 149
1053 145
1053 28
1054 57
1054 158
1054 228
1054 44
1054 81
1054 197
1055 155
1055 137
1055 214
1055 162
1055 152
1055 196
1056 66
1056 59
1056 74
1056 3
1056 12
1056 49
1057 63
1057 187
1057 0
1057 207
1057 166
1057 107
1058 76
1058 180
1058 74
1058 40
1058 41
1058 167
1059 26
1059 201
1059 74
1059 120
1059 226
1059 0
1060 31
1060 32
1060 3
1060 167
1060 14
1060 100
1061 180
1061 199
1061 189
1061 131
1061 135
1061 137
1062 163
1062 36
1062 226
1062 100
1062 205
1062 20
1063 218
1063 196
1063 199
1063 26
1063 81
1063 191
1064 59
1064 0
1064 104
1064 35
1064 214
1064 19
1065 181
1065 130
1065 36
1065 140
1065 206
1065 31
1066 40
1066 134
1066 4
1066 19
1066 191
1066 203
1067 145
1067 158
1067 89
1067 111
1067 3
1067 16
1068 59
1068 35
1068 104
1068 126
1068 158
1068 168
1069 146
1069 44
1069 41
1069 107
1069 158
1069 155
1070 226
1070 64
1070 137
1070 120
1070 203
1070 123
1071 151
1071 3
1071 6
1071 196
1071 33
1071 93
1072 120
1072 66
1072 198
1072 81
1072 113
1072 3
1073 174
1073 60
1073 42
1073 104
1073 214
1073 226
1074 14
1074 15
1074 74
1074 167
1074 155
1074 195
1075 104
1075 74
1075 82
1075 191
1075 4
1075 0
1076 131
1076 104
1076 112
1076 105
1076 12
1076 85
1077 66
1077 152
1077 104
1077 12
1077 158
1077 4
1078 223
1078 93
1078 19
1078 167
1078 203
1078 136
1079 4
1079 81
1079 221
1079 6
1079 132
1079 223
1080 155
1080 31
1080 145
1080 7
1080 44
1080 42
1081 146
1081 166
1081 186
1081 140
1081 155
1081 183
1082 199
1082 85
1082 121
1082 48
1082 196
1082 14
1083 74
1083 214
1083 207
1083 167
1083 130
1083 44
1084 174
1084 162
1084 84
1084 104
1084 45
1084 12
1085 146
1085 214
1085 151
1085 111
1085 24
1085 120
1086 104
1086 197
1086 85
1086 184
1086 26
1086 0
1087 63
1087 208
1087 215
1087 158
1087 175
1087 162
1088 214
1088 20
1088 162
1088 146
1088 151
1088 9
1089 166
1089 20
1089 180
1089 168
1089 104
1089 12
1090 197
1090 207
1090 109
1090 181
1090 158
1090 40
1091 197
1091 26
1091 149
1091 104
1091 64
1091 170
1092 81
1092 26
1092 222
1092 189
1092 129
1092 146
1093 90
1093 167
1093 121
1093 164
1093 215
1093 123
1094 217
1094 203
1094 219
1094 6
1094 129
1094 104
1095 158
1095 81
1095 59
1095 120
1095 85
1095 195
1096 59
1096 60
1096 41
1096 64
1096 43
1096 120
1097 206
1097 109
1097 17
1097 19
1097 81
1097 3
1098 201
1098 132
1098 81
1098 151
1098 162
1098 18
1099 9
1099 135
1099 59
1099 226
1099 174
1099 120
1100 146
1100 76
1100 74
1100 120
1100 107
1100 174
1101 137
1101 193
1101 104
1101 1
1101 180
1101 81
1102 59
1102 64
1102 165
1102 48
1102 104
1102 203
1103 168
1103 141
1103 205
1103 174
1103 124
1103 104
1104 12
1104 113
1104 107
1104 48
1104 74
1104 63
1105 171
1105 42
1105 44
1105 14
1105 120
1105 124
1106 16
1106 18
1106 59
1106 1
1106 121
1106 123
1107 1
1107 203
1107 226
1107 8
1107 42
1107 228
1108 191
1108 226
1108 155
1108 121
1108 107
1108 214
1109 203
1109 167
1109 7
1109 35
1109 163
1109 0
1110 59
1110 128
1110 180
1110 124
1110 228
1110 208
1111 217
1111 62
1111 138
1111 81
1111 189
1111 170
1112 180
1112 137
1112 151
1112 85
1112 24
1112 26
1113 104
1113 6
1113 28
1113 31
1113 134
1113 111
1114 41
1114 138
1114 121
1114 228
1114 169
1114 104
1115 104
1115 105
1115 218
1115 18
1115 27
1115 87
1116 155
1116 151
1116 24
1116 162
1116 59
1116 174
1117 104
1117 59
1117 221
1117 105
1117 128
1117 140
1118 170
1118 121
1118 74
1118 19
1118 203
1118 175
1119 196
1119 85
1119 44
1119 104
1119 132
1119 146
1120 193
1120 43
1120 214
1120 201
1120 151
1120 20
1121 135
1121 8
1121 1
1121 137
1121 59
1121 126
1122 162
1122 27
1122 175
1122 167
1122 214
1122 174
1123 214
1123 197
1123 180
1123 168
1123 0
1123 169
1124 169
1124 151
1124 109
1124 121
1124 214
1124 158
1125 201
1125 203
1125 31
1125 126
1125 1
1125 136
1126 41
1126 48
1126 0
1126 17
1126 171
1126 140
1127 35
1127 128
1127 105
1127 186
1127 49
1127 146
1128 146
1128 31
1128 43
1128 130
1128 214
1128 151
1129 132
1129 24
1129 162
1129 19
1129 105
1129 129
1130 121
1130 183
1130 191
1130 192
1130 42
1130 12
1131 215
1131 207
1131 174
1131 155
1131 111
1131 76
1132 128
1132 48
1132 12
1132 183
1132 218
1132 146
1133 158
1133 16
1133 3
1133 195
1133 183
1133 185
1134 86
1134 185
1134 105
1134 180
1134 124
1134 4
1135 192
1135 195
1135 205
1135 121
1135 105
1135 42
1136 158
1136 74
1136 228
1136 183
1136 0
1136 146
1137 105
1137 27
1137 86
1137 31
1137 180
1137 162
1138 26
1138 105
1138 59
1138 219
1138 107
1138 60
1139 169
1139 203
1139 183
1139 19
1139 35
1139 1
1140 6
1140 59
1140 174
1140 228
1140 148
1140 14
1141 105
1141 185
1141 107
1141 111
1141 33
1141 132
1142 81
1142 215
1142 123
1142 66
1142 208
1142 105
1143 169
1143 86
1143 136
1143 219
1143 183
1143 214
1144 59
1144 168
1144 107
1144 138
1144 74
1144 86
1145 195
1145 191
1145 59
1145 137
1145 88
1145 15
1146 196
1146 64
1146 199
1146 180
1146 134
1146 74
1147 15
1147 167
1147 75
1147 111
1147 45
1147 82
1148 181
1148 214
1148 105
1148 8
1148 183
1148 45
1149 134
1149 146
1149 184
1149 148
1149 63
1149 121
1150 42
1150 193
1150 228
1150 187
1150 105
1150 20
1151 76
1151 32
1151 24
1151 121
1151 26
1151 148
1152 167
1152 105
1152 36
1152 81
1152 186
1152 12
1153 111
1153 66
1153 174
1153 81
1153 59
1153 132
1154 75
1154 128
1154 105
1154 18
1154 189
1154 191
1155 198
1155 42
1155 75
1155 81
1155 191
1155 113
1156 218
1156 107
1156 62
1156 49
1156 209
1156 129
1157 180
1157 192
1157 6
1157 46
1157 12
1157 148
1158 75
1158 107
1158 196
1158 12
1158 32
1158 76
1159 228
1159 81
1159 146
1159 174
1159 0
1159 86
1160 63
1160 121
1160 199
1160 129
1160 33
1160 12
1161 162
1161 59
1161 49
1161 180
1161 18
1161 87
1162 198
1162 105
1162 42
1162 81
1162 121
1162 195
1163 209
1163 148
1163 191
1163 228
1163 205
1163 81
1164 59
1164 228
1164 60
1164 24
1164 27
1164 62
1165 107
1165 42
1165 183
1165 128
1165 20
1165 81
1166 148
1166 107
1166 42
1166 180
1166 75
1166 121
1167 148
1167 105
1167 151
1167 107
1167 174
1167 210
1168 180
1168 6
1168 183
1168 42
1168 177
1168 196
1169 168
1169 184
1169 49
1169 86
1169 191
1169 88
1170 59
1170 7
1170 208
1170 203
1170 75
1170 168
1171 146
1171 148
1171 155
1171 151
1171 184
1171 162
1172 27
1172 195
1172 59
1172 43
1172 221
1172 128
1173 76
1173 0
1173 203
1173 105
1173 146
1173 107
1174 228
1174 146
1174 43
1174 81
1174 186
1174 62
1175 205
1175 180
1175 146
1175 105
1175 218
1175 228
1176 203
1176 175
1176 185
1176 86
1176 209
1176 59
1177 44
1177 193
1177 151
1177 105
1177 107
1177 109
1178 66
1178 121
1178 168
1178 164
1178 210
1178 177
1179 62
1179 181
1179 210
1179 35
1179 151
1179 105
1180 105
1180 130
1180 208
1180 136
1180 181
1180 9
1181 130
1181 24
1181 201
1181 164
1181 169
1181 196
1182 137
1182 146
1182 168
1182 86
1182 43
1182 9
1183 12
1183 121
1183 201
1183 210
1183 215
1183 16
1184 107
1184 109
1184 138
1184 32
1184 184
1184 4
1185 64
1185 107
1185 152
1185 109
1185 203
1185 180
1186 14
1186 128
1186 44
1186 24
1186 66
1186 134
1187 189
1187 36
1187 228
1187 148
1187 81
1187 15
1188 164
1188 107
1188 24
1188 218
1188 32
1188 81
1189 134
1189 124
1189 184
1189 151
1189 168
1189 162
1190 123
1190 174
1190 107
1190 59
1190 75
1190 208
1191 158
1191 214
1191 162
1191 60
1191 155
1191 163
1192 124
1192 148
1192 136
1192 175
1192 121
1192 186
1193 128
1193 134
1193 66
1193 107
1193 24
1193 5
1194 66
1194 123
1194 107
1194 148
1194 124
1194 175
1195 128
1195 43
1195 228
1195 169
1195 175
1195 151
1196 228
1196 107
1196 136
1196 66
1196 49
1196 180
1197 171
1197 24
1197 128
1197 60
1197 152
1197 203
1198 164
1198 198
1198 228
1198 158
1198 24
1198 121
1199 24
1199 82
1199 4
1199 176
1199 158
1199 33
1200 214
1200 228
1200 107
1200 0
1200 89
1200 209
1201 168
1201 134
1201 129
1201 136
1201 75
1201 218
1202 209
1202 168
1202 75
1202 158
1202 170
1202 6
1203 141
1203 60
1203 228
1203 24
1203 9
1203 46
1204 162
1204 60
1204 203
1204 197
1204 187
1204 9
1205 175
1205 197
1205 184
1205 3
1205 129
1205 75
1206 36
1206 137
1206 204
1206 210
1206 206
1206 12
1207 107
1207 151
1207 109
1207 75
1207 111
1207 82
1208 181
1208 24
1208 107
1208 111
1208 129
1208 134
1209 107
1209 162
1209 123
1209 177
1209 109
1209 189
1210 203
1210 60
1210 24
1210 14
1210 67
1210 7
1211 27
1211 64
1211 109
1211 111
1211 187
1211 210
1212 222
1212 155
1212 109
1212 81
1212 111
1212 8
1213 109
1213 180
1213 111
1213 60
1213 35
1213 215
1214 134
1214 75
1214 12
1214 87
1214 214
1214 109
1215 60
1215 75
1215 129
1215 109
1215 46
1215 228
1216 27
1216 75
1216 195
1216 180
1216 165
1216 76
1217 175
1217 20
1217 195
1217 129
1217 180
1217 87
1218 43
1218 168
1218 164
1218 60
1218 62
1218 171
1219 129
1219 132
1219 7
1219 32
1219 35
1219 109
1220 113
1220 187
1220 81
1220 60
1220 132
1220 181
1221 123
1221 132
1221 60
1221 219
1221 75
1221 148
1222 206
1222 121
1222 198
1222 203
1222 214
1222 67
1223 18
1223 189
1223 123
1223 187
1223 27
1223 176
1224 151
1224 111
1224 49
1224 121
1224 60
1224 181
1225 169
1225 27
1225 129
1225 175
1225 109
1225 87
1226 62
1226 134
1226 214
1226 155
1226 3
1226 109
1227 109
1227 163
1227 203
1227 4
1227 49
1227 208
1228 109
1228 75
1228 121
1228 111
1228 151
1228 32
1229 158
1229 109
1229 36
1229 163
1229 129
1229 155
1230 87
1230 75
1230 177
1230 14
1230 221
1230 109
1231 3
1231 43
1231 181
1231 15
1231 169
1231 228
1232 86
1232 14
1232 218
1232 27
1232 62
1232 228
1233 109
1233 43
1233 219
1233 191
1233 16
1233 195
1234 60
1234 148
1234 27
1234 32
1234 165
1234 214
1235 199
1235 75
1235 148
1235 32
1235 151
1235 49
1236 18
1236 44
1236 109
1236 129
1236 60
1236 219
1237 228
1237 44
1237 184
1237 199
1237 109
1237 203
1238 228
1238 81
1238 27
1238 215
1238 181
1238 43
1239 19
1239 27
1239 221
1239 205
1239 12
1239 28
1240 3
1240 158
1240 215
1240 28
1240 121
1240 175
1241 19
1241 148
1241 75
1241 181
1241 129
1241 155
1242 27
1242 165
1242 44
1242 214
1242 60
1242 109
1243 214
1243 7
1243 197
1243 109
1243 175
1243 163
1244 14
1244 1
1244 32
1244 163
1244 18
1244 43
1245 228
1245 140
1245 112
1245 134
1245 109
1245 81
1246 81
1246 43
1246 27
1246 60
1246 86
1246 214
1247 134
1247 186
1247 171
1247 44
1247 109
1247 46
1248 109
1248 121
1248 163
1248 66
1248 185
1248 123
1249 219
1249 228
1249 140
1249 36
1249 17
1249 109
1250 186
1250 168
1250 109
1250 64
1250 169
1250 49
1251 203
1251 189
1251 214
1251 175
1251 60
1251 163
1252 89
1252 33
1252 222
1252 223
1252 60
1252 5
1253 89
1253 82
1253 141
1253 129
1253 203
1253 205
1254 62
1254 203
1254 32
1254 66
1254 129
1254 63
1255 148
1255 20
1255 82
1255 44
1255 121
1255 3
1256 76
1256 62
1256 209
1256 228
1256 82
1256 205
1257 214
1257 165
1257 109
1257 197
1257 218
1257 163
1258 163
1258 32
1258 5
1258 228
1258 129
1258 75
1259 186
1259 36
1259 44
1259 221
1259 111
1259 228
1260 109
1260 155
1260 219
1260 208
1260 82
1260 221
1261 82
1261 36
1261 199
1261 62
1261 109
1261 44
1262 62
1262 5
1262 124
1262 18
1262 27
1262 184
1263 199
1263 45
1263 86
1263 163
1263 62
1263 223
1264 129
1264 132
1264 218
1264 66
1264 27
1264 204
1265 109
1265 44
1265 111
1265 46
1265 33
1265 35
1266 20
1266 46
1266 177
1266 124
1266 28
1266 62
1267 228
1267 44
1267 218
1267 169
1267 63
1267 109
1268 163
1268 109
1268 181
1268 66
1268 62
1268 148
1269 111
1269 203
1269 82
1269 191
1269 112
1269 175
1270 191
1270 35
1270 82
1270 9
1270 151
1270 18
1271 141
1271 111
1271 62
1271 176
1271 88
1271 75
1272 218
1272 181
1272 111
1272 46
1272 44
1272 169
1273 62
1273 63
1273 6
1273 111
1273 28
1273 82
1274 62
1274 49
1274 196
1274 191
1274 88
1274 89
1275 163
1275 165
1275 206
1275 197
1275 111
1275 124
1276 46
1276 62
1276 121
1276 86
1276 88
1276 63
1277 62
1277 28
1277 137
1277 33
1277 63
1277 163
1278 62
1278 111
1278 82
1278 112
1278 44
1278 205
1279 9
1279 134
1279 15
1279 111
1279 165
1279 33
1280 137
1280 185
1280 62
1280 121
1280 123
1280 82
1281 151
1281 44
1281 62
1281 18
1281 214
1281 164
1282 165
1282 86
1282 148
1282 82
1282 193
1282 176
1283 141
1283 123
1283 148
1283 222
1283 112
1283 130
1284 123
1284 88
1284 141
1284 181
1284 62
1284 112
1285 152
1285 123
1285 197
1285 187
1285 209
1285 198
1286 62
1286 6
1286 35
1286 168
1286 123
1286 63
1287 218
1287 168
1287 19
1287 223
1287 141
1287 181
1288 112
1288 222
1288 129
1288 164
1288 123
1288 184
1289 112
1289 123
1289 129
1289 44
1289 62
1289 35
1290 137
1290 123
1290 195
1290 76
1290 45
1290 113
1291 33
1291 3
1291 20
1291 28
1291 168
1291 36
1292 28
1292 184
1292 137
1292 214
1292 195
1292 75
1293 46
1293 138
1293 75
1293 36
1293 66
1293 28
1294 135
1294 113
1294 123
1294 20
1294 46
1294 17
1295 89
1295 187
1295 75
1295 66
1295 134
1295 176
1296 46
1296 218
1296 123
1296 33
1296 221
1296 124
1297 163
1297 62
1297 75
1297 228
1297 165
1297 170
1298 185
1298 82
1298 28
1298 148
1298 67
1298 113
1299 62
1299 137
1299 75
1299 148
1299 76
1299 203
1300 214
1300 148
1300 158
1300 123
1300 134
1300 151
1301 113
1301 20
1301 62
1301 123
1301 12
1301 16
1302 123
1302 124
1302 222
1302 209
1302 191
1302 113
1303 152
1303 195
1303 82
1303 9
1303 46
1303 124
1304 82
1304 113
1304 124
1304 132
1304 62
1304 5
1305 36
1305 134
1305 195
1305 221
1305 124
1305 113
1306 28
1306 3
1306 195
1306 113
1306 5
1306 148
1307 33
1307 82
1307 137
1307 19
1307 195
1307 132
1308 129
1308 124
1308 82
1308 195
1308 12
1308 86
1309 228
1309 113
1309 124
1309 129
1309 132
1309 62
1310 186
1310 208
1310 148
1310 195
1310 76
1310 218
1311 113
1311 12
1311 148
1311 88
1311 67
1311 141
1312 176
1312 113
1312 66
1312 28
1312 124
1312 12
1313 49
1313 28
1313 191
1313 46
1313 223
1313 113
1314 113
1314 203
1314 46
1314 86
1314 28
1314 137
1315 176
1315 228
1315 187
1315 46
1315 49
1315 62
1316 86
1316 176
1316 198
1316 184
1316 33
1316 49
1317 0
1317 62
1317 12
1317 205
1317 113
1317 124
1318 124
1318 163
1318 141
1318 63
1318 36
1318 129
1319 113
1319 228
1319 196
1319 198
1319 163
1319 203
1320 113
1320 138
1320 86
1320 218
1320 158
1320 148
1321 141
1321 124
1321 148
1321 33
1321 219
1321 35
1322 192
1322 113
1322 148
1322 124
1322 129
1322 33
1323 208
1323 113
1323 134
1323 86
1323 124
1323 88
1324 137
1324 158
1324 86
1324 75
1324 184
1324 185
1325 113
1325 20
1325 75
1325 86
1325 198
1325 228
1326 203
1326 28
1326 36
1326 208
1326 124
1326 151
1327 28
1327 171
1327 189
1327 46
1327 208
1327 218
1328 16
1328 75
1328 151
1328 33
1328 3
1328 222
1329 75
1329 86
1329 187
1329 176
1329 28
1329 184
1330 5
1330 12
1330 177
1330 184
1330 185
1330 75
1331 0
1331 164
1331 113
1331 148
1331 184
1331 195
1332 28
1332 129
1332 113
1332 63
1332 20
1332 124
1333 158
1333 163
1333 124
1333 33
1333 75
1333 63
1334 129
1334 124
1334 132
1334 75
1334 141
1334 186
1335 219
1335 19
1335 192
1335 155
1335 195
1335 28
1336 168
1336 9
1336 86
1336 209
1336 141
1336 20
1337 86
1337 214
1337 205
1337 158
1337 203
1337 12
1338 184
1338 124
1338 215
1338 199
1338 75
1338 218
1339 86
1339 88
1339 124
1339 163
1339 165
1339 66
1340 28
1340 206
1340 86
1340 141
1340 46
1340 49
1341 63
1341 86
1341 176
1341 113
1341 6
1341 12
1342 148
1342 215
1342 75
1342 113
1342 0
1342 9
1343 17
1343 164
1343 113
1343 203
1343 33
1343 86
1344 5
1344 1
1344 63
1344 176
1344 6
1344 3
1345 66
1345 113
1345 170
1345 124
1345 129
1345 19
1346 168
1346 196
1346 28
1346 86
1346 129
1346 215
1347 16
1347 215
1347 129
1347 151
1347 184
1347 49
1348 63
1348 0
1348 86
1348 64
1348 155
1348 33
1349 28
1349 168
1349 0
1349 113
1349 165
1349 222
1350 0
1350 158
1350 151
1350 208
1350 14
1350 63
1351 215
1351 192
1351 28
1351 158
1351 184
1351 86
1352 222
1352 223
1352 14
1352 33
1352 75
1352 151
1353 46
1353 141
1353 15
1353 165
1353 168
1353 204
1354 33
1354 132
1354 151
1354 113
1354 86
1354 35
1355 134
1355 187
1355 33
1355 151
1355 35
1355 168
1356 12
1356 113
1356 132
1356 86
1356 129
1356 134
1357 129
1357 86
1357 204
1357 113
1357 132
1357 134
1358 75
1358 215
1358 195
1358 86
1358 46
1358 163
1359 15
1359 63
1359 176
1359 88
1359 129
1359 132
1360 86
1360 130
1360 151
1360 3
1360 49
1360 184
1361 46
1361 49
1361 132
1361 28
1361 33
1361 222
1362 151
1362 141
1362 177
1362 184
1362 158
1362 130
1363 129
1363 164
1363 168
1363 137
1363 151
1363 186
1364 215
1364 76
1364 86
1364 185
1364 170
1364 203
1365 158
1365 28
1365 134
1365 19
1365 33
1365 63
1366 113
1366 195
1366 222
1366 129
1366 197
1366 28
1367 113
1367 86
1367 33
1367 187
1367 9
1367 88
1368 28
1368 33
1368 215
1368 163
1368 49
1368 129
1369 203
1369 208
1369 86
1369 33
1369 113
1369 35
1370 33
1370 184
1370 208
1370 151
1370 168
1370 75
1371 88
1371 16
1371 89
1371 176
1371 189
1371 208
1372 12
1372 75
1372 76
1372 184
1372 134
1372 28
1373 205
1373 185
1373 12
1373 176
1373 130
1373 113
1374 46
1374 113
1374 49
1374 14
1374 163
1374 63
1375 46
1375 151
1375 129
1375 132
1375 199
1375 184
1376 88
1376 16
1376 113
1376 151
1376 219
1376 176
1377 63
1377 170
1377 219
1377 33
1377 75
1377 184
1378 28
1378 152
1378 113
1378 33
1378 35
1378 129
1379 196
1379 88
1379 198
1379 176
1379 12
1379 205
1380 5
1380 163
1380 208
1380 113
1380 88
1380 6
1381 63
1381 129
1381 113
1381 192
1381 195
1381 163
1382 163
1382 132
1382 7
1382 0
1382 129
1382 165
1383 46
1383 63
1383 129
1383 12
1383 113
1383 88
1384 151
1384 35
1384 222
1384 17
1384 75
1384 76
1385 129
1385 151
1385 163
1385 205
1385 165
1385 46
1386 14
1386 113
1386 63
1386 151
1386 66
1386 33
1387 215
1387 113
1387 184
1387 219
1387 169
1387 141
1388 63
1388 75
1388 222
1388 113
1388 134
1388 203
1389 113
1389 223
1389 3
1389 63
1389 151
1389 28
1390 203
1390 0
1390 176
1390 46
1390 151
1390 49
1391 5
1391 192
1391 66
1391 184
1391 46
1391 134
1392 141
1392 223
1392 17
1392 204
1392 151
1392 113
1393 169
1393 171
1393 75
1393 0
1393 19
1393 63
1394 151
1394 75
1394 64
1394 33
1394 176
1394 164
1395 176
1395 75
1395 9
1395 163
1395 152
1395 129
1396 129
1396 46
1396 134
1396 163
1396 113
1396 75
1397 195
1397 135
1397 184
1397 28
1397 113
1397 12
1398 163
1398 113
1398 199
1398 0
1398 168
1398 192
1399 19
1399 33
1399 168
1399 218
1399 223
1399 199
1400 176
1400 189
1400 204
1400 137
1400 6
1400 63
1401 215
1401 184
1401 0
1401 113
1401 75
1401 129
1402 113
1402 129
1402 187
1402 223
1402 141
1402 0
1403 12
1403 130
1403 134
1403 141
1403 163
1403 176
1404 129
1404 28
1404 12
1404 63
1404 19
1404 89
1405 129
1405 75
1405 135
1405 198
1405 137
1405 141
1406 20
1406 185
1406 171
1406 1
1406 215
1406 28
1407 129
1407 46
1407 184
1407 185
1407 135
1407 17
1408 1
1408 129
1408 163
1408 135
1408 17
1408 165
1409 130
1409 163
1409 89
1409 135
1409 215
1409 33
1410 89
1410 141
1410 192
1410 76
1410 130
1410 35
1411 152
1411 209
1411 184
1411 1
1411 63
1411 46
1412 130
1412 152
1412 17
1412 171
1412 135
1412 9
1413 9
1413 67
1413 19
1413 130
1413 206
1413 135
1414 63
1414 138
1414 130
1414 135
1414 35
1414 89
1415 163
1415 218
1415 223
1415 184
1415 135
1415 9
1416 196
1416 46
1416 66
1416 63
1416 19
1416 163
1417 63
1417 176
1417 9
1417 135
1417 205
1417 137
1418 152
1418 187
1418 135
1418 75
1418 137
1418 76
1419 223
1419 15
1419 135
1419 89
1419 152
1419 163
1420 163
1420 215
1420 75
1420 76
1420 63
1420 28
1421 195
1421 67
1421 187
1421 135
1421 137
1421 141
1422 35
1422 49
1422 170
1422 89
1422 215
1422 218
1423 67
1423 170
1423 184
1423 152
1423 135
1423 168
1424 199
1424 163
1424 170
1424 135
1424 76
1424 204
1425 75
1425 135
1425 89
1425 137
1425 184
1425 12
1426 135
1426 28
1426 35
1426 137
1426 192
1426 67
1427 135
1427 184
1427 215
1427 9
1427 137
1427 185
1428 163
1428 187
1428 135
1428 137
1428 12
1428 89
1429 208
1429 49
1429 137
1429 89
1429 5
1429 141
1430 75
1430 186
1430 137
1430 76
1430 141
1430 49
1431 19
1431 204
1431 184
1431 28
1431 186
1431 49
1432 163
1432 15
1432 17
1432 185
1432 137
1432 204
1433 137
1433 184
1433 141
1433 3
1433 152
1433 163
1434 137
1434 165
1434 141
1434 49
1434 152
1434 163
1435 192
1435 137
1435 141
1435 171
1435 152
1435 49
1436 137
1436 176
1436 184
1436 63
1436 141
1436 152
1437 14
1437 138
1437 163
1437 63
1437 141
1437 75
1438 49
1438 137
1438 63
1438 184
1438 141
1438 152
1439 28
1439 137
1439 152
1439 163
1439 49
1439 64
1440 49
1440 163
1440 137
1440 169
1440 1
1440 64
1441 137
1441 218
1441 169
1441 49
1441 64
1441 19
1442 186
1442 137
1442 1
1442 152
1442 49
1442 141
1443 137
1443 141
1443 184
1443 152
1443 14
1443 164
1444 137
1444 164
1444 141
1444 215
1444 49
1444 75
1445 164
1445 137
1445 141
1445 152
1445 170
1445 168
1446 28
1446 209
1446 14
1446 49
1446 137
1446 141
1447 137
1447 168
1447 141
1447 204
1447 76
1447 152
1448 152
1448 164
1448 168
1448 14
1448 76
1448 137
1449 28
1449 204
1449 3
1449 49
1449 67
1449 64
1450 184
1450 141
1450 49
1450 12
1450 168
1450 137
1451 64
1451 67
1451 137
1451 164
1451 177
1451 208
1452 177
1452 209
1452 215
1452 218
1452 152
1452 137
1453 76
1453 137
1453 12
1453 141
1453 64
1453 152
1454 3
1454 204
1454 168
1454 137
1454 199
1454 184
1455 138
1455 141
1455 5
1455 64
1455 152
1455 170
1456 195
1456 152
1456 189
1456 208
1456 1
1456 169
1457 189
1457 1
1457 184
1457 64
1457 152
1457 164
1458 138
1458 184
1458 1
1458 20
1458 141
1458 164
1459 138
1459 141
1459 152
1459 177
1459 184
1459 165
1460 164
1460 141
1460 152
1460 76
1460 64
1460 177
1461 138
1461 152
1461 141
1461 197
1461 164
1461 64
1462 138
1462 165
1462 184
1462 169
1462 141
1462 64
1463 184
1463 164
1463 76
1463 138
1463 141
1463 177
1464 184
1464 138
1464 168
1464 177
1464 1
1464 17
1465 64
1465 138
1465 76
1465 141
1465 152
1465 184
1466 164
1466 138
1466 28
1466 141
1466 152
1466 189
1467 168
1467 138
1467 208
1467 195
1467 76
1467 28
1468 215
1468 141
1468 152
1468 164
1468 168
1468 169
1469 215
1469 141
1469 189
1469 164
1469 168
1469 64
1470 164
1470 204
1470 152
1470 206
1470 209
1470 177
1471 208
1471 141
1471 152
1471 64
1471 164
1471 67
1472 141
1472 152
1472 215
1472 164
1472 219
1472 177
1473 152
1473 164
1473 28
1473 168
1473 169
1473 64
1474 195
1474 184
1474 192
1474 164
1474 64
1474 5
1475 184
1475 164
1475 28
1475 3
1475 169
1475 64
1476 64
1476 164
1476 192
1476 169
1476 171
1476 28
1477 9
1477 164
1477 169
1477 204
1477 177
1477 184
1478 169
1478 164
1478 177
1478 204
1478 64
1478 184
1479 164
1479 187
1479 169
1479 215
1479 177
1479 64
1480 218
1480 164
1480 184
1480 185
1480 169
1480 64
1481 184
1481 64
1481 164
1481 28
1481 169
1481 185
1482 164
1482 1
1482 195
1482 169
1482 184
1482 185
1483 185
1483 215
1483 164
1483 169
1483 187
1483 196
1484 164
1484 169
1484 1
1484 185
1484 187
1484 67
1485 165
1485 169
1485 1
1485 67
1485 185
1485 187
1486 164
1486 169
1486 185
1486 187
1486 189
1486 1
1487 17
1487 164
1487 12
1487 170
1487 14
1487 185
1488 3
1488 15
1488 164
1488 170
1488 185
1488 187
1489 185
1489 164
1489 67
1489 170
1489 187
1489 28
1490 164
1490 170
1490 186
1490 189
1490 192
1490 209
1491 67
1491 5
1491 164
1491 170
1491 186
1491 192
1492 165
1492 218
1492 170
1492 186
1492 204
1492 192
1493 67
1493 186
1493 165
1493 170
1493 192
1493 195
1494 215
1494 165
1494 186
1494 19
1494 170
1494 192
1495 1
1495 165
1495 170
1495 218
1495 67
1495 186
1496 165
1496 6
1496 204
1496 170
1496 186
1496 192
1497 165
1497 170
1497 6
1497 1
1497 186
1497 192
1498 165
1498 67
1498 170
1498 186
1498 215
1498 15
1499 165
1499 195
1499 170
1499 186
1499 192
1499 197
1500 6
1500 165
1500 67
1500 170
1500 186
1500 192
1501 208
1501 67
1501 215
1501 186
1501 165
1501 170
1502 165
1502 1
1502 170
1502 208
1502 204
1502 196
1503 218
1503 67
1503 165
1503 7
1503 170
1503 192
1504 196
1504 165
1504 170
1504 67
1504 15
1504 19
1505 165
1505 215
1505 1
1505 6
1505 170
1505 186
1506 165
1506 20
1506 9
1506 170
1506 206
1506 186
1507 165
1507 67
1507 186
1507 170
1507 19
1507 192
1508 6
1508 206
1508 20
1508 165
1508 186
1508 170
1509 165
1509 186
1509 170
1509 1
1509 192
1509 196
1510 67
1510 165
1510 12
1510 170
1510 186
1510 192
1511 165
1511 9
1511 192
1511 208
1511 170
1511 186
1512 67
1512 165
1512 170
1512 186
1512 192
1512 14
1513 208
1513 67
1513 165
1513 170
1513 186
1513 192
1514 186
1514 165
1514 170
1514 67
1514 192
1514 196
1515 67
1515 170
1515 186
1515 192
1515 196
1515 198
1516 1
1516 170
1516 186
1516 192
1516 196
1516 198
1517 170
1517 186
1517 192
1517 196
1517 198
1517 67
1518 170
1518 67
1518 1
1518 186
1518 192
1518 196
1519 170
1519 186
1519 204
1519 192
1519 196
1519 198
1520 1
1520 170
1520 186
1520 6
1520 192
1520 197
1521 9
1521 170
1521 197
1521 187
1521 192
1521 198
1522 170
1522 187
1522 192
1522 197
1522 198
1522 204
1523 170
1523 187
1523 215
1523 205
1523 198
1523 192
1524 17
1524 170
1524 187
1524 197
1524 198
1524 204
1525 1
1525 170
1525 9
1525 187
1525 12
1525 197
1526 170
1526 187
1526 197
1526 198
1526 204
1526 206
1527 7
1527 187
1527 197
1527 198
1527 204
1527 206
1528 187
1528 197
1528 198
1528 1
1528 204
1528 206
1529 12
1529 187
1529 197
1529 198
1529 204
1529 208
1530 1
1530 215
1530 187
1530 6
1530 197
1530 198
1531 20
1531 9
1531 187
1531 197
1531 198
1531 204
1532 209
1532 187
1532 197
1532 199
1532 204
1532 215
1533 1
1533 187
1533 7
1533 197
1533 199
1533 9
1534 187
1534 197
1534 199
1534 204
1534 9
1534 17
1535 187
1535 197
1535 199
1535 12
1535 204
1535 208
1536 187
1536 197
1536 199
1536 204
1536 208
1536 215
1537 187
1537 197
1537 199
1537 204
1537 208
1537 215
1538 187
1538 204
1538 197
1538 199
1538 1
1538 7
1539 187
1539 197
1539 199
1539 215
1539 204
1539 208
1540 197
1540 199
1540 20
1540 204
1540 208
1540 215
1541 197
1541 204
1541 208
1541 215
1541 7
1541 12
1542 208
1542 197
1542 204
1542 7
1542 215
1542 12
1543 197
1543 204
1543 209
1543 215
1543 7
1543 14
1544 197
1544 15
1544 204
1544 209
1544 7
1544 17
1545 197
1545 204
1545 209
1545 215
1545 7
1545 15
1546 204
1546 209
1546 7
1546 197
1546 15
1546 215
1547 197
1547 204
1547 209
1547 17
1547 215
1547 7
1548 7
1548 197
1548 204
1548 209
1548 215
1548 15
1549 7
1549 15
1549 204
1549 209
1549 17
1549 197
1550 215
1550 17
1550 197
1550 204
1550 209
1550 7
1551 197
1551 204
1551 7
1551 215
1551 15
1551 17
1552 197
1552 204
1552 215
1552 7
1552 15
1552 17
1553 197
1553 204
1553 7
1553 215
1553 15
1553 17
1554 7
1554 197
1554 204
1554 215
1554 15
1554 17
1555 197
1555 19
1555 204
1555 215
1555 7
1555 15
1556 197
1556 15
1556 204
1556 215
1556 7
1556 17
1557 197
1557 204
1557 7
1557 15
1557 17
1557 19
1558 197
1558 204
1558 7
1558 15
1558 17
1558 19
1559 197
1559 204
1559 7
1559 15
1559 17
1559 19
1560 197
1560 204
1560 7
1560 17
1560 19
1561 197
1561 204
1561 7
1561 17
1561 19
1562 7
1562 197
1562 204
1562 17
1562 19
1563 7
1563 204
1563 19
1564 19
1564 205
1565 205
1565 19
1566 205
1566 19
1567 205
1567 19
1568 205
1568 19
1569 205
1569 19
1570 205
1570 19
1571 19
1572 19
1573 19
1574 19
1575 19
1576 20
1577 19
1578 20
1579 19
1580 19
1581 19
1582 19
1583 19
1584 19
1585 19
1586 20
1587 20
1588 20
1589 20
1590 20
1591 20
1592 20
1593 20
1594 20
1595 20
1596 20
1597 20
