1 153
1 71
1 98
1 213
1 120
1 95
2 79
2 78
2 162
2 219
2 123
2 229
3 30
3 155
3 136
3 287
3 45
3 238
4 76
4 96
4 242
4 246
4 284
4 213
5 10
5 99
5 91
5 227
5 185
5 281
6 8
6 184
6 274
6 44
6 223
6 265
7 82
7 168
7 221
7 46
7 79
7 114
8 57
8 15
8 150
8 60
8 79
8 145
9 42
9 158
9 66
9 196
9 15
9 76
10 171
10 208
10 67
10 284
10 10
10 275
11 42
11 240
11 86
11 55
11 176
11 134
12 113
12 228
12 193
12 249
12 68
12 81
13 36
13 239
13 180
13 209
13 285
13 9
14 89
14 104
14 228
14 193
14 120
14 270
15 222
15 171
15 135
15 235
15 245
15 13
16 184
16 287
16 173
16 55
16 215
16 213
17 202
17 7
17 72
17 75
17 187
17 107
18 184
18 181
18 233
18 276
18 252
18 55
19 180
19 66
19 241
19 37
19 235
19 246
20 246
20 142
20 87
20 90
20 162
20 239
21 150
21 3
21 202
21 235
21 253
21 245
22 78
22 64
22 238
22 140
22 47
22 195
23 121
23 76
23 55
23 83
23 82
23 51
24 122
24 193
24 278
24 284
24 153
24 245
25 151
25 72
25 225
25 67
25 185
25 153
26 199
26 274
26 217
26 124
26 142
26 183
27 240
27 17
27 242
27 281
27 14
27 50
28 184
28 272
28 165
28 100
28 167
28 58
29 151
29 4
29 233
29 80
29 94
29 181
30 46
30 113
30 180
30 91
30 135
30 32
31 103
31 287
31 173
31 45
31 198
31 244
32 119
32 19
32 262
32 243
32 164
32 21
33 136
33 74
33 199
33 251
33 18
33 116
34 198
34 68
34 192
34 46
34 83
34 253
35 206
35 95
35 29
35 128
35 118
35 49
36 198
36 240
36 190
36 95
36 163
36 82
37 201
37 273
37 3
37 260
37 132
37 90
38 89
38 78
38 286
38 182
38 282
38 73
39 140
39 234
39 21
39 222
39 201
39 188
40 83
40 93
40 116
40 9
40 215
40 6
41 96
41 133
41 2
41 54
41 265
41 43
42 217
42 231
42 75
42 10
42 95
42 112
43 73
43 219
43 230
43 114
43 257
43 272
44 50
44 142
44 219
44 146
44 24
44 226
45 121
45 118
45 12
45 32
45 198
45 228
46 92
46 267
46 56
46 81
46 57
46 78
47 31
47 103
47 253
47 50
47 111
47 245
48 34
48 80
48 21
48 176
48 84
48 135
49 165
49 284
49 110
49 62
49 227
49 255
50 31
50 169
50 101
50 184
50 32
50 253
51 13
51 187
51 85
51 25
51 127
51 248
52 83
52 160
52 11
52 207
52 177
52 175
53 229
53 105
53 99
53 286
53 34
53 139
54 121
54 223
54 127
54 242
54 189
54 118
55 185
55 88
55 90
55 34
55 63
55 234
56 95
56 142
56 122
56 238
56 247
56 137
57 203
57 144
57 57
57 153
57 46
57 265
58 249
58 46
58 226
58 160
58 217
58 25
59 1
59 155
59 255
59 56
59 203
59 211
60 261
60 33
60 39
60 12
60 196
60 213
61 127
61 238
61 280
61 214
61 98
61 163
62 74
62 203
62 187
62 275
62 47
62 172
63 82
63 103
63 137
63 106
63 32
63 165
64 228
64 210
64 11
64 223
64 84
64 161
65 113
65 75
65 186
65 228
65 40
65 248
66 110
66 227
66 104
66 63
66 222
66 77
67 209
67 126
67 248
67 188
67 227
67 197
68 82
68 227
68 59
68 250
68 240
68 207
69 125
69 277
69 16
69 127
69 128
69 158
70 15
70 11
70 161
70 243
70 103
70 45
71 210
71 251
71 218
71 7
71 127
71 282
72 27
72 271
72 107
72 137
72 12
72 242
73 261
73 144
73 243
73 113
73 132
73 115
74 245
74 89
74 195
74 85
74 41
74 119
75 148
75 154
75 204
75 121
75 21
75 272
76 0
76 208
76 64
76 145
76 51
76 272
77 97
77 133
77 38
77 248
77 139
77 101
78 258
78 151
78 273
78 67
78 91
78 253
79 7
79 182
79 68
79 266
79 17
79 282
80 263
80 236
80 111
80 231
80 286
80 36
81 118
81 287
81 116
81 18
81 190
81 267
82 228
82 190
82 251
82 147
82 246
82 62
83 194
83 217
83 46
83 158
83 184
83 162
84 21
84 55
84 67
84 280
84 137
84 51
85 186
85 39
85 223
85 30
85 255
85 85
86 67
86 136
86 177
86 11
86 279
86 245
87 28
87 220
87 272
87 116
87 113
87 18
88 97
88 233
88 150
88 133
88 204
88 71
89 92
89 242
89 162
89 85
89 88
89 236
90 27
90 222
90 99
90 107
90 149
90 53
91 92
91 160
91 162
91 276
91 201
91 203
92 27
92 261
92 110
92 249
92 178
92 217
93 231
93 75
93 35
93 155
93 136
93 164
94 231
94 193
94 149
94 233
94 150
94 8
95 0
95 277
95 127
95 101
95 209
95 191
96 23
96 234
96 195
96 88
96 279
96 126
97 121
97 223
97 78
97 11
97 137
97 9
98 179
98 15
98 219
98 243
98 253
98 138
99 185
99 216
99 26
99 167
99 278
99 55
100 282
100 215
100 264
100 84
100 142
100 32
101 53
101 100
101 63
101 249
101 221
101 7
102 117
102 28
102 32
102 187
102 30
102 172
103 111
103 167
103 212
103 109
103 157
103 169
104 219
104 140
104 253
104 44
104 174
104 220
105 26
105 202
105 242
105 106
105 133
105 90
106 258
106 33
106 259
106 124
106 88
106 145
107 165
107 238
107 167
107 102
107 75
107 71
108 280
108 230
108 9
108 168
108 15
108 65
109 239
109 113
109 37
109 269
109 279
109 207
110 114
110 196
110 15
110 17
110 194
110 84
111 194
111 104
111 101
111 196
111 18
111 165
112 54
112 288
112 239
112 267
112 111
112 27
113 64
113 95
113 149
113 208
113 35
113 15
114 178
114 272
114 101
114 41
114 286
114 18
115 246
115 242
115 96
115 161
115 70
115 63
116 151
116 78
116 5
116 113
116 121
116 115
117 253
117 277
117 101
117 17
117 65
117 163
118 116
118 281
118 269
118 200
118 233
118 203
119 220
119 57
119 123
119 178
119 48
119 286
120 7
120 253
120 128
120 241
120 142
120 85
121 250
121 161
121 163
121 166
121 155
121 253
122 277
122 114
122 199
122 45
122 87
122 191
123 143
123 279
123 135
123 175
123 246
123 147
124 56
124 211
124 278
124 231
124 127
124 271
125 108
125 73
125 240
125 196
125 35
125 259
126 45
126 16
126 58
126 67
126 176
126 194
127 127
127 204
127 63
127 267
127 43
127 141
128 69
128 77
128 228
128 198
128 147
128 100
129 276
129 102
129 13
129 25
129 249
129 41
130 232
130 214
130 272
130 123
130 248
130 169
131 19
131 21
131 84
131 143
131 71
131 148
132 285
132 230
132 204
132 147
132 263
132 159
133 38
133 273
133 144
133 122
133 228
133 41
134 245
134 162
134 38
134 0
134 206
134 272
135 243
135 79
135 40
135 85
135 258
135 286
136 83
136 60
136 119
136 236
136 204
136 172
137 110
137 225
137 236
137 228
137 181
137 184
138 87
138 249
138 23
138 126
138 228
138 20
139 122
139 49
139 144
139 268
139 51
139 129
140 182
140 42
140 78
140 13
140 199
140 257
141 220
141 16
141 51
141 181
141 272
141 147
142 25
142 1
142 151
142 285
142 200
142 256
143 123
143 42
143 250
143 254
143 172
143 87
144 183
144 96
144 256
144 188
144 191
144 83
145 141
145 137
145 49
145 65
145 63
145 143
146 49
146 148
146 281
146 235
146 30
146 67
147 125
147 150
147 237
147 250
147 83
147 5
148 153
148 159
148 283
148 167
148 9
148 72
149 21
149 168
149 164
149 18
149 287
149 184
150 166
150 146
150 55
150 257
150 78
150 214
151 147
151 25
151 228
151 209
151 163
151 249
152 9
152 92
152 139
152 182
152 129
152 114
153 140
153 285
153 166
153 63
153 168
153 265
154 41
154 156
154 143
154 130
154 44
154 253
155 251
155 141
155 61
155 79
155 213
155 139
156 9
156 259
156 123
156 54
156 16
156 110
157 214
157 242
157 133
157 117
157 268
157 221
158 213
158 34
158 152
158 31
158 25
158 142
159 87
159 134
159 11
159 175
159 240
159 256
160 90
160 278
160 288
160 176
160 4
160 282
161 176
161 145
161 106
161 202
161 125
161 149
162 117
162 147
162 97
162 34
162 247
162 4
163 203
163 164
163 205
163 18
163 281
163 207
164 200
164 85
164 213
164 132
164 35
164 246
165 106
165 8
165 75
165 26
165 137
165 108
166 168
166 82
166 64
166 177
166 100
166 196
167 223
167 230
167 233
167 72
167 257
167 249
168 98
168 245
168 286
168 250
168 85
168 200
169 111
169 107
169 108
169 116
169 6
169 161
170 288
170 87
170 14
170 137
170 7
170 212
171 5
171 32
171 116
171 40
171 201
171 52
172 248
172 249
172 170
172 208
172 117
172 118
173 215
173 194
173 268
173 166
173 31
173 251
174 177
174 96
174 242
174 211
174 102
174 240
175 149
175 185
175 154
175 196
175 6
175 109
176 91
176 115
176 143
176 287
176 239
176 35
177 122
177 181
177 79
177 276
177 38
177 285
178 19
178 67
178 18
178 125
178 113
178 79
179 247
179 176
179 258
179 202
179 125
179 198
180 22
180 45
180 237
180 258
180 278
180 4
181 249
181 278
181 262
181 280
181 192
181 122
182 119
182 69
182 181
182 250
182 0
182 18
183 278
183 248
183 52
183 75
183 27
183 264
184 67
184 2
184 65
184 22
184 52
184 287
185 169
185 221
185 77
185 74
185 259
185 194
186 67
186 224
186 47
186 42
186 2
186 17
187 100
187 228
187 122
187 181
187 280
187 73
188 242
188 148
188 49
188 257
188 243
188 118
189 31
189 246
189 209
189 9
189 196
189 256
190 65
190 169
190 92
190 198
190 40
190 152
191 261
191 59
191 84
191 181
191 73
191 81
192 97
192 2
192 85
192 228
192 130
192 90
193 33
193 283
193 190
193 272
193 95
193 171
194 216
194 201
194 77
194 190
194 8
194 44
195 84
195 251
195 54
195 29
195 97
195 202
196 207
196 125
196 287
196 20
196 63
196 112
197 228
197 130
197 288
197 181
197 49
197 4
198 247
198 95
198 255
198 27
198 214
198 266
199 56
199 33
199 163
199 201
199 7
199 40
200 95
200 59
200 280
200 261
200 245
200 179
201 223
201 111
201 15
201 50
201 256
201 237
202 201
202 63
202 64
202 196
202 142
202 255
203 200
203 276
203 26
203 90
203 236
203 6
204 260
204 241
204 276
204 127
204 272
204 150
205 67
205 177
205 0
205 181
205 69
205 44
206 133
206 21
206 156
206 11
206 168
206 218
207 84
207 213
207 160
207 270
207 146
207 257
208 207
208 163
208 166
208 253
208 67
208 285
209 203
209 177
209 255
209 22
209 117
209 20
210 135
210 230
210 40
210 197
210 78
210 223
211 26
211 70
211 63
211 42
211 118
211 249
212 73
212 173
212 4
212 137
212 78
212 277
213 196
213 208
213 73
213 119
213 161
213 219
214 16
214 83
214 191
214 100
214 230
214 34
215 57
215 134
215 171
215 251
215 190
215 118
216 68
216 190
216 152
216 112
216 45
216 206
217 192
217 194
217 9
217 96
217 44
217 230
218 101
218 112
218 105
218 123
218 230
218 201
219 253
219 39
219 207
219 8
219 283
219 53
220 138
220 206
220 60
220 80
220 140
220 207
221 134
221 114
221 23
221 95
221 140
221 184
222 19
222 89
222 202
222 230
222 23
222 21
223 162
223 153
223 221
223 207
223 199
223 273
224 30
224 208
224 152
224 240
224 242
224 166
225 213
225 167
225 224
225 31
225 207
225 125
226 80
226 43
226 34
226 249
226 150
226 258
227 264
227 204
227 215
227 163
227 90
227 147
228 36
228 200
228 172
228 115
228 44
228 128
229 43
229 91
229 261
229 286
229 89
229 274
230 263
230 194
230 187
230 78
230 232
230 278
231 185
231 269
231 210
231 95
231 55
231 142
232 194
232 111
232 274
232 211
232 42
232 20
233 6
233 223
233 131
233 96
233 113
233 277
234 1
234 184
234 90
234 92
234 194
234 75
235 148
235 274
235 287
235 242
235 46
235 52
236 230
236 217
236 147
236 232
236 224
236 21
237 215
237 262
237 95
237 104
237 4
237 208
238 75
238 129
238 210
238 283
238 239
238 89
239 243
239 106
239 246
239 223
239 41
239 118
240 265
240 30
240 164
240 44
240 264
240 214
241 228
241 139
241 149
241 181
241 75
241 50
242 173
242 171
242 198
242 188
242 31
242 128
243 283
243 36
243 200
243 87
243 174
243 117
244 9
244 27
244 48
244 58
244 205
244 228
245 257
245 103
245 204
245 84
245 225
245 107
246 33
246 100
246 124
246 108
246 268
246 188
247 248
247 14
247 138
247 119
247 190
247 40
248 242
248 245
248 106
248 181
248 221
248 109
249 222
249 209
249 25
249 156
249 137
249 82
250 280
250 168
250 13
250 42
250 206
250 186
251 22
251 161
251 16
251 8
251 245
251 12
252 149
252 188
252 251
252 279
252 130
252 164
253 138
253 158
253 63
253 246
253 209
253 99
254 231
254 223
254 166
254 246
254 20
254 240
255 98
255 34
255 25
255 239
255 135
255 171
256 129
256 97
256 182
256 43
256 264
256 103
257 23
257 80
257 186
257 174
257 72
257 284
258 166
258 152
258 228
258 194
258 168
258 150
259 97
259 113
259 144
259 207
259 264
259 59
260 196
260 41
260 33
260 73
260 198
260 30
261 205
261 115
261 87
261 74
261 254
261 60
262 34
262 166
262 215
262 87
262 101
262 253
263 67
263 133
263 5
263 89
263 228
263 158
264 148
264 26
264 152
264 4
264 255
264 287
265 202
265 155
265 111
265 175
265 102
265 73
266 91
266 246
266 54
266 231
266 268
266 209
267 90
267 216
267 156
267 182
267 139
267 228
268 29
268 11
268 109
268 228
268 38
268 34
269 67
269 212
269 114
269 115
269 145
269 242
270 156
270 4
270 20
270 114
270 212
270 249
271 168
271 74
271 234
271 191
271 257
271 103
272 160
272 107
272 154
272 4
272 196
272 118
273 34
273 166
273 264
273 151
273 126
273 219
274 257
274 73
274 27
274 249
274 78
274 176
275 287
275 286
275 133
275 179
275 126
275 202
276 276
276 207
276 257
276 206
276 150
276 27
277 268
277 158
277 151
277 136
277 38
277 14
278 92
278 56
278 75
278 52
278 182
278 236
279 12
279 41
279 140
279 177
279 280
279 125
280 199
280 274
280 57
280 41
280 174
280 211
281 246
281 144
281 277
281 60
281 18
281 12
282 172
282 0
282 56
282 228
282 178
282 83
283 276
283 241
283 127
283 264
283 214
283 230
284 63
284 208
284 145
284 28
284 82
284 223
285 279
285 49
285 79
285 108
285 78
285 132
286 42
286 74
286 4
286 254
286 191
286 17
287 90
287 126
287 4
287 284
287 67
287 45
288 278
288 104
288 274
288 266
288 55
288 73
289 152
289 33
289 184
289 27
289 224
289 144
290 270
290 119
290 110
290 276
290 97
290 13
291 57
291 67
291 112
291 212
291 237
291 246
292 79
292 22
292 255
292 38
292 107
292 119
293 277
293 272
293 7
293 87
293 240
293 19
294 53
294 126
294 12
294 41
294 203
294 287
295 57
295 134
295 182
295 179
295 206
295 178
296 127
296 44
296 90
296 155
296 31
296 22
297 129
297 49
297 265
297 249
297 87
297 206
298 137
298 269
298 25
298 200
298 265
298 104
299 123
299 246
299 212
299 276
299 97
299 90
300 265
300 255
300 250
300 67
300 187
300 40
301 266
301 23
301 103
301 212
301 33
301 78
302 246
302 43
302 175
302 254
302 16
302 58
303 27
303 168
303 83
303 182
303 224
303 279
304 91
304 4
304 155
304 67
304 268
304 122
305 123
305 74
305 47
305 7
305 198
305 240
306 199
306 196
306 260
306 111
306 217
306 164
307 59
307 90
307 135
307 111
307 68
307 189
308 283
308 250
308 230
308 7
308 101
308 169
309 107
309 199
309 247
309 230
309 140
309 41
310 12
310 246
310 0
310 286
310 34
310 145
311 70
311 280
311 13
311 250
311 49
311 87
312 272
312 99
312 208
312 263
312 6
312 230
313 234
313 9
313 197
313 98
313 254
313 283
314 196
314 186
314 221
314 114
314 217
314 219
315 201
315 237
315 268
315 287
315 157
315 47
316 160
316 250
316 144
316 283
316 4
316 265
317 236
317 221
317 115
317 133
317 263
317 215
318 93
318 270
318 237
318 219
318 247
318 55
319 55
319 206
319 236
319 127
319 216
319 234
320 182
320 144
320 189
320 28
320 31
320 119
321 38
321 248
321 160
321 211
321 70
321 57
322 106
322 179
322 108
322 247
322 34
322 192
323 33
323 67
323 280
323 212
323 55
323 23
324 129
324 51
324 127
324 84
324 116
324 255
325 29
325 103
325 118
325 142
325 166
325 224
326 182
326 38
326 20
326 186
326 212
326 174
327 122
327 281
327 212
327 233
327 6
327 178
328 130
328 70
328 43
328 40
328 0
328 240
329 125
329 104
329 151
329 78
329 222
329 215
330 5
330 239
330 176
330 262
330 212
330 235
331 222
331 131
331 83
331 136
331 279
331 134
332 29
332 74
332 115
332 31
332 171
332 240
333 67
333 179
333 101
333 102
333 283
333 53
334 36
334 233
334 208
334 146
334 33
334 113
335 176
335 196
335 36
335 104
335 258
335 280
336 145
336 41
336 90
336 248
336 45
336 114
337 196
337 72
337 270
337 41
337 204
337 175
338 193
338 283
338 42
338 54
338 6
338 144
339 268
339 67
339 78
339 40
339 224
339 213
340 67
340 176
340 230
340 54
340 123
340 90
341 270
341 217
341 103
341 251
341 258
341 73
342 14
342 49
342 111
342 67
342 99
342 235
343 53
343 182
343 72
343 6
343 276
343 269
344 213
344 200
344 160
344 117
344 54
344 188
345 257
345 156
345 34
345 168
345 148
345 75
346 95
346 182
346 87
346 239
346 127
346 162
347 186
347 254
347 155
347 49
347 140
347 12
348 106
348 7
348 78
348 122
348 268
348 230
349 138
349 109
349 87
349 90
349 50
349 272
350 212
350 82
350 22
350 58
350 28
350 40
351 154
351 73
351 203
351 209
351 47
351 87
352 57
352 117
352 127
352 280
352 272
352 110
353 42
353 115
353 178
353 166
353 123
353 183
354 123
354 41
354 285
354 12
354 90
354 115
355 205
355 138
355 58
355 254
355 78
355 15
356 216
356 20
356 271
356 92
356 75
356 133
357 26
357 166
357 263
357 268
357 125
357 84
358 280
358 281
358 136
358 157
358 5
358 209
359 209
359 186
359 93
359 194
359 38
359 225
360 172
360 271
360 26
360 101
360 262
360 138
361 192
361 172
361 212
361 42
361 283
361 14
362 58
362 125
362 212
362 276
362 208
362 149
363 242
363 254
363 131
363 149
363 100
363 22
364 212
364 139
364 231
364 192
364 158
364 56
365 196
365 123
365 80
365 182
365 87
365 125
366 277
366 123
366 191
366 198
366 254
366 151
367 67
367 117
367 283
367 230
367 82
367 36
368 97
368 254
368 230
368 248
368 203
368 28
369 198
369 95
369 224
369 122
369 213
369 138
370 225
370 284
370 67
370 53
370 239
370 230
371 38
371 166
371 154
371 85
371 219
371 116
372 179
372 33
372 193
372 156
372 230
372 198
373 91
373 239
373 99
373 47
373 49
373 276
374 254
374 78
374 53
374 209
374 119
374 151
375 43
375 240
375 251
375 126
375 13
375 5
376 176
376 280
376 203
376 162
376 254
376 251
377 43
377 106
377 254
377 255
377 178
377 215
378 26
378 150
378 230
378 210
378 7
378 33
379 182
379 230
379 257
379 216
379 174
379 70
380 131
380 33
380 151
380 141
380 148
380 166
381 123
381 177
381 22
381 111
381 138
381 200
382 183
382 161
382 213
382 237
382 251
382 122
383 20
383 156
383 187
383 261
383 231
383 251
384 5
384 205
384 101
384 159
384 269
384 93
385 237
385 175
385 40
385 58
385 270
385 162
386 111
386 166
386 201
386 168
386 268
386 196
387 251
387 9
387 95
387 110
387 60
387 213
388 240
388 212
388 91
388 203
388 156
388 67
389 28
389 237
389 240
389 217
389 221
389 178
390 224
390 232
390 171
390 145
390 23
390 34
391 50
391 260
391 230
391 46
391 53
391 113
392 161
392 15
392 209
392 203
392 67
392 222
393 199
393 203
393 30
393 123
393 162
393 187
394 146
394 19
394 209
394 230
394 166
394 147
395 287
395 87
395 149
395 175
395 138
395 268
396 67
396 167
396 28
396 170
396 254
396 145
397 99
397 28
397 59
397 122
397 182
397 26
398 276
398 91
398 221
398 254
398 36
398 136
399 174
399 189
399 210
399 251
399 140
399 92
400 1
400 29
400 254
400 251
400 147
400 78
401 161
401 129
401 75
401 231
401 203
401 208
402 276
402 147
402 259
402 280
402 160
402 212
403 123
403 251
403 254
403 67
403 284
403 171
404 177
404 251
404 242
404 206
404 269
404 145
405 217
405 91
405 161
405 38
405 281
405 100
406 138
406 72
406 95
406 234
406 200
406 280
407 219
407 51
407 134
407 91
407 92
407 27
408 187
408 22
408 153
408 104
408 45
408 67
409 193
409 288
409 276
409 19
409 251
409 127
410 177
410 97
410 213
410 100
410 31
410 125
411 255
411 170
411 82
411 285
411 162
411 240
412 67
412 280
412 53
412 272
412 98
412 130
413 166
413 276
413 82
413 70
413 172
413 251
414 255
414 44
414 254
414 213
414 214
414 240
415 263
415 265
415 68
415 259
415 214
415 230
416 38
416 191
416 26
416 193
416 5
416 16
417 148
417 235
417 151
417 190
417 106
417 138
418 182
418 191
418 167
418 144
418 158
418 68
419 119
419 68
419 109
419 217
419 210
419 40
420 196
420 271
420 171
420 102
420 169
420 283
421 59
421 109
421 63
421 264
421 132
421 196
422 44
422 284
422 151
422 12
422 193
422 208
423 53
423 108
423 93
423 91
423 169
423 45
424 99
424 254
424 78
424 152
424 167
424 235
425 146
425 72
425 87
425 152
425 82
425 68
426 61
426 156
426 230
426 5
426 263
426 222
427 257
427 131
427 79
427 99
427 156
427 91
428 242
428 7
428 101
428 272
428 40
428 206
429 224
429 222
429 56
429 95
429 110
429 43
430 68
430 108
430 216
430 255
430 268
430 225
431 131
431 176
431 278
431 118
431 57
431 28
432 5
432 33
432 12
432 154
432 277
432 27
433 123
433 203
433 114
433 115
433 12
433 5
434 199
434 49
434 270
434 18
434 230
434 93
435 203
435 241
435 230
435 257
435 286
435 30
436 171
436 54
436 203
436 212
436 27
436 280
437 56
437 199
437 141
437 68
437 242
437 0
438 182
438 140
438 109
438 254
438 222
438 49
439 278
439 167
439 266
439 83
439 151
439 135
440 0
440 233
440 151
440 139
440 16
440 97
441 135
441 254
441 185
441 240
441 268
441 42
442 174
442 255
442 68
442 9
442 216
442 112
443 179
443 63
443 59
443 22
443 212
443 27
444 262
444 175
444 34
444 139
444 58
444 41
445 270
445 259
445 22
445 128
445 166
445 138
446 136
446 7
446 176
446 219
446 254
446 159
447 281
447 231
447 113
447 254
447 271
447 115
448 70
448 203
448 27
448 276
448 17
448 28
449 132
449 29
449 63
449 130
449 50
449 234
450 270
450 213
450 56
450 12
450 178
450 72
451 12
451 49
451 206
451 122
451 106
451 93
452 42
452 63
452 190
452 260
452 185
452 271
453 255
453 166
453 271
453 104
453 220
453 241
454 5
454 268
454 288
454 283
454 280
454 144
455 9
455 38
455 135
455 108
455 68
455 5
456 199
456 106
456 100
456 235
456 203
456 255
457 277
457 189
457 263
457 231
457 56
457 182
458 178
458 278
458 280
458 241
458 141
458 27
459 260
459 97
459 50
459 99
459 51
459 22
460 210
460 224
460 91
460 257
460 213
460 68
461 129
461 269
461 151
461 54
461 68
461 276
462 84
462 147
462 108
462 277
462 233
462 5
463 102
463 176
463 125
463 166
463 204
463 23
464 216
464 78
464 72
464 42
464 144
464 182
465 148
465 152
465 257
465 54
465 145
465 175
466 158
466 106
466 125
466 170
466 192
466 257
467 209
467 12
467 28
467 95
467 40
467 22
468 176
468 31
468 182
468 193
468 166
468 235
469 161
469 118
469 224
469 108
469 5
469 257
470 285
470 38
470 151
470 277
470 75
470 125
471 45
471 219
471 28
471 113
471 27
471 91
472 277
472 115
472 23
472 144
472 199
472 128
473 152
473 19
473 196
473 133
473 169
473 167
474 146
474 133
474 72
474 84
474 5
474 134
475 270
475 104
475 115
475 38
475 206
475 134
476 271
476 116
476 136
476 14
476 176
476 225
477 125
477 68
477 175
477 189
477 263
477 0
478 172
478 28
478 30
478 224
478 18
478 199
479 221
479 231
479 169
479 272
479 144
479 135
480 171
480 91
480 159
480 34
480 13
480 277
481 144
481 41
481 68
481 148
481 92
481 285
482 125
482 147
482 28
482 185
482 141
482 169
483 277
483 63
483 60
483 241
483 149
483 268
484 68
484 220
484 231
484 28
484 122
484 12
485 196
485 5
485 115
485 93
485 199
485 177
486 68
486 63
486 166
486 208
486 233
486 231
487 79
487 145
487 122
487 176
487 78
487 36
488 184
488 199
488 104
488 218
488 51
488 78
489 209
489 257
489 61
489 222
489 106
489 50
490 93
490 22
490 233
490 41
490 128
490 109
491 61
491 34
491 12
491 1
491 158
491 257
492 171
492 237
492 57
492 285
492 109
492 74
493 257
493 259
493 68
493 28
493 277
493 125
494 176
494 78
494 95
494 158
494 91
494 80
495 167
495 257
495 220
495 160
495 6
495 265
496 280
496 34
496 194
496 106
496 93
496 148
497 257
497 101
497 138
497 45
497 185
497 259
498 222
498 135
498 220
498 213
498 28
498 97
499 34
499 277
499 93
499 278
499 186
499 159
500 114
500 17
500 78
500 93
500 208
500 183
501 83
501 17
501 19
501 63
501 132
501 134
502 218
502 122
502 265
502 34
502 5
502 193
503 42
503 113
503 12
503 87
503 40
503 233
504 123
504 79
504 257
504 80
504 231
504 40
505 224
505 187
505 133
505 277
505 177
505 134
506 231
506 34
506 257
506 186
506 102
506 70
507 178
507 237
507 95
507 28
507 242
507 257
508 58
508 157
508 193
508 61
508 200
508 100
509 271
509 91
509 184
509 182
509 200
509 194
510 257
510 125
510 17
510 127
510 286
510 268
511 193
511 31
511 97
511 118
511 129
511 87
512 278
512 127
512 12
512 218
512 140
512 258
513 208
513 185
513 183
513 19
513 99
513 68
514 257
514 0
514 40
514 95
514 217
514 262
515 59
515 82
515 144
515 68
515 212
515 218
516 237
516 268
516 12
516 23
516 91
516 160
517 99
517 271
517 14
517 104
517 114
517 38
518 87
518 55
518 115
518 13
518 257
518 288
519 277
519 40
519 200
519 217
519 138
519 231
520 231
520 215
520 5
520 6
520 91
520 17
521 271
521 102
521 277
521 144
521 200
521 12
522 19
522 68
522 151
522 156
522 191
522 242
523 265
523 136
523 242
523 278
523 115
523 258
524 235
524 216
524 115
524 38
524 13
524 44
525 131
525 278
525 79
525 258
525 280
525 193
526 231
526 151
526 146
526 50
526 242
526 144
527 12
527 75
527 286
527 84
527 125
527 237
528 23
528 75
528 184
528 259
528 193
528 261
529 79
529 160
529 152
529 43
529 259
529 261
530 91
530 106
530 122
530 271
530 220
530 31
531 12
531 57
531 70
531 110
531 190
531 216
532 5
532 200
532 203
532 73
532 140
532 68
533 70
533 100
533 146
533 208
533 200
533 1
534 147
534 237
534 68
534 87
534 5
534 231
535 161
535 242
535 114
535 7
535 132
535 111
536 220
536 283
536 178
536 28
536 68
536 136
537 162
537 146
537 123
537 185
537 172
537 259
538 79
538 18
538 167
538 204
538 178
538 169
539 91
539 148
539 218
539 146
539 210
539 119
540 277
540 138
540 114
540 29
540 225
540 179
541 283
541 184
541 50
541 61
541 56
541 169
542 259
542 84
542 63
542 277
542 17
542 261
543 117
543 286
543 200
543 261
543 42
543 68
544 116
544 157
544 259
544 225
544 262
544 166
545 271
545 179
545 218
545 51
545 116
545 95
546 178
546 193
546 233
546 208
546 43
546 203
547 12
547 53
547 222
547 72
547 91
547 259
548 193
548 45
548 170
548 91
548 19
548 277
549 56
549 200
549 259
549 196
549 206
549 102
550 206
550 190
550 237
550 259
550 184
550 166
551 113
551 203
551 68
551 160
551 20
551 151
552 265
552 138
552 57
552 112
552 179
552 200
553 144
553 109
553 139
553 260
553 262
553 277
554 184
554 79
554 145
554 108
554 242
554 166
555 231
555 271
555 79
555 260
555 104
555 237
556 158
556 118
556 5
556 42
556 160
556 271
557 152
557 175
557 106
557 242
557 17
557 221
558 1
558 100
558 5
558 75
558 286
558 155
559 132
559 122
559 79
559 209
559 214
559 91
560 6
560 122
560 70
560 51
560 175
560 1
561 222
561 200
561 109
561 286
561 262
561 265
562 175
562 268
562 29
562 79
562 12
562 40
563 144
563 193
563 5
563 281
563 7
563 112
564 157
564 145
564 225
564 286
564 125
564 115
565 73
565 130
565 17
565 136
565 99
565 82
566 153
566 206
566 242
566 286
566 113
566 102
567 175
567 231
567 153
567 176
567 288
567 200
568 148
568 277
568 286
568 92
568 179
568 231
569 221
569 83
569 283
569 237
569 157
569 204
570 184
570 108
570 266
570 29
570 127
570 185
571 47
571 116
571 212
571 206
571 58
571 61
572 262
572 215
572 34
572 225
572 82
572 212
573 262
573 29
573 166
573 242
573 116
573 155
574 38
574 68
574 87
574 114
574 204
574 144
575 1
575 40
575 85
575 200
575 36
575 146
576 34
576 175
576 262
576 242
576 117
576 9
577 272
577 149
577 50
577 38
577 36
577 175
578 84
578 262
578 242
578 144
578 266
578 191
579 231
579 184
579 153
579 218
579 286
579 50
580 29
580 263
580 53
580 231
580 266
580 242
581 87
581 29
581 13
581 115
581 63
581 132
582 152
582 266
582 191
582 212
582 233
582 176
583 280
583 146
583 68
583 184
583 188
583 5
584 109
584 214
584 106
584 193
584 31
584 196
585 122
585 158
585 5
585 36
585 152
585 148
586 18
586 115
586 92
586 6
586 56
586 193
587 42
587 175
587 272
587 122
587 210
587 206
588 184
588 117
588 36
588 190
588 114
588 214
589 68
589 116
589 72
589 175
589 277
589 111
590 162
590 217
590 79
590 61
590 263
590 184
591 136
591 263
591 161
591 41
591 133
591 130
592 13
592 149
592 152
592 47
592 17
592 268
593 280
593 13
593 108
593 113
593 100
593 200
594 51
594 9
594 217
594 204
594 112
594 17
595 271
595 130
595 175
595 58
595 176
595 12
596 50
596 152
596 263
596 13
596 51
596 266
597 186
597 280
597 266
597 268
597 231
597 75
598 122
598 20
598 184
598 17
598 68
598 231
599 152
599 87
599 47
599 73
599 175
599 176
600 268
600 34
600 29
600 184
600 179
600 55
601 111
601 114
601 200
601 268
601 212
601 58
602 1
602 152
602 231
602 56
602 132
602 134
603 200
603 209
603 152
603 271
603 272
603 73
604 216
604 93
604 166
604 152
604 133
604 234
605 155
605 166
605 20
605 34
605 209
605 271
606 187
606 286
606 100
606 175
606 160
606 50
607 144
607 59
607 80
607 169
607 281
607 283
608 277
608 13
608 166
608 186
608 161
608 144
609 156
609 100
609 206
609 136
609 9
609 233
610 112
610 155
610 184
610 68
610 215
610 14
611 31
611 5
611 92
611 144
611 9
611 153
612 271
612 5
612 22
612 166
612 92
612 193
613 128
613 29
613 271
613 166
613 36
613 272
614 22
614 278
614 161
614 92
614 119
614 156
615 83
615 73
615 185
615 144
615 9
615 81
616 117
616 271
616 152
616 193
616 200
616 92
617 92
617 63
617 242
617 95
617 271
617 19
618 68
618 166
618 146
618 63
618 6
618 217
619 132
619 206
619 242
619 146
619 79
619 20
620 179
620 225
620 122
620 185
620 73
620 196
621 122
621 200
621 271
621 153
621 44
621 73
622 233
622 122
622 185
622 287
622 271
622 138
623 144
623 271
623 29
623 272
623 200
623 138
624 82
624 175
624 176
624 161
624 85
624 100
625 160
625 108
625 271
625 63
625 231
625 100
626 242
626 283
626 200
626 190
626 128
626 218
627 92
627 80
627 271
627 61
627 0
627 204
628 191
628 271
628 200
628 272
628 286
628 68
629 271
629 61
629 277
629 169
629 19
629 125
630 152
630 122
630 231
630 58
630 196
630 61
631 271
631 175
631 272
631 81
631 50
631 286
632 175
632 128
632 7
632 231
632 29
632 144
633 271
633 242
633 133
633 193
633 278
633 272
634 144
634 231
634 283
634 233
634 74
634 271
635 93
635 204
635 73
635 125
635 53
635 281
636 34
636 128
636 22
636 114
636 161
636 13
637 111
637 92
637 106
637 231
637 14
637 278
638 97
638 237
638 61
638 242
638 177
638 286
639 149
639 286
639 218
639 209
639 161
639 29
640 234
640 231
640 122
640 74
640 271
640 104
641 175
641 123
641 36
641 271
641 212
641 68
642 116
642 29
642 54
642 281
642 271
642 68
643 92
643 9
643 277
643 204
643 176
643 22
644 132
644 242
644 193
644 185
644 144
644 114
645 125
645 157
645 92
645 118
645 61
645 36
646 92
646 97
646 53
646 19
646 187
646 185
647 59
647 6
647 109
647 68
647 23
647 136
648 144
648 125
648 152
648 110
648 116
648 61
649 127
649 50
649 125
649 231
649 277
649 100
650 200
650 116
650 130
650 95
650 287
650 237
651 234
651 43
651 209
651 119
651 13
651 68
652 17
652 46
652 50
652 231
652 40
652 73
653 221
653 175
653 166
653 13
653 38
653 185
654 147
654 271
654 272
654 68
654 190
654 29
655 175
655 6
655 31
655 187
655 233
655 271
656 271
656 132
656 13
656 221
656 80
656 242
657 233
657 145
657 36
657 22
657 6
657 204
658 75
658 272
658 220
658 29
658 42
658 53
659 73
659 157
659 29
659 36
659 13
659 122
660 112
660 190
660 40
660 6
660 272
660 74
661 133
661 185
661 233
661 235
661 166
661 130
662 193
662 20
662 118
662 92
662 123
662 36
663 40
663 286
663 50
663 36
663 204
663 169
664 215
664 46
664 93
664 53
664 80
664 272
665 133
665 1
665 272
665 36
665 169
665 208
666 210
666 6
666 147
666 153
666 144
666 221
667 200
667 73
667 272
667 75
667 233
667 23
668 13
668 272
668 233
668 175
668 114
668 277
669 200
669 93
669 95
669 136
669 55
669 145
670 191
670 171
670 220
670 29
670 213
670 277
671 204
671 218
671 277
671 80
671 112
671 208
672 204
672 133
672 122
672 106
672 288
672 277
673 108
673 40
673 233
673 235
673 146
673 97
674 277
674 186
674 61
674 122
674 235
674 146
675 204
675 128
675 19
675 278
675 140
675 51
676 166
676 93
676 139
676 140
676 117
676 118
677 160
677 185
677 156
677 152
677 242
677 80
678 281
678 278
678 169
678 29
678 286
678 166
679 278
679 242
679 176
679 204
679 144
679 61
680 73
680 278
680 286
680 218
680 188
680 204
681 114
681 23
681 204
681 134
681 80
681 115
682 204
682 278
682 233
682 46
682 214
682 281
683 278
683 7
683 106
683 281
683 204
683 128
684 278
684 19
684 13
684 208
684 220
684 152
685 13
685 138
685 125
685 50
685 42
685 36
686 13
686 281
686 278
686 204
686 286
686 146
687 139
687 81
687 281
687 132
687 278
687 50
688 93
688 111
688 204
688 167
688 38
688 147
689 166
689 36
689 234
689 44
689 278
689 281
690 97
690 36
690 204
690 128
690 93
690 38
691 204
691 139
691 80
691 93
691 22
691 278
692 104
692 204
692 178
692 53
692 106
692 278
693 19
693 278
693 281
693 128
693 43
693 85
694 123
694 29
694 220
694 126
694 100
694 176
695 204
695 278
695 100
695 126
695 221
695 281
696 278
696 235
696 122
696 281
696 95
696 286
697 278
697 46
697 185
697 93
697 106
697 29
698 281
698 221
698 95
698 1
698 17
698 42
699 204
699 222
699 14
699 6
699 139
699 17
700 286
700 148
700 133
700 204
700 176
700 281
701 57
701 204
701 147
701 13
701 176
701 281
702 100
702 214
702 281
702 36
702 148
702 112
703 146
703 136
703 6
703 53
703 75
703 281
704 153
704 281
704 286
704 29
704 101
704 287
705 138
705 14
705 95
705 40
705 146
705 281
706 122
706 138
706 93
706 176
706 217
706 82
707 20
707 185
707 22
707 128
707 166
707 104
708 54
708 159
708 44
708 281
708 233
708 235
709 281
709 129
709 93
709 6
709 41
709 95
710 186
710 152
710 6
710 233
710 281
710 286
711 138
711 281
711 204
711 186
711 95
711 81
712 287
712 103
712 281
712 73
712 288
712 235
713 82
713 42
713 109
713 281
713 95
713 169
714 204
714 209
714 166
714 212
714 169
714 122
715 95
715 233
715 119
715 281
715 97
715 287
716 281
716 287
716 186
716 233
716 288
716 208
717 281
717 222
717 13
717 216
717 212
717 38
718 29
718 7
718 187
718 136
718 103
718 134
719 204
719 17
719 106
719 138
719 281
719 53
720 157
720 17
720 281
720 221
720 114
720 159
721 38
721 287
721 84
721 123
721 138
721 54
722 287
722 179
722 100
722 81
722 13
722 146
723 110
723 83
723 287
723 138
723 95
723 51
724 287
724 13
724 288
724 214
724 103
724 95
725 56
725 288
725 13
725 178
725 95
725 169
726 129
726 63
726 82
726 214
726 38
726 288
727 128
727 132
727 117
727 95
727 97
727 288
728 222
728 288
728 0
728 7
728 13
728 29
729 213
729 288
729 73
729 0
729 130
729 204
730 208
730 13
730 73
730 100
730 178
730 128
731 82
731 215
731 288
731 167
731 208
731 85
732 128
732 22
732 119
732 56
732 85
732 288
733 288
733 97
733 115
733 29
733 95
733 153
734 288
734 214
734 38
734 186
734 167
734 222
735 109
735 208
735 82
735 171
735 17
735 221
736 129
736 23
736 17
736 73
736 132
736 116
737 208
737 217
737 210
737 178
737 7
737 233
738 167
738 138
738 63
738 122
738 7
738 178
739 179
739 208
739 29
739 210
739 73
739 116
740 17
740 191
740 288
740 209
740 233
740 74
741 132
741 235
741 51
741 22
741 38
741 111
742 110
742 82
742 153
742 159
742 288
742 167
743 50
743 57
743 128
743 221
743 235
743 38
744 56
744 29
744 63
744 153
744 7
744 288
745 13
745 38
745 288
745 167
745 74
745 169
746 288
746 0
746 7
746 167
746 155
746 97
747 103
747 38
747 116
747 61
747 212
747 74
748 186
748 209
748 221
748 288
748 95
748 38
749 13
749 167
749 119
749 45
749 111
749 288
750 111
750 117
750 42
750 188
750 118
750 74
751 104
751 109
751 63
751 111
751 210
751 97
752 139
752 235
752 106
752 100
752 102
752 146
753 288
753 95
753 51
753 0
753 130
753 7
754 235
754 82
754 83
754 160
754 13
754 237
755 210
755 288
755 29
755 43
755 119
755 38
756 210
756 288
756 82
756 178
756 186
756 188
757 188
757 82
757 104
757 63
757 14
757 74
758 128
758 235
758 288
758 210
758 13
758 22
759 108
759 13
759 117
759 22
759 186
759 235
760 117
760 108
760 63
760 138
760 19
760 0
761 122
761 13
761 186
761 40
761 97
761 144
762 0
762 153
762 210
762 14
762 17
762 19
763 111
763 74
763 110
763 46
763 82
763 0
764 101
764 112
764 210
764 159
764 235
764 0
765 130
765 22
765 63
765 235
765 0
765 43
766 1
766 14
766 190
766 17
766 218
766 82
767 129
767 1
767 215
767 210
767 75
767 14
768 178
768 104
768 100
768 187
768 119
768 1
769 40
769 1
769 14
769 17
769 19
769 216
770 1
770 210
770 212
770 146
770 97
770 14
771 237
771 187
771 1
771 54
771 14
771 139
772 178
772 61
772 155
772 14
772 210
772 17
773 167
773 129
773 14
773 17
773 210
773 19
774 82
774 104
774 29
774 235
774 237
774 14
775 156
775 58
775 14
775 212
775 167
775 210
776 14
776 178
776 54
776 17
776 19
776 123
777 222
777 190
777 126
777 14
777 29
777 210
778 14
778 17
778 161
778 19
778 191
778 22
779 14
779 161
779 40
779 19
779 210
779 22
780 100
780 210
780 187
780 20
780 14
780 82
781 167
781 14
781 61
781 100
781 82
781 20
782 63
782 100
782 82
782 213
782 14
782 187
783 210
783 235
783 237
783 212
783 130
783 14
784 187
784 149
784 59
784 14
784 20
784 41
785 215
785 14
785 123
785 188
785 82
785 210
786 235
786 167
786 20
786 191
786 237
786 82
787 155
787 149
787 40
787 106
787 134
787 144
788 222
788 187
788 188
788 40
788 235
788 14
789 171
789 46
789 178
789 14
789 214
789 29
790 153
790 146
790 43
790 14
790 100
790 212
791 212
791 102
791 50
791 136
791 214
791 14
792 237
792 14
792 190
792 100
792 191
792 51
793 216
793 188
793 178
793 14
793 212
793 20
794 14
794 20
794 40
794 188
794 50
794 235
795 61
795 40
795 84
795 41
795 20
795 103
796 56
796 104
796 20
796 160
796 22
796 40
797 20
797 100
797 235
797 149
797 102
797 212
798 20
798 100
798 102
798 133
798 212
798 159
799 134
799 20
799 155
799 188
799 235
799 153
800 51
800 212
800 178
800 20
800 144
800 22
801 20
801 216
801 82
801 57
801 126
801 100
802 140
802 20
802 212
802 56
802 22
802 221
803 237
803 20
803 22
803 144
803 40
803 213
804 222
804 29
804 169
804 20
804 45
804 144
805 188
805 140
805 83
805 118
805 20
805 85
806 213
806 41
806 40
806 83
806 20
806 214
807 133
807 20
807 213
807 83
807 188
807 41
808 22
808 83
808 100
808 41
808 159
808 29
809 100
809 83
809 22
809 57
809 153
809 102
810 23
810 100
810 213
810 102
810 83
810 85
811 23
811 214
811 83
811 222
811 85
811 188
812 63
812 23
812 101
812 29
812 178
812 83
813 41
813 170
813 117
813 235
813 133
813 23
814 106
814 29
814 235
814 83
814 188
814 101
815 133
815 217
815 57
815 23
815 101
815 83
816 237
816 83
816 23
816 41
816 85
816 44
817 171
817 23
817 41
817 156
817 101
817 213
818 56
818 101
818 178
818 23
818 221
818 41
819 213
819 102
819 83
819 188
819 214
819 216
820 23
820 41
820 44
820 46
820 51
820 54
821 23
821 41
821 83
821 44
821 148
821 46
822 156
822 101
822 188
822 41
822 153
822 213
823 41
823 161
823 44
823 213
823 46
823 51
824 101
824 134
824 213
824 214
824 44
824 41
825 54
825 41
825 44
825 178
825 46
825 84
826 101
826 41
826 147
826 170
826 83
826 221
827 101
827 44
827 102
827 104
827 188
827 46
828 44
828 101
828 188
828 134
828 46
828 51
829 44
829 128
829 146
829 222
829 126
829 46
830 188
830 44
830 147
830 126
830 162
830 46
831 45
831 108
831 51
831 84
831 217
831 54
832 109
832 45
832 171
832 84
832 140
832 51
833 159
833 133
833 63
833 45
833 51
833 101
834 222
834 214
834 45
834 101
834 51
834 178
835 146
835 214
835 45
835 51
835 159
835 153
836 188
836 84
836 101
836 178
836 45
836 179
837 214
837 45
837 140
837 216
837 51
837 54
838 45
838 51
838 123
838 54
838 56
838 171
839 45
839 54
839 56
839 57
839 59
839 63
840 45
840 54
840 101
840 171
840 56
840 126
841 101
841 84
841 45
841 102
841 104
841 54
842 179
842 214
842 167
842 123
842 45
842 126
843 45
843 214
843 54
843 56
843 123
843 216
844 45
844 159
844 54
844 153
844 56
844 156
845 179
845 144
845 214
845 167
845 162
845 188
846 123
846 54
846 102
846 214
846 217
846 45
847 84
847 214
847 45
847 217
847 56
847 102
848 153
848 45
848 56
848 190
848 104
848 214
849 45
849 84
849 56
849 179
849 102
849 162
850 46
850 56
850 214
850 57
850 63
850 103
851 153
851 46
851 169
851 126
851 56
851 214
852 179
852 214
852 156
852 46
852 103
852 126
853 214
853 153
853 84
853 217
853 221
853 139
854 84
854 46
854 159
854 56
854 221
854 57
855 103
855 46
855 217
855 57
855 153
855 84
856 46
856 188
856 57
856 108
856 215
856 59
857 215
857 46
857 217
857 57
857 63
857 84
858 153
858 46
858 57
858 63
858 84
858 188
859 179
859 103
859 84
859 46
859 190
859 108
860 46
860 57
860 147
860 85
860 103
860 106
861 46
861 57
861 109
861 128
861 103
861 160
862 46
862 103
862 85
862 141
862 106
862 126
863 46
863 167
863 57
863 215
863 85
863 160
864 85
864 46
864 57
864 103
864 106
864 109
865 215
865 57
865 188
865 85
865 103
865 190
866 215
866 57
866 109
866 85
866 103
866 106
867 103
867 57
867 106
867 148
867 109
867 215
868 57
868 188
868 103
868 106
868 110
868 111
869 57
869 103
869 106
869 110
869 190
869 215
870 57
870 103
870 169
870 215
870 148
870 106
871 57
871 103
871 106
871 159
871 110
871 111
872 215
872 217
872 110
872 117
872 129
872 57
873 167
873 190
873 123
873 103
873 57
873 106
874 110
874 167
874 57
874 103
874 139
874 111
875 58
875 156
875 215
875 221
875 103
875 110
876 58
876 215
876 126
876 139
876 156
876 217
877 103
877 140
877 110
877 111
877 112
877 218
878 103
878 110
878 111
878 136
878 112
878 190
879 103
879 215
879 217
879 110
879 111
879 112
880 133
880 103
880 110
880 111
880 112
880 169
881 104
881 111
881 112
881 123
881 117
881 118
882 104
882 111
882 112
882 117
882 139
882 118
883 111
883 112
883 217
883 118
883 179
883 221
884 111
884 217
884 221
884 112
884 118
884 123
885 159
885 112
885 162
885 217
885 118
885 123
886 112
886 118
886 139
886 123
886 126
886 128
887 221
887 112
887 118
887 123
887 126
887 128
888 156
888 112
888 118
888 123
888 222
888 126
889 112
889 118
889 167
889 169
889 123
889 126
890 112
890 118
890 123
890 126
890 221
890 128
891 112
891 118
891 123
891 221
891 126
891 128
892 112
892 179
892 118
892 123
892 126
892 128
893 112
893 118
893 126
893 129
893 133
893 134
894 139
894 112
894 118
894 221
894 126
894 129
895 179
895 148
895 129
895 112
895 118
895 126
896 112
896 221
896 146
896 162
896 156
896 129
897 156
897 126
897 112
897 118
897 129
897 133
898 221
898 190
898 112
898 126
898 129
898 118
899 112
899 118
899 126
899 149
899 129
899 133
900 149
900 112
900 179
900 118
900 126
900 129
901 221
901 112
901 118
901 126
901 129
901 156
902 221
902 112
902 133
902 119
902 169
902 126
903 119
903 129
903 133
903 134
903 136
903 222
904 119
904 179
904 190
904 129
904 133
904 136
905 119
905 191
905 129
905 136
905 139
905 140
906 119
906 129
906 136
906 139
906 222
906 140
907 156
907 119
907 191
907 129
907 136
907 139
908 179
908 129
908 136
908 222
908 139
908 140
909 129
909 191
909 136
909 139
909 140
909 146
910 129
910 169
910 139
910 141
910 146
910 147
911 139
911 129
911 141
911 146
911 147
911 149
912 167
912 129
912 139
912 141
912 147
912 149
913 129
913 139
913 141
913 147
913 149
913 156
914 222
914 129
914 139
914 179
914 141
914 147
915 129
915 139
915 141
915 147
915 149
915 156
916 129
916 139
916 141
916 147
916 149
916 156
917 129
917 141
917 147
917 149
917 159
917 160
918 159
918 129
918 141
918 147
918 149
918 160
919 130
919 141
919 147
919 149
919 159
919 160
920 159
920 130
920 141
920 148
920 179
920 160
921 141
921 148
921 159
921 160
921 162
921 167
922 179
922 141
922 148
922 160
922 162
922 167
923 141
923 148
923 160
923 162
923 169
923 179
924 141
924 148
924 160
924 162
924 169
924 179
925 141
925 148
925 160
925 162
925 179
925 191
926 141
926 148
926 160
926 162
926 179
926 191
927 148
927 160
927 162
927 191
928 148
928 160
928 162
928 191
929 148
929 161
929 191
930 148
930 161
930 191
931 148
931 161
931 191
932 148
932 161
932 191
933 191
933 149
933 161
934 149
934 161
935 161
936 161
937 161
938 161
939 161
940 161
941 161
942 161
943 162
944 162
945 162
946 162
947 162
948 162
949 162
950 162
951 162
952 162
953 162
954 162
955 162
