1 6
1 191
1 100
1 215
1 112
1 26
2 115
2 107
2 104
2 56
2 185
2 5
3 169
3 163
3 59
3 89
3 203
3 26
4 23
4 127
4 168
4 247
4 65
4 108
5 222
5 189
5 161
5 218
5 239
5 54
6 207
6 185
6 74
6 94
6 237
6 61
7 186
7 47
7 263
7 12
7 196
7 73
8 230
8 124
8 159
8 19
8 58
8 74
9 101
9 4
9 43
9 22
9 171
9 133
10 150
10 115
10 141
10 40
10 135
10 248
11 71
11 185
11 50
11 255
11 165
11 138
12 181
12 19
12 8
12 50
12 51
12 227
13 262
13 59
13 24
13 18
13 66
13 60
14 13
14 210
14 239
14 127
14 25
14 257
15 11
15 202
15 133
15 102
15 185
15 111
16 228
16 16
16 252
16 152
16 13
16 86
17 176
17 17
17 56
17 138
17 27
17 206
18 142
18 116
18 251
18 154
18 252
18 170
19 215
19 258
19 184
19 259
19 67
19 226
20 8
20 126
20 222
20 93
20 41
20 75
21 81
21 95
21 144
21 200
21 136
21 134
22 58
22 10
22 66
22 122
22 175
22 85
23 198
23 26
23 89
23 84
23 91
23 87
24 219
24 263
24 224
24 212
24 182
24 137
25 116
25 118
25 141
25 104
25 100
25 102
26 249
26 51
26 201
26 214
26 220
26 34
27 29
27 33
27 103
27 156
27 44
27 203
28 102
28 257
28 174
28 143
28 185
28 241
29 204
29 115
29 95
29 131
29 249
29 15
30 131
30 44
30 55
30 187
30 112
30 227
31 262
31 134
31 180
31 111
31 51
31 104
32 10
32 196
32 75
32 30
32 188
32 26
33 3
33 213
33 73
33 171
33 28
33 11
34 131
34 21
34 191
34 55
34 125
34 255
35 203
35 138
35 208
35 113
35 98
35 160
36 245
36 189
36 73
36 164
36 204
36 54
37 95
37 117
37 214
37 98
37 119
37 9
38 165
38 99
38 58
38 237
38 66
38 104
39 39
39 107
39 86
39 50
39 116
39 259
40 146
40 242
40 232
40 252
40 45
40 140
41 227
41 82
41 167
41 112
41 121
41 234
42 157
42 134
42 259
42 229
42 69
42 177
43 41
43 2
43 127
43 49
43 193
43 242
44 231
44 233
44 9
44 31
44 259
44 139
45 253
45 99
45 174
45 261
45 186
45 114
46 82
46 177
46 201
46 84
46 125
46 77
47 241
47 243
47 143
47 11
47 245
47 120
48 235
48 262
48 87
48 22
48 25
48 197
49 161
49 250
49 48
49 107
49 85
49 221
50 183
50 37
50 54
50 194
50 151
50 61
51 49
51 57
51 185
51 151
51 248
51 167
52 226
52 132
52 147
52 188
52 109
52 197
53 87
53 141
53 41
53 26
53 46
53 234
54 23
54 171
54 43
54 31
54 187
54 189
55 26
55 108
55 259
55 133
55 67
55 194
56 65
56 228
56 259
56 181
56 123
56 99
57 242
57 158
57 96
57 110
57 251
57 48
58 188
58 32
58 235
58 45
58 25
58 174
59 188
59 164
59 145
59 166
59 231
59 222
60 198
60 153
60 219
60 209
60 105
60 120
61 19
61 224
61 21
61 170
61 47
61 137
62 178
62 257
62 195
62 93
62 43
62 45
63 55
63 72
63 65
63 68
63 45
63 181
64 102
64 233
64 56
64 46
64 142
64 197
65 209
65 168
65 198
65 69
65 236
65 38
66 68
66 140
66 24
66 223
66 240
66 215
67 122
67 6
67 62
67 2
67 68
67 10
68 97
68 13
68 4
68 42
68 154
68 90
69 130
69 54
69 187
69 69
69 90
69 25
70 154
70 91
70 2
70 216
70 6
70 202
71 179
71 157
71 41
71 159
71 110
71 116
72 111
72 63
72 7
72 156
72 257
72 187
73 85
73 255
73 19
73 185
73 240
73 48
74 37
74 256
74 89
74 182
74 34
74 235
75 71
75 173
75 165
75 57
75 231
75 254
76 79
76 141
76 100
76 139
76 25
76 127
77 41
77 233
77 87
77 235
77 67
77 32
78 163
78 0
78 202
78 214
78 31
78 176
79 44
79 113
79 27
79 150
79 19
79 176
80 146
80 188
80 144
80 7
80 38
80 100
81 241
81 262
81 191
81 199
81 121
81 226
82 9
82 68
82 44
82 237
82 87
82 256
83 201
83 225
83 81
83 121
83 161
83 14
84 72
84 161
84 0
84 237
84 23
84 111
85 98
85 155
85 205
85 122
85 100
85 117
86 228
86 222
86 51
86 209
86 81
86 99
87 163
87 217
87 22
87 38
87 111
87 29
88 44
88 214
88 194
88 238
88 120
88 233
89 169
89 142
89 64
89 16
89 181
89 187
90 11
90 77
90 191
90 62
90 214
90 141
91 36
91 191
91 78
91 23
91 233
91 55
92 212
92 97
92 246
92 216
92 222
92 126
93 173
93 207
93 137
93 107
93 237
93 196
94 58
94 33
94 60
94 12
94 16
94 258
95 212
95 186
95 203
95 251
95 147
95 232
96 25
96 135
96 12
96 8
96 113
96 187
97 55
97 223
97 182
97 63
97 135
97 103
98 217
98 160
98 209
98 139
98 211
98 162
99 164
99 220
99 99
99 101
99 212
99 36
100 195
100 74
100 92
100 162
100 214
100 263
101 138
101 213
101 257
101 198
101 261
101 19
102 53
102 80
102 124
102 135
102 118
102 216
103 80
103 46
103 259
103 93
103 54
103 100
104 142
104 251
104 71
104 130
104 109
104 202
105 6
105 79
105 67
105 242
105 184
105 139
106 214
106 52
106 147
106 140
106 160
106 54
107 184
107 209
107 125
107 127
107 114
107 198
108 21
108 34
108 180
108 91
108 226
108 26
109 228
109 141
109 51
109 173
109 91
109 9
110 226
110 132
110 11
110 182
110 67
110 261
111 233
111 258
111 193
111 254
111 196
111 228
112 191
112 204
112 231
112 74
112 198
112 70
113 214
113 150
113 195
113 26
113 100
113 77
114 203
114 39
114 224
114 0
114 235
114 88
115 212
115 178
115 165
115 39
115 46
115 192
116 162
116 31
116 41
116 88
116 144
116 230
117 208
117 43
117 117
117 6
117 118
117 206
118 31
118 73
118 247
118 174
118 245
118 101
119 59
119 11
119 103
119 113
119 128
119 192
120 116
120 207
120 140
120 106
120 240
120 178
121 106
121 4
121 56
121 184
121 123
121 258
122 242
122 263
122 37
122 224
122 246
122 117
123 59
123 41
123 188
123 152
123 60
123 153
124 119
124 78
124 87
124 18
124 79
124 105
125 137
125 29
125 149
125 175
125 143
125 100
126 243
126 252
126 211
126 69
126 28
126 102
127 33
127 111
127 252
127 161
127 219
127 108
128 65
128 58
128 102
128 70
128 213
128 257
129 250
129 6
129 17
129 86
129 67
129 19
130 101
130 201
130 84
130 102
130 184
130 121
131 127
131 64
131 128
131 185
131 14
131 113
132 10
132 119
132 23
132 226
132 25
132 71
133 109
133 162
133 227
133 70
133 154
133 63
134 132
134 44
134 214
134 155
134 212
134 29
135 132
135 16
135 85
135 46
135 262
135 75
136 100
136 29
136 52
136 11
136 58
136 171
137 152
137 182
137 185
137 34
137 261
137 222
138 127
138 206
138 180
138 55
138 128
138 63
139 79
139 158
139 207
139 144
139 72
139 101
140 43
140 191
140 6
140 76
140 253
140 220
141 177
141 129
141 179
141 182
141 142
141 100
142 46
142 247
142 242
142 157
142 1
142 26
143 157
143 185
143 150
143 190
143 78
143 262
144 113
144 129
144 85
144 233
144 211
144 220
145 97
145 161
145 54
145 250
145 91
145 31
146 199
146 141
146 189
146 135
146 180
146 31
147 33
147 35
147 26
147 149
147 101
147 68
148 125
148 107
148 10
148 27
148 95
148 115
149 170
149 72
149 75
149 143
149 122
149 21
150 136
150 234
150 226
150 33
150 208
150 59
151 23
151 189
151 1
151 251
151 31
151 96
152 4
152 128
152 25
152 148
152 77
152 100
153 13
153 212
153 20
153 85
153 119
153 229
154 229
154 261
154 62
154 244
154 257
154 42
155 91
155 260
155 4
155 44
155 236
155 165
156 21
156 26
156 173
156 233
156 100
156 14
157 65
157 215
157 90
157 222
157 145
157 113
158 81
158 157
158 127
158 185
158 95
158 2
159 205
159 20
159 3
159 231
159 77
159 240
160 210
160 132
160 208
160 176
160 95
160 199
161 114
161 236
161 61
161 39
161 126
161 242
162 43
162 18
162 224
162 120
162 53
162 204
163 174
163 101
163 84
163 18
163 193
163 136
164 77
164 164
164 188
164 203
164 44
164 248
165 74
165 12
165 254
165 212
165 186
165 54
166 134
166 224
166 240
166 137
166 256
166 33
167 82
167 38
167 149
167 10
167 128
167 132
168 124
168 15
168 47
168 20
168 142
168 134
169 101
169 231
169 87
169 148
169 60
169 2
170 206
170 135
170 1
170 102
170 42
170 116
171 35
171 228
171 70
171 147
171 43
171 245
172 177
172 78
172 6
172 184
172 74
172 222
173 193
173 95
173 91
173 111
173 58
173 126
174 80
174 142
174 220
174 30
174 55
174 183
175 262
175 192
175 171
175 225
175 194
175 169
176 258
176 6
176 154
176 186
176 242
176 192
177 160
177 203
177 89
177 119
177 74
177 223
178 69
178 113
178 75
178 255
178 39
178 60
179 60
179 103
179 161
179 66
179 263
179 77
180 70
180 179
180 34
180 114
180 152
180 148
181 212
181 162
181 14
181 184
181 25
181 95
182 47
182 86
182 151
182 217
182 260
182 84
183 166
183 85
183 237
183 105
183 121
183 148
184 15
184 221
184 130
184 182
184 196
184 213
185 162
185 107
185 83
185 154
185 156
185 72
186 161
186 188
186 104
186 239
186 199
186 190
187 122
187 78
187 243
187 228
187 69
187 73
188 126
188 170
188 139
188 93
188 51
188 43
189 2
189 125
189 213
189 33
189 123
189 44
190 249
190 91
190 149
190 124
190 13
190 10
191 257
191 97
191 67
191 92
191 58
191 203
192 123
192 162
192 17
192 100
192 51
192 124
193 186
193 33
193 158
193 11
193 1
193 79
194 200
194 50
194 217
194 51
194 116
194 236
195 106
195 11
195 143
195 30
195 26
195 6
196 12
196 30
196 258
196 20
196 34
196 171
197 101
197 169
197 234
197 102
197 110
197 7
198 235
198 112
198 202
198 18
198 256
198 108
199 141
199 166
199 28
199 154
199 124
199 11
200 89
200 144
200 263
200 261
200 77
200 167
201 199
201 45
201 69
201 64
201 49
201 135
202 186
202 105
202 20
202 119
202 133
202 66
203 18
203 193
203 212
203 201
203 203
203 216
204 203
204 34
204 133
204 215
204 230
204 154
205 239
205 177
205 104
205 159
205 95
205 20
206 133
206 175
206 139
206 136
206 1
206 59
207 133
207 134
207 51
207 245
207 100
207 28
208 45
208 252
208 137
208 242
208 142
208 87
209 197
209 127
209 209
209 139
209 148
209 116
210 3
210 135
210 226
210 230
210 173
210 224
211 244
211 8
211 129
211 191
211 43
211 201
212 165
212 1
212 249
212 219
212 209
212 122
213 18
213 95
213 213
213 92
213 50
213 190
214 95
214 199
214 24
214 209
214 25
214 105
215 123
215 204
215 56
215 131
215 239
215 135
216 70
216 214
216 57
216 52
216 25
216 89
217 254
217 189
217 245
217 235
217 255
217 92
218 156
218 251
218 226
218 252
218 204
218 61
219 111
219 214
219 7
219 21
219 249
219 61
220 252
220 140
220 106
220 239
220 121
220 15
221 82
221 208
221 212
221 125
221 60
221 200
222 247
222 71
222 86
222 121
222 173
222 223
223 245
223 141
223 212
223 80
223 214
223 145
224 137
224 167
224 88
224 109
224 141
224 222
225 147
225 91
225 42
225 48
225 140
225 158
226 229
226 26
226 169
226 163
226 53
226 161
227 6
227 49
227 165
227 128
227 3
227 131
228 142
228 74
228 133
228 119
228 168
228 130
229 121
229 152
229 257
229 123
229 86
229 37
230 111
230 117
230 206
230 170
230 172
230 14
231 142
231 79
231 24
231 225
231 83
231 205
232 128
232 204
232 18
232 146
232 207
232 168
233 162
233 74
233 95
233 261
233 167
233 159
234 122
234 184
234 156
234 185
234 194
234 195
235 104
235 171
235 122
235 106
235 134
235 163
236 66
236 95
236 109
236 49
236 24
236 84
237 96
237 192
237 158
237 128
237 213
237 243
238 39
238 21
238 33
238 89
238 243
238 41
239 91
239 38
239 140
239 243
239 259
239 184
240 8
240 121
240 75
240 174
240 170
240 247
241 117
241 121
241 30
241 66
241 85
241 170
242 212
242 263
242 121
242 182
242 12
242 218
243 152
243 15
243 260
243 22
243 67
243 1
244 77
244 253
244 183
244 262
244 12
244 165
245 19
245 100
245 6
245 210
245 74
245 140
246 31
246 143
246 95
246 203
246 261
246 23
247 249
247 233
247 19
247 192
247 177
247 168
248 39
248 136
248 74
248 123
248 22
248 155
249 130
249 18
249 199
249 19
249 83
249 133
250 140
250 225
250 102
250 149
250 256
250 24
251 183
251 137
251 63
251 185
251 15
251 187
252 125
252 107
252 250
252 28
252 100
252 37
253 125
253 144
253 81
253 52
253 208
253 61
254 170
254 45
254 155
254 80
254 176
254 95
255 129
255 1
255 6
255 81
255 123
255 83
256 150
256 145
256 39
256 166
256 213
256 60
257 222
257 63
257 151
257 38
257 245
257 7
258 56
258 74
258 203
258 76
258 61
258 57
259 140
259 107
259 149
259 223
259 27
259 39
260 253
260 12
260 261
260 233
260 14
260 194
261 194
261 164
261 25
261 196
261 35
261 166
262 199
262 92
262 260
262 95
262 81
262 156
263 117
263 160
263 9
263 142
263 4
263 226
264 64
264 56
264 193
264 216
264 151
264 68
265 188
265 139
265 210
265 6
265 177
265 136
266 41
266 215
266 189
266 199
266 128
266 217
267 217
267 249
267 60
267 22
267 252
267 251
268 166
268 234
268 219
268 121
268 33
268 74
269 249
269 18
269 189
269 150
269 108
269 152
270 235
270 173
270 3
270 67
270 79
270 77
271 54
271 257
271 203
271 100
271 190
271 85
272 93
272 128
272 137
272 101
272 144
272 146
273 62
273 236
273 124
273 33
273 238
273 262
274 122
274 236
274 139
274 178
274 242
274 126
275 206
275 172
275 87
275 261
275 85
275 89
276 236
276 215
276 133
276 114
276 217
276 251
277 8
277 262
277 183
277 147
277 191
277 112
278 212
278 115
278 104
278 210
278 96
278 10
279 96
279 196
279 255
279 108
279 167
279 162
280 87
280 178
280 37
280 4
280 153
280 81
281 258
281 24
281 84
281 208
281 31
281 262
282 165
282 12
282 216
282 260
282 67
282 95
283 114
283 180
283 243
283 46
283 190
283 1
284 44
284 129
284 124
284 139
284 101
284 219
285 133
285 188
285 153
285 233
285 6
285 57
286 192
286 245
286 195
286 240
286 183
286 185
287 252
287 78
287 166
287 160
287 4
287 150
288 219
288 115
288 231
288 255
288 249
288 162
289 18
289 104
289 49
289 31
289 58
289 233
290 246
290 27
290 53
290 216
290 197
290 95
291 34
291 180
291 122
291 224
291 164
291 124
292 251
292 35
292 228
292 18
292 144
292 33
293 237
293 1
293 156
293 231
293 33
293 87
294 46
294 171
294 31
294 247
294 6
294 128
295 12
295 25
295 227
295 92
295 251
295 7
296 158
296 204
296 222
296 128
296 27
296 246
297 163
297 107
297 167
297 40
297 100
297 88
298 61
298 63
298 46
298 219
298 161
298 139
299 105
299 242
299 129
299 164
299 24
299 228
300 35
300 128
300 122
300 124
300 258
300 104
301 261
301 208
301 100
301 196
301 192
301 205
302 207
302 1
302 74
302 86
302 249
302 110
303 193
303 236
303 168
303 249
303 78
303 35
304 15
304 42
304 193
304 226
304 250
304 147
305 65
305 80
305 52
305 250
305 61
305 170
306 18
306 149
306 135
306 24
306 67
306 102
307 204
307 95
307 207
307 253
307 206
307 208
308 52
308 217
308 187
308 54
308 231
308 146
309 88
309 130
309 121
309 46
309 144
309 161
310 93
310 16
310 24
310 101
310 250
310 111
311 113
311 249
311 178
311 171
311 234
311 148
312 50
312 190
312 157
312 18
312 2
312 124
313 48
313 184
313 256
313 149
313 50
313 221
314 231
314 204
314 62
314 28
314 47
314 143
315 145
315 139
315 116
315 109
315 89
315 150
316 204
316 178
316 179
316 252
316 117
316 142
317 231
317 252
317 184
317 205
317 210
317 168
318 233
318 39
318 49
318 257
318 157
318 51
319 152
319 192
319 221
319 247
319 199
319 202
320 34
320 37
320 25
320 237
320 39
320 66
321 48
321 108
321 224
321 196
321 14
321 212
322 75
322 29
322 136
322 1
322 56
322 214
323 87
323 115
323 55
323 262
323 251
323 79
324 195
324 111
324 128
324 24
324 261
324 149
325 37
325 149
325 79
325 243
325 125
325 143
326 213
326 215
326 259
326 135
326 100
326 217
327 103
327 19
327 110
327 246
327 11
327 24
328 116
328 143
328 201
328 100
328 74
328 131
329 263
329 135
329 6
329 113
329 2
329 24
330 249
330 260
330 207
330 18
330 254
330 255
331 49
331 166
331 247
331 61
331 237
331 151
332 177
332 254
332 161
332 56
332 124
332 108
333 6
333 128
333 26
333 56
333 193
333 138
334 237
334 106
334 93
334 26
334 259
334 220
335 219
335 85
335 19
335 117
335 131
335 111
336 19
336 6
336 133
336 88
336 30
336 176
337 208
337 140
337 14
337 68
337 121
337 229
338 252
338 169
338 12
338 192
338 67
338 114
339 183
339 18
339 125
339 147
339 138
339 128
340 85
340 59
340 250
340 173
340 1
340 135
341 254
341 231
341 31
341 33
341 113
341 103
342 252
342 97
342 203
342 46
342 213
342 249
343 170
343 37
343 55
343 183
343 167
343 47
344 135
344 139
344 45
344 163
344 39
344 15
345 101
345 121
345 71
345 175
345 254
345 249
346 15
346 213
346 37
346 232
346 76
346 63
347 85
347 159
347 116
347 191
347 148
347 214
348 131
348 193
348 38
348 213
348 13
348 30
349 85
349 19
349 44
349 89
349 192
349 3
350 200
350 226
350 24
350 12
350 261
350 48
351 260
351 95
351 188
351 171
351 262
351 173
352 215
352 209
352 51
352 186
352 220
352 156
353 232
353 115
353 135
353 170
353 100
353 244
354 257
354 157
354 39
354 37
354 30
354 1
355 217
355 51
355 6
355 125
355 108
355 251
356 250
356 247
356 161
356 229
356 176
356 97
357 29
357 1
357 7
357 172
357 91
357 33
358 137
358 194
358 184
358 121
358 259
358 142
359 101
359 126
359 85
359 189
359 174
359 205
360 140
360 109
360 24
360 167
360 101
360 179
361 10
361 204
361 142
361 192
361 24
361 16
362 81
362 225
362 259
362 89
362 154
362 231
363 259
363 176
363 171
363 199
363 240
363 49
364 1
364 68
364 250
364 100
364 114
364 231
365 59
365 126
365 149
365 258
365 34
365 9
366 147
366 21
366 220
366 55
366 185
366 47
367 217
367 27
367 174
367 123
367 82
367 74
368 219
368 145
368 191
368 71
368 35
368 158
369 121
369 3
369 34
369 227
369 215
369 161
370 62
370 90
370 222
370 204
370 43
370 103
371 189
371 106
371 29
371 88
371 128
371 191
372 221
372 194
372 174
372 239
372 209
372 116
373 10
373 226
373 53
373 207
373 210
373 177
374 163
374 195
374 168
374 226
374 250
374 79
375 18
375 45
375 259
375 42
375 27
375 69
376 78
376 74
376 34
376 129
376 209
376 138
377 183
377 199
377 166
377 105
377 188
377 65
378 34
378 35
378 80
378 224
378 82
378 213
379 203
379 18
379 9
379 170
379 128
379 136
380 215
380 138
380 155
380 115
380 237
380 217
381 200
381 138
381 100
381 66
381 213
381 187
382 52
382 250
382 247
382 208
382 190
382 11
383 95
383 178
383 163
383 1
383 251
383 222
384 81
384 201
384 155
384 87
384 253
384 242
385 173
385 135
385 194
385 87
385 246
385 74
386 214
386 74
386 232
386 202
386 250
386 175
387 85
387 141
387 121
387 72
387 48
387 38
388 14
388 20
388 47
388 204
388 65
388 169
389 194
389 96
389 37
389 121
389 126
389 179
390 246
390 47
390 214
390 108
390 8
390 184
391 30
391 113
391 153
391 85
391 200
391 260
392 147
392 70
392 145
392 163
392 29
392 253
393 125
393 107
393 152
393 253
393 95
393 72
394 238
394 233
394 239
394 145
394 79
394 85
395 133
395 1
395 250
395 231
395 207
395 135
396 177
396 240
396 50
396 3
396 54
396 192
397 63
397 40
397 52
397 107
397 131
397 27
398 56
398 45
398 70
398 30
398 209
398 231
399 38
399 54
399 14
399 237
399 114
399 115
400 126
400 2
400 231
400 95
400 64
400 233
401 66
401 34
401 216
401 165
401 184
401 70
402 150
402 183
402 38
402 222
402 68
402 170
403 135
403 45
403 49
403 95
403 66
403 42
404 225
404 43
404 53
404 113
404 242
404 13
405 221
405 166
405 250
405 184
405 81
405 156
406 29
406 214
406 213
406 8
406 250
406 234
407 256
407 61
407 215
407 126
407 124
407 128
408 177
408 159
408 71
408 142
408 91
408 186
409 45
409 247
409 21
409 87
409 117
409 96
410 61
410 143
410 242
410 124
410 224
410 238
411 128
411 242
411 206
411 79
411 43
411 54
412 145
412 133
412 124
412 152
412 1
412 213
413 255
413 96
413 159
413 183
413 207
413 130
414 1
414 78
414 61
414 221
414 192
414 168
415 72
415 70
415 242
415 213
415 102
415 156
416 88
416 213
416 42
416 129
416 72
416 258
417 53
417 250
417 74
417 183
417 106
417 244
418 260
418 91
418 258
418 121
418 65
418 128
419 200
419 53
419 166
419 153
419 226
419 203
420 146
420 207
420 51
420 151
420 86
420 21
421 70
421 18
421 202
421 129
421 192
421 136
422 243
422 231
422 71
422 144
422 184
422 221
423 250
423 95
423 192
423 6
423 183
423 142
424 107
424 108
424 11
424 86
424 180
424 251
425 229
425 65
425 81
425 24
425 242
425 124
426 208
426 160
426 43
426 213
426 124
426 186
427 192
427 74
427 150
427 113
427 121
427 149
428 16
428 260
428 144
428 237
428 126
428 257
429 114
429 231
429 76
429 60
429 209
429 115
430 37
430 48
430 242
430 228
430 213
430 157
431 70
431 223
431 15
431 6
431 184
431 85
432 170
432 85
432 226
432 102
432 213
432 254
433 189
433 210
433 261
433 80
433 113
433 138
434 55
434 154
434 160
434 79
434 226
434 166
435 183
435 3
435 242
435 170
435 138
435 205
436 214
436 213
436 227
436 100
436 121
436 173
437 37
437 113
437 220
437 192
437 79
437 40
438 184
438 172
438 168
438 160
438 121
438 53
439 12
439 43
439 95
439 256
439 49
439 135
440 152
440 95
440 184
440 121
440 216
440 106
441 50
441 179
441 76
441 51
441 223
441 185
442 224
442 214
442 100
442 194
442 191
442 87
443 110
443 176
443 250
443 178
443 54
443 255
444 60
444 195
444 231
444 7
444 10
444 64
445 255
445 89
445 117
445 157
445 27
445 59
446 106
446 243
446 262
446 1
446 37
446 52
447 150
447 1
447 218
447 19
447 133
447 152
448 85
448 113
448 225
448 38
448 6
448 168
449 88
449 253
449 133
449 213
449 62
449 114
450 92
450 259
450 146
450 163
450 123
450 57
451 200
451 238
451 7
451 70
451 14
451 15
452 256
452 164
452 121
452 144
452 38
452 30
453 100
453 60
453 218
453 234
453 35
453 37
454 121
454 52
454 232
454 253
454 163
454 149
455 31
455 45
455 176
455 247
455 79
455 191
456 135
456 40
456 25
456 210
456 220
456 27
457 6
457 180
457 176
457 55
457 11
457 221
458 107
458 85
458 93
458 197
458 172
458 121
459 87
459 10
459 61
459 131
459 6
459 116
460 34
460 259
460 86
460 205
460 128
460 50
461 146
461 144
461 256
461 135
461 150
461 113
462 66
462 152
462 200
462 242
462 97
462 24
463 205
463 53
463 207
463 150
463 49
463 105
464 259
464 216
464 68
464 76
464 133
464 42
465 121
465 123
465 129
465 173
465 49
465 51
466 37
466 258
466 225
466 145
466 13
466 220
467 250
467 208
467 135
467 174
467 185
467 138
468 170
468 141
468 9
468 172
468 21
468 214
469 205
469 234
469 122
469 135
469 219
469 194
470 121
470 51
470 72
470 209
470 129
470 85
471 196
471 68
471 96
471 13
471 185
471 183
472 215
472 102
472 229
472 3
472 91
472 136
473 253
473 206
473 2
473 166
473 242
473 238
474 163
474 6
474 188
474 139
474 231
474 254
475 105
475 79
475 7
475 30
475 101
475 177
476 253
476 187
476 237
476 39
476 203
476 81
477 145
477 203
477 197
477 213
477 101
477 37
478 200
478 91
478 85
478 2
478 257
478 234
479 87
479 79
479 201
479 243
479 146
479 24
480 178
480 227
480 217
480 243
480 29
480 70
481 74
481 76
481 190
481 263
481 133
481 49
482 258
482 239
482 189
482 184
482 76
482 208
483 55
483 85
483 67
483 122
483 108
483 201
484 167
484 106
484 244
484 25
484 223
484 27
485 44
485 250
485 246
485 51
485 237
485 244
486 221
486 244
486 263
486 85
486 88
486 142
487 225
487 107
487 59
487 128
487 237
487 161
488 237
488 90
488 109
488 18
488 105
488 65
489 217
489 228
489 186
489 59
489 122
489 114
490 172
490 27
490 208
490 164
490 34
490 223
491 165
491 9
491 106
491 60
491 233
491 108
492 246
492 37
492 161
492 81
492 158
492 130
493 13
493 85
493 140
493 49
493 11
493 142
494 196
494 200
494 88
494 89
494 107
494 34
495 7
495 157
495 138
495 109
495 126
495 87
496 115
496 166
496 207
496 159
496 213
496 136
497 124
497 172
497 223
497 146
497 56
497 227
498 24
498 85
498 79
498 215
498 113
498 115
499 50
499 59
499 19
499 213
499 117
499 242
500 240
500 25
500 177
500 7
500 214
500 27
501 40
501 256
501 125
501 183
501 155
501 204
502 180
502 183
502 214
502 256
502 218
502 37
503 159
503 2
503 43
503 70
503 85
503 121
504 30
504 238
504 141
504 146
504 111
504 75
505 40
505 172
505 204
505 7
505 71
505 2
506 250
506 85
506 91
506 9
506 237
506 67
507 170
507 151
507 232
507 164
507 251
507 172
508 121
508 183
508 123
508 215
508 205
508 18
509 37
509 124
509 121
509 186
509 227
509 142
510 7
510 9
510 28
510 239
510 31
510 131
511 196
511 24
511 237
511 255
511 163
511 59
512 105
512 225
512 126
512 133
512 27
512 243
513 246
513 222
513 47
513 116
513 70
513 72
514 128
514 2
514 227
514 159
514 233
514 37
515 100
515 234
515 42
515 96
515 207
515 59
516 82
516 79
516 85
516 216
516 135
516 90
517 13
517 67
517 75
517 114
517 56
517 253
518 187
518 7
518 9
518 13
518 125
518 116
519 121
519 229
519 76
519 218
519 172
519 111
520 85
520 86
520 136
520 63
520 70
520 243
521 85
521 202
521 105
521 187
521 150
521 1
522 59
522 130
522 262
522 57
522 50
522 125
523 16
523 56
523 62
523 27
523 14
523 71
524 41
524 246
524 138
524 204
524 91
524 87
525 183
525 190
525 161
525 250
525 27
525 13
526 58
526 147
526 138
526 7
526 13
526 91
527 185
527 250
527 110
527 81
527 178
527 56
528 50
528 1
528 255
528 163
528 79
528 246
529 68
529 9
529 95
529 105
529 96
529 170
530 242
530 103
530 200
530 141
530 58
530 37
531 100
531 15
531 156
531 59
531 171
531 79
532 70
532 13
532 152
532 95
532 242
532 156
533 204
533 129
533 131
533 250
533 44
533 85
534 151
534 28
534 75
534 135
534 19
534 51
535 82
535 67
535 177
535 186
535 109
535 31
536 144
536 136
536 125
536 114
536 197
536 71
537 40
537 117
537 101
537 113
537 218
537 240
538 216
538 93
538 18
538 183
538 261
538 121
539 202
539 218
539 195
539 176
539 44
539 131
540 19
540 24
540 258
540 141
540 21
540 91
541 186
541 29
541 214
541 155
541 24
541 25
542 90
542 240
542 55
542 86
542 24
542 200
543 108
543 242
543 54
543 47
543 214
543 49
544 45
544 192
544 140
544 106
544 100
544 85
545 219
545 42
545 232
545 183
545 233
545 91
546 246
546 183
546 171
546 126
546 234
546 10
547 85
547 37
547 106
547 68
547 204
547 63
548 2
548 179
548 261
548 75
548 21
548 60
549 129
549 253
549 188
549 166
549 125
549 153
550 10
550 102
550 24
550 47
550 54
550 143
551 18
551 85
551 177
551 38
551 110
551 219
552 153
552 163
552 130
552 90
552 160
552 68
553 223
553 250
553 58
553 172
553 123
553 147
554 150
554 152
554 145
554 250
554 24
554 223
555 215
555 100
555 231
555 115
555 37
555 110
556 190
556 31
556 108
556 254
556 121
556 41
557 167
557 21
557 7
557 214
557 261
557 100
558 13
558 55
558 151
558 15
558 206
558 63
559 108
559 10
559 261
559 224
559 237
559 128
560 262
560 49
560 237
560 51
560 63
560 95
561 38
561 222
561 163
561 79
561 214
561 113
562 75
562 214
562 1
562 138
562 79
562 85
563 220
563 90
563 45
563 80
563 250
563 176
564 163
564 75
564 103
564 207
564 27
564 189
565 193
565 222
565 219
565 163
565 8
565 209
566 234
566 159
566 225
566 81
566 24
566 128
567 65
567 16
567 108
567 255
567 196
567 225
568 200
568 160
568 234
568 157
568 70
568 202
569 85
569 220
569 105
569 214
569 150
569 43
570 63
570 165
570 7
570 130
570 19
570 80
571 216
571 7
571 184
571 204
571 64
571 177
572 108
572 152
572 229
572 149
572 225
572 55
573 197
573 238
573 96
573 61
573 37
573 242
574 154
574 225
574 52
574 233
574 215
574 29
575 88
575 79
575 135
575 177
575 48
575 91
576 215
576 185
576 200
576 202
576 208
576 178
577 15
577 64
577 11
577 53
577 87
577 144
578 178
578 70
578 217
578 228
578 100
578 7
579 15
579 92
579 164
579 55
579 145
579 192
580 67
580 231
580 187
580 96
580 150
580 214
581 246
581 128
581 202
581 71
581 219
581 110
582 157
582 27
582 86
582 37
582 233
582 110
583 187
583 150
583 87
583 139
583 208
583 34
584 114
584 31
584 223
584 261
584 93
584 58
585 107
585 79
585 113
585 58
585 156
585 208
586 104
586 135
586 15
586 1
586 16
586 255
587 96
587 216
587 116
587 13
587 183
587 253
588 153
588 41
588 167
588 206
588 128
588 141
589 16
589 13
589 7
589 214
589 107
589 11
590 70
590 8
590 176
590 209
590 214
590 184
591 242
591 176
591 55
591 9
591 88
591 138
592 103
592 117
592 34
592 29
592 237
592 229
593 11
593 258
593 151
593 19
593 21
593 231
594 200
594 164
594 90
594 38
594 190
594 188
595 75
595 54
595 166
595 82
595 227
595 58
596 161
596 8
596 220
596 259
596 125
596 68
597 210
597 31
597 237
597 85
597 38
597 47
598 54
598 75
598 60
598 128
598 246
598 64
599 41
599 24
599 62
599 19
599 103
599 191
600 129
600 143
600 165
600 261
600 250
600 177
601 19
601 184
601 220
601 148
601 255
601 170
602 85
602 95
602 250
602 183
602 25
602 164
603 158
603 194
603 54
603 7
603 29
603 31
604 200
604 254
604 168
604 142
604 193
604 240
605 38
605 161
605 192
605 65
605 111
605 164
606 164
606 177
606 144
606 208
606 237
606 179
607 116
607 90
607 141
607 222
607 176
607 114
608 38
608 177
608 116
608 130
608 202
608 154
609 250
609 50
609 58
609 100
609 143
609 93
610 240
610 76
610 63
610 102
610 47
610 133
611 34
611 200
611 194
611 149
611 63
611 7
612 126
612 146
612 143
612 242
612 116
612 7
613 183
613 229
613 163
613 200
613 51
613 232
614 19
614 117
614 250
614 34
614 149
614 121
615 209
615 129
615 27
615 70
615 246
615 19
616 67
616 21
616 70
616 24
616 177
616 30
617 170
617 206
617 129
617 131
617 157
617 133
618 51
618 13
618 30
618 20
618 204
618 238
619 95
619 202
619 141
619 164
619 187
619 58
620 15
620 260
620 144
620 100
620 200
620 150
621 41
621 221
621 107
621 45
621 123
621 257
622 71
622 59
622 133
622 183
622 228
622 68
623 51
623 217
623 71
623 154
623 187
623 180
624 238
624 207
624 76
624 133
624 136
624 226
625 243
625 108
625 170
625 176
625 91
625 97
626 168
626 180
626 54
626 126
626 42
626 138
627 85
627 156
627 178
627 79
627 179
627 152
628 190
628 13
628 219
628 124
628 192
628 68
629 232
629 62
629 204
629 29
629 214
629 21
630 177
630 160
630 185
630 253
630 130
630 242
631 240
631 200
631 53
631 158
631 232
631 242
632 200
632 85
632 110
632 126
632 179
632 152
633 101
633 121
633 237
633 38
633 204
633 200
634 102
634 220
634 159
634 43
634 124
634 96
635 27
635 187
635 2
635 223
635 121
635 14
636 202
636 263
636 105
636 183
636 66
636 79
637 97
637 39
637 25
637 200
637 54
637 129
638 217
638 129
638 154
638 56
638 31
638 133
639 15
639 66
639 138
639 154
639 163
639 7
640 88
640 125
640 54
640 221
640 105
640 56
641 237
641 85
641 135
641 93
641 257
641 145
642 70
642 232
642 262
642 27
642 163
642 146
643 179
643 111
643 53
643 19
643 188
643 7
644 47
644 126
644 24
644 64
644 209
644 113
645 42
645 136
645 20
645 200
645 38
645 97
646 159
646 106
646 79
646 237
646 21
646 232
647 257
647 34
647 38
647 61
647 1
647 13
648 41
648 82
648 100
648 229
648 219
648 159
649 24
649 58
649 138
649 60
649 177
649 15
650 67
650 20
650 92
650 105
650 202
650 91
651 257
651 232
651 233
651 195
651 1
651 160
652 95
652 147
652 133
652 196
652 221
652 214
653 38
653 41
653 228
653 20
653 135
653 105
654 229
654 100
654 21
654 110
654 238
654 48
655 81
655 85
655 206
655 27
655 224
655 163
656 92
656 117
656 58
656 30
656 31
656 95
657 144
657 86
657 8
657 51
657 251
657 96
658 246
658 8
658 29
658 222
658 93
658 24
659 47
659 21
659 254
659 70
659 200
659 179
660 204
660 193
660 2
660 160
660 219
660 226
661 80
661 48
661 125
661 188
661 8
661 208
662 129
662 71
662 165
662 133
662 54
662 90
663 129
663 193
663 38
663 48
663 242
663 122
664 176
664 210
664 232
664 31
664 55
664 11
665 129
665 44
665 234
665 75
665 122
665 79
666 184
666 66
666 250
666 85
666 214
666 105
667 148
667 129
667 29
667 8
667 55
667 141
668 82
668 190
668 38
668 122
668 11
668 29
669 250
669 114
669 8
669 85
669 194
669 214
670 229
670 243
670 87
670 259
670 105
670 176
671 146
671 51
671 126
671 88
671 215
671 260
672 165
672 257
672 115
672 193
672 8
672 53
673 224
673 113
673 54
673 183
673 214
673 21
674 50
674 13
674 34
674 246
674 70
674 95
675 27
675 16
675 70
675 43
675 209
675 159
676 173
676 261
676 221
676 224
676 254
676 62
677 200
677 129
677 205
677 30
677 164
677 90
678 8
678 72
678 66
678 164
678 122
678 60
679 200
679 30
679 38
679 133
679 100
679 170
680 86
680 243
680 100
680 102
680 214
680 16
681 228
681 27
681 188
681 183
681 176
681 243
682 185
682 261
682 135
682 91
682 196
682 79
683 255
683 63
683 8
683 107
683 70
683 93
684 159
684 9
684 8
684 51
684 75
684 140
685 102
685 85
685 183
685 224
685 246
685 188
686 50
686 51
686 31
686 232
686 149
686 184
687 177
687 82
687 93
687 179
687 183
687 104
688 113
688 79
688 2
688 155
688 71
688 58
689 81
689 13
689 58
689 159
689 16
689 218
690 173
690 41
690 221
690 193
690 75
690 97
691 262
691 20
691 24
691 145
691 61
691 138
692 193
692 24
692 155
692 20
692 76
692 38
693 129
693 206
693 115
693 11
693 80
693 183
694 115
694 95
694 79
694 108
694 30
694 176
695 13
695 154
695 156
695 16
695 110
695 250
696 80
696 102
696 232
696 24
696 34
696 202
697 186
697 60
697 250
697 233
697 135
697 141
698 190
698 105
698 232
698 214
698 20
698 25
699 34
699 145
699 20
699 188
699 129
699 190
700 45
700 214
700 163
700 257
700 124
700 1
701 85
701 100
701 133
701 130
701 110
701 58
702 200
702 146
702 170
702 20
702 261
702 141
703 214
703 261
703 104
703 258
703 250
703 194
704 176
704 48
704 79
704 53
704 24
704 58
705 263
705 261
705 150
705 254
705 34
705 138
706 55
706 38
706 237
706 200
706 150
706 205
707 193
707 234
707 214
707 238
707 239
707 183
708 180
708 210
708 145
708 90
708 233
708 195
709 95
709 110
709 163
709 157
709 141
709 124
710 176
710 65
710 178
710 102
710 179
710 8
711 183
711 38
711 93
711 147
711 51
711 250
712 226
712 110
712 47
712 147
712 138
712 258
713 30
713 122
713 166
713 263
713 163
713 228
714 42
714 170
714 168
714 139
714 113
714 155
715 126
715 34
715 93
715 207
715 2
715 176
716 208
716 88
716 34
716 41
716 189
716 228
717 147
717 232
717 178
717 208
717 20
717 133
718 153
718 250
718 237
718 3
718 124
718 184
719 254
719 228
719 39
719 54
719 148
719 3
720 228
720 80
720 178
720 21
720 68
720 58
721 41
721 197
721 171
721 172
721 237
721 140
722 129
722 79
722 155
722 161
722 216
722 66
723 165
723 251
723 71
723 96
723 82
723 58
724 8
724 87
724 70
724 122
724 246
724 193
725 145
725 217
725 188
725 3
725 205
725 240
726 71
726 67
726 113
726 170
726 8
726 41
727 101
727 204
727 31
727 214
727 153
727 75
728 184
728 76
728 44
728 158
728 159
728 148
729 53
729 11
729 38
729 171
729 41
729 72
730 253
730 257
730 143
730 123
730 34
730 42
731 70
731 224
731 59
731 100
731 183
731 171
732 93
732 24
732 63
732 254
732 102
732 47
733 232
733 239
733 45
733 183
733 191
733 217
734 176
734 214
734 166
734 232
734 114
734 20
735 133
735 38
735 41
735 82
735 214
735 97
736 60
736 75
736 129
736 76
736 229
736 11
737 133
737 218
737 122
737 75
737 124
737 88
738 242
738 8
738 180
738 20
738 189
738 176
739 105
739 215
739 147
739 48
739 250
739 61
740 48
740 111
740 122
740 202
740 70
740 228
741 239
741 24
741 214
741 229
741 206
741 202
742 79
742 108
742 75
742 143
742 123
742 168
743 129
743 114
743 58
743 247
743 138
743 13
744 167
744 228
744 219
744 232
744 11
744 259
745 217
745 59
745 79
745 87
745 129
745 239
746 52
746 107
746 8
746 60
746 202
746 197
747 29
747 95
747 202
747 173
747 210
747 138
748 183
748 237
748 257
748 239
748 240
748 100
749 259
749 210
749 263
749 24
749 115
749 173
750 141
750 147
750 234
750 188
750 59
750 70
751 167
751 232
751 151
751 220
751 111
751 153
752 110
752 16
752 166
752 191
752 228
752 240
753 59
753 27
753 114
753 234
753 116
753 177
754 172
754 31
754 48
754 171
754 161
754 11
755 129
755 237
755 240
755 38
755 141
755 116
756 29
756 113
756 200
756 64
756 88
756 176
757 60
757 204
757 224
757 62
757 130
757 228
758 220
758 183
758 75
758 178
758 55
758 214
759 221
759 253
759 135
759 47
759 246
759 209
760 27
760 237
760 255
760 136
760 102
760 41
761 260
761 81
761 85
761 61
761 86
761 88
762 171
762 232
762 49
762 80
762 67
762 24
763 38
763 68
763 102
763 41
763 216
763 110
764 67
764 193
764 260
764 171
764 228
764 44
765 171
765 42
765 253
765 25
765 183
765 150
766 138
766 11
766 20
766 90
766 114
766 149
767 263
767 41
767 178
767 253
767 200
767 173
768 125
768 8
768 228
768 100
768 260
768 90
769 80
769 173
769 216
769 254
769 219
769 41
770 11
770 142
770 197
770 163
770 95
770 27
771 204
771 218
771 129
771 133
771 194
771 253
772 29
772 172
772 93
772 237
772 135
772 138
773 62
773 129
773 214
773 59
773 45
773 63
774 93
774 51
774 250
774 253
774 16
774 11
775 261
775 16
775 13
775 207
775 238
775 146
776 156
776 258
776 114
776 176
776 135
776 205
777 237
777 152
777 234
777 124
777 49
777 34
778 62
778 158
778 258
778 29
778 189
778 144
779 243
779 90
779 163
779 166
779 20
779 16
780 31
780 27
780 124
780 194
780 172
780 126
781 116
781 70
781 254
781 147
781 138
781 149
782 151
782 243
782 246
782 183
782 154
782 76
783 43
783 95
783 176
783 136
783 58
783 125
784 116
784 155
784 238
784 259
784 93
784 171
785 214
785 171
785 176
785 194
785 179
785 60
786 178
786 42
786 75
786 220
786 206
786 179
787 207
787 221
787 237
787 188
787 54
787 124
788 141
788 163
788 41
788 232
788 136
788 110
789 47
789 163
789 16
789 82
789 85
789 214
790 113
790 188
790 75
790 70
790 30
790 87
791 224
791 31
791 257
791 20
791 250
791 24
792 20
792 95
792 228
792 176
792 215
792 208
793 29
793 52
793 58
793 8
793 253
793 129
794 67
794 51
794 158
794 90
794 34
794 24
795 234
795 171
795 61
795 82
795 202
795 136
796 95
796 158
796 222
796 58
796 96
796 194
797 140
797 93
797 200
797 247
797 138
797 68
798 221
798 200
798 138
798 183
798 93
798 243
799 220
799 86
799 163
799 79
799 93
799 204
800 149
800 163
800 157
800 51
800 229
800 150
801 151
801 171
801 155
801 172
801 253
801 63
802 239
802 29
802 157
802 243
802 205
802 196
803 20
803 24
803 186
803 41
803 38
803 27
804 155
804 149
804 204
804 220
804 64
804 260
805 159
805 95
805 253
805 106
805 133
805 42
806 52
806 251
806 133
806 117
806 80
806 101
807 237
807 251
807 239
807 196
807 176
807 135
808 38
808 233
808 124
808 126
808 194
808 85
809 243
809 62
809 8
809 117
809 185
809 143
810 202
810 13
810 254
810 258
810 24
810 20
811 8
811 216
811 124
811 38
811 144
811 16
812 194
812 163
812 176
812 41
812 160
812 75
813 52
813 11
813 85
813 229
813 20
813 171
814 204
814 71
814 141
814 117
814 217
814 251
815 24
815 44
815 220
815 204
815 202
815 107
816 148
816 204
816 108
816 52
816 111
816 62
817 138
817 59
817 27
817 54
817 179
817 176
818 106
818 55
818 102
818 29
818 124
818 11
819 135
819 204
819 251
819 3
819 164
819 215
820 67
820 31
820 219
820 85
820 111
820 124
821 209
821 75
821 160
821 240
821 183
821 251
822 103
822 217
822 138
822 107
822 172
822 34
823 262
823 141
823 41
823 43
823 228
823 194
824 58
824 142
824 21
824 113
824 96
824 27
825 1
825 58
825 222
825 261
825 79
825 140
826 24
826 146
826 232
826 259
826 222
826 202
827 185
827 30
827 1
827 11
827 140
827 154
828 180
828 246
828 75
828 25
828 41
828 93
829 1
829 20
829 202
829 146
829 41
829 29
830 76
830 171
830 194
830 21
830 138
830 95
831 178
831 219
831 11
831 82
831 215
831 222
832 47
832 225
832 100
832 71
832 204
832 52
833 232
833 218
833 247
833 153
833 34
833 220
834 180
834 75
834 11
834 85
834 188
834 76
835 58
835 133
835 251
835 31
835 253
835 247
836 246
836 260
836 108
836 85
836 90
836 228
837 238
837 166
837 21
837 51
837 216
837 63
838 209
838 103
838 251
838 187
838 202
838 188
839 154
839 151
839 100
839 106
839 113
839 147
840 215
840 164
840 228
840 129
840 8
840 59
841 21
841 244
841 95
841 237
841 183
841 63
842 8
842 167
842 215
842 157
842 183
842 185
843 1
843 24
843 155
843 228
843 21
843 225
844 64
844 160
844 257
844 129
844 106
844 82
845 124
845 13
845 90
845 237
845 221
845 111
846 207
846 206
846 100
846 234
846 87
846 166
847 97
847 24
847 257
847 95
847 64
847 58
848 62
848 253
848 111
848 70
848 202
848 178
849 38
849 41
849 255
849 222
849 171
849 43
850 166
850 104
850 164
850 100
850 85
850 140
851 194
851 262
851 202
851 195
851 38
851 224
852 188
852 8
852 126
852 39
852 229
852 25
853 204
853 253
853 27
853 243
853 159
853 86
854 172
854 225
854 153
854 239
854 100
854 21
855 65
855 114
855 208
855 196
855 107
855 204
856 11
856 188
856 8
856 30
856 194
856 13
857 164
857 260
857 178
857 113
857 253
857 66
858 111
858 237
858 188
858 234
858 70
858 247
859 103
859 38
859 21
859 93
859 172
859 16
860 142
860 16
860 62
860 190
860 153
860 228
861 133
861 164
861 222
861 185
861 217
861 219
862 183
862 251
862 239
862 150
862 152
862 215
863 156
863 140
863 58
863 178
863 166
863 224
864 253
864 21
864 172
864 140
864 149
864 111
865 262
865 232
865 164
865 194
865 44
865 166
866 179
866 194
866 154
866 8
866 62
866 39
867 21
867 147
867 172
867 157
867 228
867 24
868 8
868 60
868 116
868 224
868 38
868 34
869 232
869 130
869 233
869 215
869 202
869 183
870 157
870 71
870 13
870 86
870 202
870 62
871 208
871 8
871 215
871 202
871 191
871 9
872 202
872 102
872 221
872 247
872 65
872 228
873 38
873 93
873 247
873 183
873 219
873 41
874 243
874 103
874 172
874 90
874 117
874 260
875 167
875 133
875 9
875 107
875 217
875 145
876 24
876 148
876 93
876 1
876 13
876 152
877 232
877 71
877 220
877 103
877 164
877 148
878 113
878 206
878 204
878 126
878 164
878 237
879 246
879 153
879 21
879 237
879 124
879 194
880 133
880 51
880 80
880 206
880 135
880 237
881 82
881 140
881 234
881 21
881 237
881 55
882 197
882 229
882 246
882 100
882 114
882 38
883 179
883 159
883 51
883 221
883 215
883 100
884 240
884 75
884 143
884 87
884 254
884 11
885 130
885 160
885 228
885 148
885 243
885 41
886 41
886 103
886 191
886 124
886 62
886 90
887 2
887 31
887 3
887 215
887 97
887 178
888 124
888 217
888 126
888 186
888 261
888 66
889 71
889 45
889 220
889 38
889 215
889 101
890 55
890 16
890 151
890 135
890 45
890 126
891 215
891 138
891 8
891 13
891 244
891 254
892 52
892 80
892 31
892 1
892 243
892 90
893 11
893 172
893 194
893 232
893 206
893 253
894 58
894 21
894 86
894 60
894 93
894 164
895 208
895 133
895 135
895 45
895 8
895 217
896 60
896 30
896 197
896 178
896 172
896 21
897 49
897 237
897 189
897 13
897 86
897 179
898 229
898 44
898 114
898 60
898 159
898 21
899 90
899 24
899 172
899 34
899 188
899 21
900 142
900 38
900 172
900 179
900 189
900 243
901 188
901 216
901 52
901 224
901 153
901 217
902 113
902 111
902 52
902 253
902 209
902 255
903 191
903 111
903 257
903 2
903 237
903 156
904 27
904 257
904 59
904 66
904 38
904 259
905 229
905 39
905 180
905 254
905 129
905 54
906 183
906 157
906 38
906 53
906 138
906 215
907 25
907 3
907 125
907 208
907 238
907 96
908 247
908 13
908 166
908 53
908 114
908 60
909 232
909 103
909 133
909 191
909 183
909 42
910 75
910 172
910 164
910 76
910 239
910 251
911 133
911 185
911 71
911 159
911 58
911 150
912 100
912 195
912 129
912 197
912 79
912 215
913 21
913 24
913 246
913 262
913 60
913 143
914 82
914 29
914 41
914 53
914 221
914 24
915 202
915 233
915 113
915 144
915 179
915 42
916 9
916 27
916 8
916 125
916 3
916 55
917 86
917 254
917 221
917 237
917 55
917 76
918 147
918 229
918 47
918 100
918 41
918 125
919 185
919 206
919 187
919 81
919 179
919 125
920 168
920 179
920 58
920 21
920 125
920 25
921 237
921 13
921 253
921 204
921 125
921 255
922 202
922 90
922 179
922 86
922 260
922 172
923 240
923 148
923 243
923 261
923 179
923 202
924 79
924 147
924 71
924 204
924 125
924 206
925 164
925 95
925 190
925 154
925 237
925 240
926 202
926 238
926 38
926 8
926 189
926 129
927 133
927 138
927 246
927 82
927 253
927 179
928 21
928 63
928 229
928 234
928 114
928 166
929 139
929 27
929 179
929 150
929 25
929 21
930 60
930 216
930 209
930 100
930 87
930 147
931 260
931 215
931 217
931 251
931 243
931 8
932 206
932 195
932 232
932 259
932 58
932 215
933 106
933 206
933 189
933 237
933 82
933 232
934 67
934 218
934 259
934 243
934 101
934 86
935 202
935 197
935 179
935 233
935 97
935 229
936 197
936 179
936 106
936 202
936 96
936 47
937 8
937 71
937 66
937 75
937 113
937 76
938 180
938 150
938 76
938 95
938 202
938 108
939 8
939 71
939 79
939 75
939 202
939 260
940 62
940 64
940 125
940 81
940 138
940 172
941 247
941 1
941 206
941 113
941 179
941 151
942 34
942 90
942 103
942 143
942 113
942 229
943 75
943 25
943 64
943 97
943 106
943 166
944 146
944 237
944 115
944 179
944 202
944 243
945 229
945 133
945 59
945 27
945 138
945 146
946 125
946 148
946 215
946 158
946 1
946 179
947 125
947 115
947 229
947 166
947 133
947 185
948 149
948 68
948 215
948 194
948 261
948 129
949 229
949 253
949 263
949 233
949 218
949 232
950 173
950 254
950 48
950 168
950 191
950 113
951 25
951 38
951 44
951 154
951 21
951 205
952 255
952 62
952 103
952 205
952 8
952 166
953 179
953 218
953 185
953 75
953 21
953 257
954 115
954 133
954 246
954 55
954 237
954 205
955 152
955 232
955 205
955 125
955 71
955 30
956 100
956 126
956 147
956 260
956 240
956 1
957 129
957 104
957 185
957 59
957 31
957 148
958 52
958 81
958 205
958 54
958 79
958 207
959 216
959 62
959 64
959 93
959 106
959 111
960 21
960 130
960 2
960 43
960 188
960 62
961 21
961 216
961 251
961 59
961 133
961 25
962 179
962 68
962 166
962 30
962 168
962 229
963 218
963 246
963 62
963 149
963 63
963 150
964 2
964 27
964 59
964 125
964 71
964 179
965 52
965 222
965 205
965 251
965 172
965 254
966 21
966 117
966 59
966 258
966 205
966 185
967 21
967 257
967 25
967 216
967 90
967 125
968 113
968 224
968 95
968 194
968 238
968 13
969 168
969 75
969 81
969 247
969 62
969 166
970 59
970 172
970 130
970 53
970 232
970 27
971 240
971 82
971 232
971 64
971 133
971 243
972 206
972 207
972 238
972 8
972 93
972 208
973 251
973 216
973 158
973 60
973 172
973 13
974 179
974 206
974 125
974 185
974 246
974 188
975 207
975 52
975 156
975 86
975 206
975 125
976 95
976 93
976 41
976 186
976 125
976 54
977 129
977 38
977 59
977 166
977 253
977 29
978 21
978 54
978 52
978 116
978 240
978 86
979 100
979 41
979 166
979 147
979 125
979 206
980 13
980 141
980 21
980 62
980 216
980 76
981 185
981 9
981 259
981 68
981 103
981 62
982 206
982 75
982 208
982 185
982 1
982 62
983 179
983 237
983 9
983 13
983 39
983 87
984 237
984 21
984 188
984 172
984 246
984 191
985 166
985 9
985 125
985 114
985 237
985 25
986 111
986 206
986 54
986 62
986 251
986 195
987 166
987 71
987 86
987 168
987 41
987 194
988 101
988 172
988 216
988 34
988 166
988 133
989 21
989 138
989 62
989 216
989 194
989 25
990 47
990 253
990 243
990 52
990 21
990 55
991 104
991 244
991 150
991 168
991 152
991 172
992 185
992 167
992 108
992 41
992 71
992 261
993 87
993 117
993 27
993 147
993 25
993 251
994 125
994 9
994 196
994 101
994 48
994 21
995 13
995 79
995 31
995 189
995 27
995 243
996 21
996 216
996 13
996 52
996 246
996 1
997 206
997 79
997 243
997 65
997 238
997 160
998 79
998 21
998 196
998 1
998 194
998 243
999 25
999 125
999 152
999 222
999 261
999 263
1000 138
1000 38
1000 21
1000 185
1000 255
1000 133
1001 93
1001 125
1001 149
1001 101
1001 116
1001 216
1002 43
1002 206
1002 179
1002 207
1002 52
1002 194
1003 44
1003 185
1003 179
1003 125
1003 1
1003 189
1004 216
1004 108
1004 25
1004 41
1004 218
1004 243
1005 154
1005 47
1005 167
1005 156
1005 21
1005 111
1006 96
1006 133
1006 138
1006 42
1006 9
1006 79
1007 62
1007 138
1007 71
1007 179
1007 34
1007 111
1008 222
1008 224
1008 68
1008 114
1008 206
1008 151
1009 113
1009 97
1009 21
1009 263
1009 229
1009 206
1010 206
1010 185
1010 52
1010 107
1010 25
1010 232
1011 216
1011 25
1011 55
1011 27
1011 149
1011 172
1012 189
1012 152
1012 108
1012 101
1012 67
1012 243
1013 229
1013 156
1013 257
1013 259
1013 13
1013 219
1014 117
1014 179
1014 125
1014 90
1014 185
1014 13
1015 219
1015 106
1015 158
1015 25
1015 55
1015 167
1016 25
1016 52
1016 79
1016 13
1016 138
1016 38
1017 107
1017 103
1017 229
1017 216
1017 93
1017 117
1018 25
1018 224
1018 188
1018 194
1018 130
1018 138
1019 44
1019 229
1019 62
1019 232
1019 233
1019 237
1020 90
1020 63
1020 251
1020 149
1020 139
1020 172
1021 38
1021 79
1021 96
1021 62
1021 251
1021 261
1022 229
1022 206
1022 167
1022 90
1022 103
1022 106
1023 260
1023 216
1023 55
1023 147
1023 34
1023 173
1024 71
1024 130
1024 79
1024 13
1024 93
1024 251
1025 246
1025 244
1025 47
1025 150
1025 233
1025 232
1026 106
1026 191
1026 113
1026 104
1026 34
1026 48
1027 38
1027 206
1027 62
1027 244
1027 25
1027 196
1028 111
1028 52
1028 251
1028 139
1028 243
1028 257
1029 224
1029 13
1029 25
1029 221
1029 151
1029 55
1030 64
1030 216
1030 246
1030 157
1030 206
1030 68
1031 168
1031 30
1031 232
1031 1
1031 125
1031 186
1032 206
1032 168
1032 147
1032 233
1032 139
1032 55
1033 90
1033 251
1033 71
1033 52
1033 143
1033 62
1034 251
1034 220
1034 206
1034 86
1034 79
1034 173
1035 13
1035 55
1035 238
1035 117
1035 240
1035 179
1036 206
1036 13
1036 251
1036 41
1036 93
1036 80
1037 232
1037 219
1037 101
1037 150
1037 139
1037 168
1038 147
1038 133
1038 168
1038 44
1038 125
1038 172
1039 139
1039 150
1039 147
1039 27
1039 172
1039 62
1040 52
1040 25
1040 106
1040 229
1040 186
1040 173
1041 86
1041 25
1041 34
1041 13
1041 148
1041 55
1042 224
1042 67
1042 86
1042 93
1042 34
1042 38
1043 150
1043 222
1043 194
1043 206
1043 229
1043 191
1044 152
1044 219
1044 133
1044 103
1044 150
1044 13
1045 194
1045 111
1045 79
1045 106
1045 34
1045 209
1046 64
1046 30
1046 25
1046 179
1046 31
1046 93
1047 63
1047 194
1047 80
1047 238
1047 195
1047 219
1048 194
1048 47
1048 168
1048 179
1048 153
1048 261
1049 106
1049 55
1049 219
1049 63
1049 25
1049 29
1050 188
1050 65
1050 81
1050 219
1050 254
1050 113
1051 130
1051 25
1051 179
1051 186
1051 172
1051 141
1052 55
1052 206
1052 186
1052 168
1052 38
1052 172
1053 251
1053 79
1053 104
1053 52
1053 25
1053 207
1054 79
1054 139
1054 168
1054 238
1054 90
1054 180
1055 1
1055 139
1055 95
1055 219
1055 251
1055 130
1056 68
1056 25
1056 63
1056 229
1056 38
1056 125
1057 108
1057 130
1057 194
1057 233
1057 25
1057 39
1058 29
1058 103
1058 219
1058 173
1058 126
1058 139
1059 150
1059 52
1059 232
1059 41
1059 253
1059 168
1060 263
1060 52
1060 143
1060 209
1060 47
1060 147
1061 207
1061 47
1061 145
1061 143
1061 244
1061 101
1062 229
1062 141
1062 79
1062 80
1062 186
1062 240
1063 240
1063 263
1063 232
1063 29
1063 31
1063 221
1064 125
1064 103
1064 219
1064 253
1064 220
1064 130
1065 139
1065 140
1065 103
1065 45
1065 243
1065 29
1066 63
1066 168
1066 240
1066 68
1066 90
1066 115
1067 238
1067 247
1067 55
1067 141
1067 29
1067 219
1068 150
1068 29
1068 108
1068 247
1068 52
1068 101
1069 30
1069 258
1069 130
1069 125
1069 55
1069 88
1070 219
1070 101
1070 180
1070 246
1070 238
1070 30
1071 208
1071 219
1071 254
1071 79
1071 30
1071 64
1072 130
1072 141
1072 188
1072 52
1072 117
1072 30
1073 107
1073 258
1073 180
1073 186
1073 188
1073 30
1074 79
1074 87
1074 168
1074 52
1074 232
1074 207
1075 186
1075 219
1075 207
1075 63
1075 246
1075 208
1076 219
1076 64
1076 55
1076 52
1076 139
1076 115
1077 168
1077 147
1077 52
1077 42
1077 71
1077 243
1078 263
1078 219
1078 168
1078 159
1078 186
1078 172
1079 30
1079 101
1079 263
1079 86
1079 31
1079 39
1080 30
1080 31
1080 39
1080 63
1080 246
1080 168
1081 71
1081 30
1081 101
1081 103
1081 195
1081 31
1082 71
1082 150
1082 79
1082 232
1082 95
1082 116
1083 139
1083 258
1083 220
1083 30
1083 224
1083 222
1084 64
1084 232
1084 125
1084 221
1084 207
1084 153
1085 224
1085 168
1085 126
1085 156
1085 31
1085 34
1086 2
1086 196
1086 31
1086 55
1086 180
1086 261
1087 55
1087 219
1087 31
1087 224
1087 130
1087 34
1088 254
1088 255
1088 243
1088 52
1088 86
1088 208
1089 188
1089 253
1089 31
1089 34
1089 186
1089 39
1090 101
1090 103
1090 180
1090 34
1090 47
1090 188
1091 207
1091 186
1091 221
1091 31
1091 208
1091 180
1092 141
1092 145
1092 126
1092 238
1092 71
1092 63
1093 219
1093 145
1093 111
1093 114
1093 96
1093 55
1094 157
1094 31
1094 34
1094 172
1094 126
1094 240
1095 31
1095 96
1095 234
1095 126
1095 130
1095 251
1096 219
1096 55
1096 147
1096 101
1096 90
1096 224
1097 255
1097 153
1097 126
1097 244
1097 156
1097 219
1098 221
1098 97
1098 79
1098 31
1098 168
1098 126
1099 41
1099 194
1099 140
1099 238
1099 52
1099 93
1100 86
1100 126
1100 52
1100 2
1100 130
1100 219
1101 232
1101 52
1101 103
1101 1
1101 233
1101 55
1102 219
1102 251
1102 247
1102 126
1102 1
1102 148
1103 101
1103 180
1103 103
1103 240
1103 106
1103 238
1104 168
1104 31
1104 126
1104 144
1104 116
1104 139
1105 117
1105 246
1105 31
1105 234
1105 55
1105 34
1106 180
1106 80
1106 139
1106 222
1106 31
1106 104
1107 34
1107 31
1107 219
1107 41
1107 180
1107 113
1108 261
1108 86
1108 31
1108 97
1108 34
1108 41
1109 52
1109 107
1109 31
1109 160
1109 130
1109 233
1110 139
1110 1
1110 31
1110 253
1110 186
1110 238
1111 34
1111 240
1111 151
1111 148
1111 41
1111 219
1112 189
1112 254
1112 63
1112 238
1112 186
1112 93
1113 207
1113 219
1113 147
1113 168
1113 260
1113 106
1114 219
1114 64
1114 157
1114 180
1114 142
1114 186
1115 41
1115 34
1115 232
1115 126
1115 140
1115 254
1116 41
1116 43
1116 196
1116 34
1116 68
1116 126
1117 246
1117 64
1117 207
1117 34
1117 45
1117 66
1118 34
1118 152
1118 71
1118 93
1118 232
1118 180
1119 96
1119 180
1119 154
1119 42
1119 52
1119 150
1120 263
1120 172
1120 126
1120 221
1120 113
1120 180
1121 41
1121 156
1121 253
1121 186
1121 80
1121 189
1122 172
1122 126
1122 243
1122 130
1122 139
1122 111
1123 41
1123 263
1123 65
1123 63
1123 186
1123 86
1124 41
1124 43
1124 44
1124 101
1124 86
1124 240
1125 63
1125 42
1125 258
1125 263
1125 44
1125 80
1126 42
1126 158
1126 44
1126 47
1126 258
1126 261
1127 139
1127 251
1127 259
1127 93
1127 219
1127 80
1128 207
1128 87
1128 186
1128 189
1128 191
1128 42
1129 186
1129 219
1129 150
1129 66
1129 143
1129 47
1130 130
1130 222
1130 42
1130 142
1130 63
1130 150
1131 43
1131 207
1131 44
1131 172
1131 180
1131 130
1132 246
1132 222
1132 108
1132 2
1132 104
1132 260
1133 96
1133 255
1133 172
1133 65
1133 42
1133 52
1134 172
1134 80
1134 52
1134 141
1134 42
1134 160
1135 81
1135 42
1135 232
1135 139
1135 44
1135 47
1136 156
1136 232
1136 63
1136 81
1136 219
1136 42
1137 219
1137 86
1137 240
1137 42
1137 148
1137 44
1138 154
1138 152
1138 63
1138 238
1138 234
1138 191
1139 207
1139 208
1139 42
1139 219
1139 172
1139 139
1140 42
1140 44
1140 1
1140 139
1140 111
1140 106
1141 153
1141 93
1141 207
1141 71
1141 172
1141 42
1142 194
1142 106
1142 130
1142 232
1142 104
1142 139
1143 147
1143 96
1143 111
1143 42
1143 240
1143 113
1144 219
1144 221
1144 232
1144 224
1144 207
1144 81
1145 258
1145 247
1145 63
1145 81
1145 42
1145 44
1146 238
1146 232
1146 81
1146 247
1146 68
1146 63
1147 224
1147 97
1147 101
1147 42
1147 130
1147 232
1148 44
1148 147
1148 42
1148 106
1148 207
1148 47
1149 81
1149 2
1149 86
1149 42
1149 246
1149 180
1150 221
1150 42
1150 219
1150 114
1150 246
1150 180
1151 90
1151 191
1151 42
1151 130
1151 251
1151 152
1152 113
1152 253
1152 111
1152 243
1152 63
1152 147
1153 71
1153 207
1153 42
1153 130
1153 44
1153 47
1154 154
1154 222
1154 42
1154 114
1154 44
1154 63
1155 63
1155 233
1155 219
1155 172
1155 42
1155 44
1156 240
1156 259
1156 195
1156 253
1156 42
1156 151
1157 63
1157 221
1157 180
1157 207
1157 43
1157 139
1158 130
1158 106
1158 43
1158 207
1158 64
1158 172
1159 64
1159 139
1159 194
1159 96
1159 147
1159 186
1160 251
1160 3
1160 180
1160 207
1160 139
1160 43
1161 144
1161 43
1161 87
1161 139
1161 221
1161 233
1162 43
1162 191
1162 81
1162 103
1162 207
1162 172
1163 172
1163 141
1163 180
1163 246
1163 81
1163 64
1164 139
1164 180
1164 233
1164 244
1164 43
1164 140
1165 104
1165 243
1165 191
1165 148
1165 173
1165 64
1166 160
1166 87
1166 96
1166 90
1166 233
1166 207
1167 238
1167 64
1167 43
1167 101
1167 173
1167 44
1168 130
1168 139
1168 251
1168 71
1168 43
1168 67
1169 47
1169 43
1169 64
1169 90
1169 130
1169 93
1170 81
1170 87
1170 90
1170 130
1170 96
1170 93
1171 93
1171 180
1171 64
1171 173
1171 117
1171 191
1172 221
1172 43
1172 103
1172 44
1172 81
1172 207
1173 43
1173 240
1173 130
1173 44
1173 173
1173 221
1174 233
1174 207
1174 101
1174 43
1174 130
1174 258
1175 207
1175 222
1175 64
1175 43
1175 180
1175 101
1176 254
1176 173
1176 221
1176 43
1176 44
1176 233
1177 93
1177 81
1177 43
1177 207
1177 90
1177 44
1178 97
1178 43
1178 93
1178 191
1178 108
1178 207
1179 224
1179 207
1179 194
1179 43
1179 117
1179 111
1180 87
1180 221
1180 151
1180 157
1180 194
1180 96
1181 259
1181 154
1181 233
1181 130
1181 238
1181 43
1182 64
1182 253
1182 240
1182 150
1182 222
1182 196
1183 43
1183 191
1183 44
1183 234
1183 139
1183 141
1184 108
1184 139
1184 43
1184 233
1184 151
1184 222
1185 173
1185 43
1185 207
1185 255
1185 180
1185 191
1186 81
1186 107
1186 222
1186 130
1186 139
1186 140
1187 43
1187 114
1187 130
1187 233
1187 115
1187 139
1188 233
1188 130
1188 258
1188 259
1188 139
1188 64
1189 251
1189 222
1189 173
1189 93
1189 43
1189 107
1190 144
1190 43
1190 173
1190 180
1190 104
1190 64
1191 111
1191 238
1191 151
1191 130
1191 68
1191 114
1192 43
1192 251
1192 44
1192 173
1192 107
1192 64
1193 1
1193 173
1193 81
1193 234
1193 130
1193 207
1194 180
1194 240
1194 111
1194 253
1194 96
1194 64
1195 233
1195 2
1195 3
1195 207
1195 145
1195 43
1196 87
1196 191
1196 90
1196 68
1196 224
1196 139
1197 139
1197 45
1197 87
1197 140
1197 207
1197 64
1198 140
1198 255
1198 222
1198 156
1198 191
1198 81
1199 87
1199 81
1199 258
1199 260
1199 196
1199 191
1200 43
1200 64
1200 90
1200 88
1200 66
1200 44
1201 47
1201 194
1201 81
1201 117
1201 207
1201 156
1202 114
1202 64
1202 44
1202 173
1202 247
1202 233
1203 207
1203 44
1203 90
1203 233
1203 147
1203 64
1204 139
1204 97
1204 44
1204 233
1204 64
1204 66
1205 140
1205 88
1205 139
1205 159
1205 93
1205 130
1206 139
1206 64
1206 111
1206 87
1206 207
1206 140
1207 233
1207 81
1207 173
1207 44
1207 64
1207 71
1208 191
1208 139
1208 196
1208 253
1208 251
1208 64
1209 180
1209 64
1209 81
1209 150
1209 258
1209 139
1210 44
1210 139
1210 251
1210 222
1210 253
1210 64
1211 44
1211 64
1211 258
1211 191
1211 2
1211 240
1212 207
1212 117
1212 147
1212 233
1212 139
1212 44
1213 139
1213 173
1213 196
1213 207
1213 140
1213 1
1214 180
1214 222
1214 196
1214 139
1214 140
1214 115
1215 108
1215 208
1215 44
1215 196
1215 222
1215 81
1216 233
1216 87
1216 44
1216 65
1216 140
1216 93
1217 196
1217 173
1217 81
1217 208
1217 65
1217 44
1218 140
1218 3
1218 44
1218 65
1218 208
1218 238
1219 180
1219 238
1219 196
1219 208
1219 44
1219 65
1220 180
1220 108
1220 173
1220 114
1220 246
1220 196
1221 208
1221 44
1221 114
1221 65
1221 222
1221 173
1222 140
1222 142
1222 44
1222 106
1222 173
1222 150
1223 180
1223 222
1223 233
1223 208
1223 238
1223 88
1224 44
1224 208
1224 196
1224 65
1224 81
1224 111
1225 208
1225 233
1225 65
1225 196
1225 44
1225 144
1226 222
1226 224
1226 81
1226 117
1226 140
1226 87
1227 65
1227 222
1227 150
1227 67
1227 106
1227 81
1228 45
1228 180
1228 140
1228 150
1228 65
1228 103
1229 67
1229 173
1229 45
1229 141
1229 65
1229 222
1230 115
1230 106
1230 140
1230 45
1230 142
1230 65
1231 81
1231 141
1231 143
1231 65
1231 45
1231 180
1232 173
1232 96
1232 222
1232 88
1232 160
1232 45
1233 233
1233 196
1233 208
1233 246
1233 140
1233 145
1234 196
1234 140
1234 45
1234 180
1234 142
1234 208
1235 140
1235 45
1235 65
1235 208
1235 88
1235 234
1236 65
1236 196
1236 224
1236 173
1236 208
1236 222
1237 45
1237 65
1237 224
1237 253
1237 234
1237 173
1238 173
1238 208
1238 158
1238 81
1238 258
1238 259
1239 208
1239 196
1239 173
1239 140
1239 180
1239 106
1240 81
1240 153
1240 196
1240 140
1240 115
1240 87
1241 140
1241 96
1241 196
1241 222
1241 234
1241 111
1242 196
1242 246
1242 65
1242 107
1242 68
1242 140
1243 68
1243 2
1243 106
1243 87
1243 81
1243 157
1244 45
1244 140
1244 1
1244 234
1244 111
1244 81
1245 196
1245 153
1245 65
1245 81
1245 234
1245 244
1246 140
1246 101
1246 45
1246 142
1246 240
1246 106
1247 103
1247 173
1247 238
1247 67
1247 45
1247 253
1248 196
1248 115
1248 208
1248 45
1248 65
1248 222
1249 66
1249 258
1249 141
1249 246
1249 144
1249 67
1250 66
1250 222
1250 67
1250 81
1250 45
1250 251
1251 66
1251 159
1251 224
1251 45
1251 251
1251 141
1252 224
1252 101
1252 258
1252 263
1252 196
1252 173
1253 141
1253 101
1253 45
1253 159
1253 253
1253 144
1254 196
1254 141
1254 81
1254 258
1254 208
1254 45
1255 87
1255 240
1255 66
1255 222
1255 96
1255 234
1256 45
1256 115
1256 196
1256 66
1256 67
1256 141
1257 173
1257 196
1257 259
1257 253
1257 261
1257 238
1258 45
1258 234
1258 141
1258 81
1258 208
1258 196
1259 87
1259 81
1259 234
1259 238
1259 142
1259 173
1260 116
1260 87
1260 234
1260 81
1260 96
1260 45
1261 45
1261 88
1261 66
1261 173
1261 208
1261 81
1262 154
1262 66
1262 196
1262 142
1262 106
1262 45
1263 101
1263 224
1263 45
1263 66
1263 96
1263 263
1264 222
1264 88
1264 142
1264 234
1264 208
1264 144
1265 196
1265 142
1265 144
1265 247
1265 96
1265 115
1266 111
1266 45
1266 66
1266 159
1266 222
1266 196
1267 96
1267 208
1267 66
1267 45
1267 196
1267 254
1268 66
1268 142
1268 67
1268 144
1268 88
1268 96
1269 66
1269 142
1269 88
1269 67
1269 144
1269 96
1270 255
1270 66
1270 173
1270 67
1270 208
1270 88
1271 196
1271 259
1271 253
1271 255
1271 145
1271 88
1272 224
1272 88
1272 115
1272 152
1272 67
1272 66
1273 243
1273 196
1273 156
1273 142
1273 208
1273 173
1274 238
1274 66
1274 67
1274 96
1274 101
1274 106
1275 234
1275 66
1275 67
1275 238
1275 96
1275 196
1276 96
1276 150
1276 67
1276 144
1276 196
1276 173
1277 234
1277 67
1277 156
1277 3
1277 196
1277 96
1278 238
1278 142
1278 67
1278 253
1278 144
1278 1
1279 156
1279 152
1279 115
1279 67
1279 96
1279 196
1280 67
1280 208
1280 147
1280 173
1280 222
1280 238
1281 208
1281 96
1281 238
1281 67
1281 240
1281 144
1282 67
1282 254
1282 142
1282 144
1282 96
1282 101
1283 150
1283 142
1283 238
1283 67
1283 103
1283 96
1284 111
1284 67
1284 238
1284 240
1284 208
1284 97
1285 67
1285 238
1285 263
1285 97
1285 159
1285 208
1286 238
1286 67
1286 247
1286 240
1286 97
1286 104
1287 156
1287 111
1287 104
1287 67
1287 97
1287 106
1288 142
1288 67
1288 238
1288 240
1288 243
1288 247
1289 173
1289 240
1289 67
1289 243
1289 156
1289 142
1290 97
1290 240
1290 1
1290 142
1290 243
1290 106
1291 67
1291 111
1291 240
1291 261
1291 97
1291 104
1292 142
1292 259
1292 67
1292 97
1292 104
1292 240
1293 240
1293 67
1293 151
1293 243
1293 142
1293 173
1294 97
1294 115
1294 144
1294 67
1294 240
1294 142
1295 97
1295 173
1295 104
1295 106
1295 142
1295 144
1296 240
1296 243
1296 104
1296 111
1296 258
1296 247
1297 263
1297 240
1297 243
1297 1
1297 247
1297 115
1298 240
1298 67
1298 117
1298 243
1298 247
1298 97
1299 67
1299 104
1299 159
1299 97
1299 253
1299 240
1300 117
1300 104
1300 240
1300 243
1300 97
1300 106
1301 263
1301 247
1301 253
1301 240
1301 97
1301 104
1302 240
1302 97
1302 104
1302 243
1302 106
1302 150
1303 97
1303 243
1303 104
1303 106
1303 108
1303 115
1304 97
1304 243
1304 104
1304 247
1304 106
1304 111
1305 97
1305 104
1305 243
1305 247
1305 254
1305 107
1306 243
1306 247
1306 253
1306 255
1306 97
1306 104
1307 97
1307 104
1307 244
1307 107
1307 108
1307 111
1308 97
1308 244
1308 1
1308 247
1308 104
1308 107
1309 244
1309 97
1309 247
1309 104
1309 253
1309 255
1310 244
1310 111
1310 142
1310 247
1310 253
1310 255
1311 97
1311 244
1311 247
1311 104
1311 107
1311 254
1312 244
1312 97
1312 144
1312 104
1312 247
1312 147
1313 97
1313 104
1313 244
1313 160
1313 247
1313 107
1314 244
1314 144
1314 97
1314 147
1314 153
1314 247
1315 244
1315 107
1315 247
1315 254
1315 255
1315 97
1316 111
1316 156
1316 97
1316 244
1316 247
1316 150
1317 144
1317 97
1317 244
1317 247
1317 254
1317 104
1318 97
1318 244
1318 104
1318 107
1318 108
1318 254
1319 144
1319 261
1319 247
1319 254
1319 255
1319 97
1320 144
1320 97
1320 147
1320 107
1320 150
1320 247
1321 97
1321 144
1321 107
1321 108
1321 111
1321 115
1322 97
1322 144
1322 147
1322 254
1322 107
1322 108
1323 247
1323 254
1323 255
1323 159
1323 111
1323 107
1324 247
1324 254
1324 255
1324 151
1324 258
1324 260
1325 247
1325 254
1325 144
1325 147
1325 255
1325 258
1326 247
1326 107
1326 254
1326 144
1326 157
1326 260
1327 247
1327 107
1327 108
1327 111
1327 115
1327 254
1328 111
1328 247
1328 144
1328 107
1328 108
1328 115
1329 254
1329 107
1329 108
1329 111
1329 255
1329 258
1330 107
1330 254
1330 108
1330 111
1330 115
1330 144
1331 107
1331 254
1331 108
1331 115
1331 255
1331 117
1332 258
1332 260
1332 156
1332 263
1332 2
1332 144
1333 107
1333 160
1333 258
1333 260
1333 108
1333 115
1334 258
1334 107
1334 260
1334 263
1334 108
1334 2
1335 258
1335 260
1335 107
1335 108
1335 263
1335 2
1336 107
1336 108
1336 115
1336 117
1336 144
1336 258
1337 107
1337 258
1337 108
1337 115
1337 117
1337 260
1338 258
1338 107
1338 260
1338 108
1338 115
1338 117
1339 144
1339 107
1339 108
1339 115
1339 258
1339 117
1340 258
1340 260
1340 107
1340 116
1340 2
1340 3
1341 144
1341 258
1341 108
1341 260
1341 2
1341 3
1342 108
1342 145
1342 258
1342 260
1342 115
1342 117
1343 145
1343 147
1343 159
1343 108
1343 150
1343 115
1344 108
1344 115
1344 145
1344 258
1344 117
1344 147
1345 108
1345 258
1345 260
1345 2
1345 115
1345 117
1346 258
1346 2
1346 108
1346 115
1346 117
1346 152
1347 108
1347 258
1347 116
1347 145
1347 147
1347 150
1348 147
1348 258
1348 150
1348 116
1348 152
1348 153
1349 116
1349 258
1349 260
1349 2
1349 147
1349 150
1350 147
1350 260
1350 116
1350 2
1350 3
1350 150
1351 116
1351 147
1351 260
1351 150
1351 2
1351 152
1352 116
1352 260
1352 2
1352 154
1352 147
1352 3
1353 116
1353 260
1353 2
1353 147
1353 3
1353 150
1354 147
1354 116
1354 260
1354 150
1354 2
1354 152
1355 147
1355 116
1355 150
1355 152
1355 153
1355 260
1356 116
1356 260
1356 147
1356 2
1356 156
1356 3
1357 148
1357 151
1357 260
1357 116
1357 153
1357 3
1358 116
1358 157
1358 148
1358 260
1358 151
1358 3
1359 116
1359 148
1359 260
1359 3
1359 151
1359 153
1360 116
1360 148
1360 260
1360 151
1360 3
1360 153
1361 260
1361 3
1361 116
1361 148
1361 151
1361 153
1362 260
1362 3
1362 117
1362 148
1362 151
1362 153
1363 148
1363 260
1363 3
1363 117
1363 151
1363 153
1364 3
1364 260
1364 117
1364 148
1364 151
1364 154
1365 117
1365 148
1365 151
1365 154
1365 260
1365 3
1366 260
1366 117
1366 148
1366 151
1366 3
1366 154
1367 260
1367 3
1367 117
1367 148
1367 151
1367 154
1368 260
1368 148
1368 3
1368 117
1368 151
1368 154
1369 117
1369 148
1369 151
1369 154
1369 3
1369 156
1370 152
1370 3
1370 117
1370 148
1370 154
1370 156
1371 117
1371 3
1371 148
1371 151
1371 154
1371 156
1372 3
1372 148
1372 117
1372 151
1372 154
1372 156
1373 117
1373 3
1373 148
1373 151
1373 154
1373 156
1374 3
1374 117
1374 148
1374 151
1374 154
1374 156
1375 3
1375 117
1375 148
1375 151
1375 156
1375 159
1376 3
1376 117
1376 148
1376 151
1376 157
1376 159
1377 148
1377 3
1377 117
1377 151
1377 157
1377 159
1378 117
1378 148
1378 151
1378 157
1378 159
1378 3
1379 151
1379 157
1379 159
1379 160
1380 151
1380 157
1380 159
1380 160
1381 152
1381 157
1381 159
1381 160
1382 152
1382 157
1382 159
1382 160
1383 152
1383 157
1383 159
1383 160
1384 152
1384 157
1384 159
1384 160
1385 152
1385 157
1385 159
1385 160
1386 152
1386 157
1386 159
1386 160
1387 152
1387 157
1387 159
1388 152
1388 157
1388 159
1389 152
1389 157
1389 159
1390 157
1391 157
1392 157
1393 157
1394 157
