1 4
1 83
1 99
1 78
1 50
1 98
2 144
2 161
2 26
2 84
2 133
2 91
3 2
3 156
3 139
3 126
3 98
3 34
4 145
4 182
4 118
4 162
4 125
4 147
5 69
5 38
5 126
5 141
5 47
5 56
6 106
6 160
6 124
6 147
6 20
6 35
7 8
7 170
7 43
7 160
7 115
7 129
8 176
8 167
8 160
8 118
8 87
8 179
9 77
9 159
9 30
9 36
9 164
9 166
10 109
10 138
10 8
10 156
10 182
10 129
11 51
11 132
11 2
11 124
11 96
11 21
12 66
12 21
12 168
12 50
12 100
12 62
13 146
13 136
13 32
13 120
13 90
13 100
14 88
14 126
14 85
14 127
14 15
14 144
15 11
15 93
15 100
15 54
15 44
15 34
16 16
16 65
16 146
16 175
16 172
16 159
17 165
17 17
17 22
17 59
17 182
17 11
18 98
18 72
18 101
18 171
18 99
18 103
19 133
19 152
19 55
19 109
19 124
19 177
20 62
20 89
20 167
20 170
20 55
20 42
21 152
21 145
21 81
21 147
21 141
21 73
22 31
22 32
22 54
22 146
22 83
22 107
23 44
23 42
23 122
23 52
23 99
23 46
24 139
24 85
24 74
24 143
24 35
24 17
25 15
25 89
25 175
25 127
25 158
25 8
26 26
26 176
26 12
26 163
26 132
26 22
27 68
27 39
27 89
27 118
27 137
27 152
28 152
28 70
28 101
28 125
28 142
28 105
29 66
29 125
29 40
29 155
29 33
29 22
30 44
30 179
30 101
30 72
30 22
30 64
31 136
31 118
31 99
31 16
31 26
31 148
32 55
32 126
32 158
32 25
32 48
32 163
33 85
33 23
33 50
33 123
33 93
33 183
34 120
34 44
34 56
34 60
34 99
34 8
35 126
35 108
35 89
35 127
35 59
35 156
36 173
36 78
36 89
36 114
36 9
36 175
37 42
37 30
37 145
37 37
37 155
37 103
38 129
38 16
38 163
38 83
38 101
38 182
39 25
39 68
39 70
39 34
39 167
39 7
40 177
40 153
40 28
40 113
40 168
40 171
41 95
41 134
41 61
41 87
41 136
41 96
42 22
42 53
42 24
42 42
42 64
42 68
43 47
43 76
43 129
43 44
43 141
43 71
44 42
44 23
44 94
44 118
44 155
44 37
45 126
45 79
45 80
45 3
45 107
45 157
46 182
46 33
46 97
46 90
46 103
46 94
47 15
47 153
47 167
47 33
47 86
47 126
48 73
48 165
48 18
48 50
48 8
48 98
49 125
49 98
49 49
49 162
49 31
49 182
50 169
50 33
50 91
50 15
50 37
50 87
51 117
51 93
51 20
51 50
51 131
51 96
52 182
52 0
52 170
52 115
52 26
52 108
53 171
53 77
53 110
53 11
53 107
53 94
54 13
54 119
54 100
54 87
54 27
54 137
55 96
55 56
55 32
55 130
55 94
55 111
56 179
56 11
56 32
56 91
56 181
56 92
57 168
57 39
57 131
57 120
57 116
57 98
58 100
58 163
58 174
58 5
58 7
58 2
59 94
59 105
59 154
59 156
59 95
59 150
60 31
60 149
60 3
60 175
60 46
60 107
61 128
61 145
61 143
61 86
61 46
61 50
62 127
62 95
62 17
62 84
62 103
62 89
63 147
63 49
63 156
63 180
63 81
63 130
64 59
64 132
64 113
64 115
64 96
64 117
65 78
65 51
65 10
65 29
65 79
65 1
66 56
66 6
66 91
66 79
66 137
66 3
67 55
67 61
67 88
67 78
67 82
67 136
68 6
68 42
68 133
68 37
68 10
68 145
69 24
69 17
69 60
69 119
69 1
69 132
70 56
70 67
70 123
70 154
70 3
70 126
71 27
71 172
71 145
71 16
71 4
71 79
72 87
72 58
72 133
72 169
72 150
72 84
73 87
73 160
73 76
73 71
73 153
73 169
74 142
74 50
74 19
74 178
74 71
74 179
75 49
75 175
75 74
75 116
75 166
75 144
76 86
76 134
76 107
76 175
76 173
76 55
77 100
77 74
77 25
77 30
77 77
77 0
78 16
78 32
78 132
78 81
78 118
78 122
79 78
79 156
79 39
79 114
79 36
79 29
80 38
80 123
80 59
80 3
80 44
80 177
81 166
81 88
81 168
81 165
81 73
81 118
82 49
82 101
82 133
82 60
82 30
82 8
83 113
83 150
83 129
83 182
83 179
83 107
84 70
84 76
84 117
84 144
84 181
84 134
85 86
85 154
85 30
85 165
85 126
85 109
86 175
86 116
86 59
86 126
86 14
86 148
87 46
87 139
87 84
87 79
87 168
87 61
88 8
88 11
88 91
88 58
88 77
88 125
89 20
89 158
89 18
89 120
89 11
89 174
90 68
90 116
90 70
90 11
90 126
90 63
91 123
91 67
91 21
91 112
91 94
91 178
92 108
92 141
92 8
92 70
92 74
92 110
93 98
93 77
93 9
93 7
93 180
93 12
94 73
94 44
94 66
94 181
94 64
94 97
95 123
95 14
95 59
95 45
95 119
95 7
96 160
96 34
96 46
96 88
96 99
96 104
97 69
97 1
97 148
97 165
97 62
97 182
98 80
98 142
98 43
98 173
98 116
98 95
99 111
99 15
99 112
99 158
99 163
99 37
100 20
100 181
100 103
100 37
100 45
100 16
101 146
101 77
101 51
101 104
101 147
101 79
102 98
102 2
102 72
102 104
102 102
102 99
103 102
103 142
103 175
103 47
103 176
103 108
104 163
104 71
104 42
104 134
104 67
104 120
105 11
105 141
105 123
105 174
105 154
105 121
106 24
106 144
106 3
106 183
106 51
106 179
107 148
107 21
107 104
107 70
107 135
107 24
108 89
108 0
108 135
108 108
108 131
108 99
109 97
109 115
109 56
109 84
109 163
109 158
110 182
110 139
110 46
110 74
110 70
110 156
111 132
111 42
111 113
111 16
111 127
111 24
112 116
112 78
112 38
112 133
112 130
112 73
113 126
113 124
113 47
113 135
113 182
113 94
114 130
114 127
114 64
114 55
114 84
114 21
115 131
115 161
115 118
115 61
115 19
115 148
116 14
116 59
116 27
116 150
116 63
116 54
117 119
117 150
117 83
117 41
117 13
117 100
118 154
118 78
118 156
118 116
118 111
118 123
119 144
119 178
119 65
119 123
119 112
119 10
120 13
120 28
120 151
120 71
120 100
120 17
121 59
121 61
121 163
121 12
121 77
121 63
122 84
122 75
122 86
122 124
122 11
122 90
123 155
123 33
123 35
123 31
123 141
123 22
124 104
124 49
124 105
124 181
124 107
124 182
125 154
125 150
125 51
125 61
125 58
125 30
126 180
126 50
126 124
126 165
126 27
126 156
127 23
127 42
127 169
127 134
127 165
127 72
128 153
128 24
128 138
128 161
128 165
128 130
129 123
129 129
129 119
129 124
129 149
129 140
130 181
130 111
130 110
130 41
130 66
130 43
131 112
131 44
131 78
131 7
131 27
131 97
132 75
132 150
132 123
132 89
132 22
132 45
133 171
133 43
133 163
133 26
133 156
133 161
134 100
134 23
134 176
134 119
134 148
134 13
135 113
135 174
135 172
135 48
135 131
135 165
136 73
136 65
136 145
136 177
136 101
136 182
137 147
137 123
137 8
137 183
137 173
137 96
138 74
138 154
138 145
138 13
138 59
138 87
139 153
139 19
139 155
139 56
139 131
139 110
140 55
140 118
140 80
140 5
140 11
140 120
141 45
141 79
141 56
141 38
141 1
141 24
142 91
142 130
142 126
142 151
142 76
142 127
143 141
143 98
143 37
143 89
143 74
143 182
144 9
144 25
144 106
144 74
144 158
144 63
145 60
145 17
145 85
145 137
145 57
145 87
146 3
146 119
146 41
146 99
146 21
146 165
147 94
147 18
147 95
147 21
147 61
147 128
148 78
148 16
148 5
148 71
148 47
148 62
149 45
149 19
149 113
149 90
149 36
149 41
150 38
150 30
150 57
150 63
150 83
150 171
151 176
151 82
151 94
151 112
151 159
151 168
152 101
152 109
152 147
152 156
152 56
152 117
153 176
153 139
153 41
153 61
153 101
153 78
154 182
154 36
154 38
154 116
154 133
154 27
155 101
155 98
155 86
155 19
155 39
155 140
156 28
156 34
156 111
156 37
156 126
156 21
157 175
157 6
157 98
157 113
157 21
157 59
158 115
158 12
158 118
158 48
158 29
158 93
159 83
159 113
159 115
159 68
159 99
159 154
160 74
160 63
160 165
160 160
160 108
160 43
161 71
161 104
161 143
161 45
161 163
161 50
162 11
162 102
162 83
162 27
162 108
162 56
163 70
163 111
163 88
163 1
163 179
163 113
164 128
164 23
164 16
164 6
164 83
164 148
165 46
165 51
165 110
165 18
165 138
165 132
166 38
166 85
166 87
166 5
166 59
166 141
167 177
167 140
167 179
167 109
167 181
167 0
168 174
168 182
168 22
168 43
168 129
168 77
169 68
169 173
169 166
169 87
169 134
169 82
170 75
170 34
170 154
170 106
170 1
170 35
171 145
171 4
171 19
171 177
171 34
171 81
172 40
172 113
172 157
172 41
172 8
172 54
173 54
173 182
173 137
173 134
173 52
173 2
174 69
174 36
174 117
174 91
174 107
174 81
175 2
175 54
175 172
175 179
175 167
175 181
176 38
176 136
176 72
176 104
176 68
176 77
177 15
177 67
177 126
177 77
177 64
177 121
178 66
178 55
178 123
178 175
178 10
178 143
179 27
179 84
179 131
179 113
179 177
179 3
180 48
180 94
180 42
180 85
180 70
180 78
181 119
181 145
181 24
181 115
181 111
181 117
182 92
182 123
182 1
182 3
182 11
182 69
183 159
183 35
183 118
183 172
183 59
183 73
184 16
184 93
184 29
184 31
184 56
184 57
185 142
185 154
185 165
185 171
185 166
185 89
186 165
186 168
186 66
186 55
186 121
186 20
187 113
187 180
187 45
187 157
187 15
187 43
188 48
188 85
188 86
188 95
188 12
188 14
189 65
189 6
189 154
189 120
189 152
189 170
190 161
190 141
190 37
190 166
190 169
190 159
191 171
191 70
191 90
191 153
191 144
191 101
192 91
192 99
192 92
192 142
192 170
192 131
193 145
193 3
193 32
193 93
193 2
193 155
194 129
194 85
194 161
194 45
194 0
194 29
195 68
195 20
195 147
195 183
195 113
195 53
196 49
196 11
196 165
196 87
196 39
196 81
197 129
197 30
197 131
197 82
197 22
197 151
198 175
198 120
198 27
198 50
198 165
198 3
199 20
199 16
199 22
199 118
199 149
199 8
200 74
200 102
200 92
200 143
200 69
200 60
201 163
201 169
201 12
201 53
201 5
201 129
202 111
202 36
202 88
202 23
202 131
202 64
203 66
203 120
203 6
203 121
203 53
203 145
204 179
204 51
204 155
204 27
204 29
204 172
205 115
205 133
205 176
205 43
205 15
205 109
206 20
206 69
206 66
206 67
206 140
206 174
207 120
207 126
207 127
207 175
207 108
207 11
208 91
208 68
208 34
208 113
208 120
208 125
209 77
209 106
209 89
209 53
209 54
209 133
210 116
210 56
210 34
210 6
210 147
210 23
211 14
211 98
211 78
211 79
211 117
211 82
212 115
212 105
212 152
212 165
212 99
212 96
213 169
213 171
213 126
213 183
213 67
213 36
214 102
214 136
214 173
214 159
214 7
214 38
215 123
215 146
215 61
215 11
215 74
215 155
216 19
216 63
216 6
216 15
216 62
216 3
217 19
217 11
217 31
217 43
217 45
217 181
218 136
218 112
218 27
218 7
218 94
218 137
219 23
219 161
219 58
219 14
219 34
219 43
220 50
220 170
220 24
220 15
220 80
220 31
221 26
221 113
221 157
221 91
221 125
221 4
222 73
222 31
222 138
222 1
222 163
222 93
223 169
223 1
223 148
223 94
223 81
223 67
224 74
224 182
224 87
224 169
224 141
224 0
225 28
225 111
225 152
225 142
225 98
225 76
226 144
226 96
226 165
226 66
226 27
226 10
227 138
227 87
227 156
227 101
227 124
227 92
228 77
228 68
228 88
228 54
228 106
228 121
229 76
229 161
229 24
229 25
229 176
229 99
230 111
230 21
230 180
230 128
230 35
230 130
231 120
231 177
231 19
231 157
231 58
231 60
232 96
232 9
232 182
232 86
232 139
232 118
233 139
233 109
233 70
233 112
233 121
233 64
234 45
234 123
234 64
234 109
234 136
234 36
235 62
235 135
235 31
235 154
235 67
235 156
236 29
236 169
236 3
236 141
236 153
236 133
237 19
237 54
237 67
237 14
237 93
237 111
238 0
238 63
238 3
238 96
238 115
238 77
239 110
239 39
239 49
239 69
239 9
239 72
240 60
240 72
240 80
240 14
240 146
240 161
241 51
241 65
241 32
241 136
241 79
241 53
242 156
242 9
242 65
242 125
242 128
242 22
243 39
243 29
243 132
243 53
243 34
243 87
244 92
244 48
244 19
244 64
244 82
244 9
245 23
245 117
245 70
245 148
245 150
245 136
246 111
246 41
246 142
246 134
246 67
246 113
247 139
247 73
247 28
247 59
247 181
247 101
248 128
248 72
248 50
248 19
248 68
248 24
249 59
249 23
249 89
249 145
249 25
249 94
250 123
250 104
250 156
250 86
250 144
250 132
251 12
251 54
251 25
251 141
251 181
251 152
252 80
252 112
252 133
252 48
252 30
252 153
253 7
253 158
253 38
253 77
253 163
253 28
254 40
254 136
254 155
254 128
254 50
254 159
255 96
255 64
255 15
255 19
255 50
255 29
256 124
256 131
256 156
256 11
256 108
256 78
257 16
257 131
257 171
257 25
257 182
257 179
258 143
258 55
258 26
258 88
258 24
258 47
259 124
259 96
259 67
259 160
259 181
259 172
260 101
260 65
260 77
260 167
260 23
260 87
261 74
261 120
261 148
261 5
261 150
261 16
262 78
262 94
262 27
262 43
262 89
262 19
263 146
263 48
263 13
263 56
263 137
263 175
264 49
264 24
264 1
264 159
264 13
264 106
265 107
265 102
265 48
265 27
265 117
265 58
266 172
266 157
266 99
266 104
266 75
266 9
267 37
267 28
267 142
267 75
267 118
267 136
268 9
268 155
268 93
268 39
268 97
268 65
269 50
269 181
269 171
269 80
269 61
269 136
270 115
270 177
270 20
270 40
270 23
270 79
271 139
271 0
271 21
271 123
271 2
271 156
272 66
272 81
272 7
272 103
272 64
272 32
273 5
273 183
273 141
273 109
273 7
273 63
274 19
274 97
274 179
274 82
274 99
274 2
275 165
275 166
275 115
275 52
275 161
275 168
276 123
276 58
276 7
276 147
276 13
276 86
277 65
277 77
277 133
277 107
277 179
277 83
278 34
278 165
278 101
278 45
278 55
278 180
279 172
279 47
279 94
279 95
279 105
279 147
280 25
280 121
280 84
280 125
280 96
280 143
281 112
281 94
281 109
281 84
281 32
281 117
282 87
282 89
282 81
282 161
282 43
282 159
283 135
283 20
283 56
283 126
283 105
283 42
284 99
284 130
284 142
284 26
284 65
284 82
285 174
285 171
285 182
285 85
285 163
285 154
286 23
286 168
286 56
286 4
286 150
286 74
287 171
287 95
287 57
287 108
287 72
287 154
288 34
288 168
288 81
288 102
288 169
288 135
289 42
289 96
289 73
289 75
289 101
289 77
290 45
290 94
290 142
290 126
290 80
290 118
291 7
291 69
291 88
291 94
291 54
291 65
292 1
292 13
292 45
292 147
292 121
292 114
293 108
293 68
293 151
293 95
293 166
293 136
294 70
294 128
294 81
294 13
294 175
294 15
295 91
295 156
295 182
295 100
295 19
295 147
296 94
296 149
296 82
296 10
296 91
296 183
297 47
297 127
297 156
297 135
297 168
297 142
298 153
298 156
298 114
298 142
298 14
298 35
299 101
299 12
299 112
299 15
299 95
299 129
300 153
300 87
300 157
300 83
300 131
300 129
301 147
301 45
301 85
301 47
301 19
301 55
302 34
302 5
302 76
302 50
302 69
302 93
303 1
303 152
303 19
303 15
303 16
303 132
304 19
304 100
304 34
304 45
304 83
304 41
305 49
305 86
305 137
305 51
305 136
305 139
306 128
306 111
306 149
306 31
306 55
306 138
307 32
307 52
307 10
307 107
307 118
307 95
308 128
308 75
308 113
308 7
308 0
308 9
309 171
309 149
309 157
309 23
309 69
309 160
310 109
310 181
310 30
310 25
310 101
310 45
311 159
311 86
311 79
311 68
311 180
311 43
312 153
312 6
312 40
312 104
312 78
312 123
313 163
313 47
313 93
313 34
313 23
313 166
314 72
314 105
314 42
314 73
314 91
314 156
315 138
315 42
315 60
315 171
315 23
315 136
316 1
316 125
316 120
316 115
316 77
316 128
317 63
317 79
317 82
317 135
317 121
317 103
318 50
318 75
318 102
318 37
318 137
318 19
319 93
319 10
319 91
319 1
319 39
319 51
320 115
320 123
320 74
320 10
320 57
320 30
321 40
321 135
321 102
321 32
321 138
321 151
322 81
322 0
322 83
322 43
322 111
322 72
323 88
323 57
323 37
323 167
323 19
323 91
324 91
324 43
324 52
324 95
324 153
324 100
325 85
325 59
325 180
325 123
325 126
325 16
326 177
326 80
326 171
326 153
326 111
326 98
327 163
327 88
327 106
327 23
327 37
327 157
328 89
328 76
328 16
328 19
328 23
328 92
329 66
329 49
329 129
329 117
329 88
329 28
330 73
330 26
330 97
330 77
330 92
330 112
331 7
331 165
331 174
331 103
331 19
331 70
332 14
332 81
332 118
332 72
332 93
332 62
333 181
333 58
333 69
333 81
333 83
333 51
334 70
334 55
334 180
334 83
334 11
334 32
335 120
335 167
335 107
335 151
335 154
335 121
336 0
336 35
336 182
336 74
336 96
336 165
337 5
337 56
337 160
337 92
337 28
337 8
338 61
338 87
338 38
338 24
338 84
338 40
339 104
339 37
339 156
339 171
339 39
339 4
340 1
340 128
340 93
340 19
340 40
340 123
341 82
341 51
341 66
341 111
341 13
341 38
342 148
342 145
342 129
342 165
342 160
342 25
343 150
343 142
343 45
343 138
343 28
343 8
344 26
344 28
344 36
344 170
344 176
344 11
345 10
345 65
345 113
345 75
345 12
345 155
346 98
346 49
346 32
346 10
346 99
346 87
347 65
347 54
347 30
347 3
347 34
347 136
348 70
348 147
348 107
348 118
348 135
348 109
349 140
349 68
349 166
349 56
349 160
349 32
350 53
350 147
350 127
350 142
350 14
350 113
351 100
351 26
351 5
351 96
351 126
351 90
352 124
352 175
352 177
352 149
352 7
352 14
353 60
353 73
353 121
353 81
353 47
353 46
354 105
354 45
354 150
354 148
354 30
354 9
355 13
355 47
355 56
355 157
355 77
355 160
356 35
356 52
356 120
356 16
356 160
356 28
357 24
357 163
357 77
357 120
357 94
357 166
358 139
358 70
358 61
358 38
358 66
358 105
359 84
359 70
359 62
359 53
359 37
359 109
360 181
360 176
360 117
360 87
360 58
360 172
361 53
361 28
361 83
361 110
361 24
361 135
362 131
362 113
362 123
362 150
362 25
362 19
363 61
363 4
363 168
363 171
363 182
363 113
364 13
364 24
364 98
364 165
364 133
364 174
365 88
365 106
365 161
365 130
365 127
365 80
366 89
366 121
366 4
366 62
366 140
366 104
367 34
367 170
367 32
367 109
367 4
367 53
368 20
368 45
368 84
368 118
368 12
368 113
369 121
369 104
369 40
369 34
369 154
369 13
370 20
370 34
370 45
370 118
370 1
370 87
371 6
371 47
371 135
371 107
371 8
371 24
372 31
372 11
372 52
372 176
372 135
372 5
373 143
373 174
373 135
373 24
373 61
373 19
374 123
374 16
374 135
374 62
374 92
374 78
375 81
375 156
375 83
375 107
375 113
375 73
376 82
376 72
376 143
376 165
376 56
376 93
377 90
377 67
377 32
377 45
377 149
377 156
378 144
378 6
378 69
378 14
378 147
378 20
379 174
379 32
379 130
379 73
379 107
379 59
380 30
380 108
380 54
380 133
380 152
380 166
381 154
381 124
381 156
381 54
381 98
381 144
382 19
382 9
382 127
382 11
382 80
382 105
383 62
383 54
383 138
383 93
383 5
383 143
384 156
384 128
384 165
384 168
384 144
384 91
385 171
385 148
385 19
385 96
385 49
385 135
386 102
386 16
386 165
386 47
386 131
386 138
387 102
387 12
387 130
387 158
387 114
387 131
388 165
388 3
388 51
388 59
388 53
388 158
389 160
389 2
389 163
389 150
389 106
389 34
390 54
390 135
390 101
390 114
390 115
390 40
391 25
391 169
391 131
391 34
391 83
391 139
392 173
392 20
392 115
392 50
392 125
392 166
393 126
393 127
393 175
393 102
393 65
393 91
394 41
394 102
394 19
394 45
394 10
394 54
395 174
395 74
395 117
395 154
395 26
395 131
396 113
396 19
396 62
396 14
396 103
396 118
397 10
397 56
397 141
397 154
397 63
397 12
398 59
398 36
398 80
398 15
398 77
398 127
399 180
399 46
399 28
399 26
399 111
399 94
400 74
400 1
400 11
400 160
400 147
400 8
401 180
401 8
401 113
401 139
401 52
401 103
402 154
402 93
402 103
402 143
402 125
402 56
403 99
403 117
403 51
403 154
403 43
403 110
404 24
404 50
404 107
404 39
404 56
404 47
405 182
405 66
405 154
405 56
405 89
405 135
406 74
406 144
406 107
406 39
406 24
406 28
407 183
407 14
407 19
407 168
407 130
407 161
408 113
408 144
408 4
408 111
408 171
408 43
409 11
409 80
409 115
409 20
409 29
409 43
410 140
410 90
410 94
410 1
410 154
410 106
411 147
411 69
411 163
411 145
411 37
411 115
412 34
412 144
412 96
412 183
412 40
412 147
413 138
413 115
413 95
413 132
413 176
413 117
414 34
414 144
414 70
414 20
414 102
414 120
415 46
415 9
415 19
415 98
415 140
415 29
416 72
416 8
416 30
416 174
416 118
416 80
417 62
417 124
417 165
417 37
417 70
417 151
418 150
418 121
418 80
418 133
418 128
418 43
419 141
419 43
419 158
419 69
419 94
419 20
420 148
420 177
420 156
420 165
420 129
420 88
421 86
421 1
421 36
421 30
421 20
421 154
422 141
422 43
422 101
422 132
422 92
422 7
423 85
423 145
423 80
423 51
423 13
423 143
424 106
424 51
424 171
424 163
424 138
424 127
425 5
425 129
425 118
425 124
425 35
425 109
426 138
426 154
426 5
426 19
426 54
426 167
427 48
427 50
427 120
427 66
427 165
427 106
428 80
428 148
428 61
428 82
428 154
428 36
429 19
429 41
429 135
429 163
429 24
429 101
430 165
430 80
430 10
430 45
430 74
430 94
431 72
431 140
431 86
431 103
431 80
431 36
432 80
432 154
432 148
432 156
432 88
432 51
433 167
433 127
433 96
433 113
433 135
433 98
434 54
434 57
434 50
434 70
434 67
434 91
435 155
435 26
435 177
435 115
435 57
435 35
436 90
436 101
436 103
436 67
436 105
436 115
437 69
437 92
437 70
437 114
437 86
437 9
438 110
438 163
438 102
438 30
438 87
438 104
439 110
439 174
439 86
439 157
439 82
439 43
440 148
440 136
440 137
440 92
440 158
440 51
441 24
441 165
441 69
441 98
441 89
441 36
442 47
442 50
442 171
442 77
442 89
442 151
443 180
443 95
443 145
443 161
443 148
443 141
444 36
444 48
444 40
444 141
444 75
444 170
445 21
445 19
445 29
445 128
445 38
445 43
446 108
446 129
446 151
446 19
446 50
446 166
447 123
447 161
447 138
447 131
447 69
447 10
448 54
448 127
448 70
448 104
448 19
448 137
449 137
449 4
449 57
449 101
449 139
449 49
450 144
450 131
450 94
450 77
450 136
450 95
451 154
451 2
451 148
451 49
451 175
451 24
452 13
452 111
452 106
452 116
452 82
452 89
453 180
453 161
453 182
453 136
453 130
453 163
454 120
454 142
454 47
454 181
454 91
454 135
455 144
455 56
455 80
455 181
455 57
455 110
456 137
456 34
456 9
456 114
456 40
456 45
457 154
457 45
457 163
457 85
457 143
457 88
458 171
458 180
458 62
458 60
458 126
458 156
459 174
459 117
459 148
459 11
459 175
459 82
460 168
460 19
460 88
460 89
460 74
460 56
461 36
461 75
461 92
461 91
461 139
461 19
462 14
462 56
462 30
462 91
462 111
462 116
463 126
463 150
463 93
463 171
463 118
463 7
464 89
464 160
464 66
464 138
464 45
464 7
465 19
465 14
465 109
465 126
465 21
465 120
466 165
466 123
466 149
466 19
466 51
466 160
467 113
467 163
467 165
467 140
467 108
467 158
468 135
468 165
468 115
468 34
468 41
468 93
469 165
469 40
469 82
469 37
469 128
469 5
470 129
470 80
470 73
470 43
470 88
470 169
471 51
471 68
471 34
471 167
471 154
471 106
472 35
472 118
472 180
472 151
472 154
472 91
473 49
473 39
473 35
473 7
473 128
473 154
474 103
474 20
474 5
474 80
474 76
474 49
475 111
475 131
475 62
475 160
475 175
475 118
476 167
476 94
476 133
476 48
476 131
476 151
477 101
477 106
477 135
477 29
477 53
477 151
478 11
478 4
478 181
478 110
478 83
478 19
479 111
479 163
479 19
479 155
479 125
479 48
480 40
480 89
480 85
480 167
480 94
480 113
481 118
481 10
481 45
481 67
481 84
481 86
482 12
482 28
482 148
482 9
482 24
482 118
483 24
483 1
483 84
483 93
483 68
483 86
484 141
484 89
484 28
484 46
484 57
484 181
485 163
485 16
485 132
485 39
485 110
485 141
486 171
486 68
486 107
486 65
486 97
486 24
487 95
487 124
487 24
487 40
487 76
487 149
488 11
488 85
488 68
488 80
488 101
488 29
489 25
489 15
489 99
489 180
489 62
489 183
490 121
490 97
490 50
490 140
490 114
490 99
491 24
491 165
491 100
491 120
491 82
491 95
492 100
492 80
492 115
492 54
492 151
492 124
493 34
493 144
493 40
493 2
493 161
493 149
494 99
494 155
494 127
494 25
494 173
494 135
495 155
495 5
495 11
495 148
495 117
495 15
496 72
496 132
496 15
496 135
496 14
496 83
497 150
497 28
497 172
497 85
497 140
497 88
498 163
498 4
498 68
498 148
498 165
498 176
499 133
499 12
499 48
499 43
499 19
499 38
500 106
500 85
500 20
500 2
500 169
500 180
501 19
501 45
501 39
501 129
501 10
501 21
502 40
502 41
502 143
502 19
502 28
502 43
503 76
503 16
503 175
503 60
503 72
503 63
504 9
504 53
504 133
504 155
504 136
504 34
505 151
505 28
505 177
505 24
505 20
505 91
506 68
506 110
506 104
506 46
506 157
506 20
507 102
507 113
507 115
507 47
507 24
507 124
508 75
508 107
508 154
508 72
508 21
508 166
509 90
509 181
509 168
509 110
509 83
509 13
510 140
510 180
510 16
510 70
510 81
510 41
511 43
511 168
511 86
511 25
511 7
511 12
512 10
512 80
512 49
512 163
512 89
512 172
513 144
513 24
513 80
513 139
513 120
513 148
514 99
514 169
514 60
514 50
514 48
514 9
515 95
515 52
515 3
515 54
515 67
515 65
516 60
516 19
516 21
516 1
516 150
516 82
517 155
517 139
517 140
517 130
517 64
517 77
518 116
518 24
518 129
518 182
518 99
518 121
519 143
519 81
519 88
519 165
519 140
519 107
520 156
520 14
520 34
520 43
520 19
520 145
521 166
521 120
521 83
521 45
521 19
521 125
522 9
522 75
522 170
522 11
522 126
522 4
523 140
523 7
523 113
523 135
523 170
523 142
524 165
524 121
524 56
524 126
524 117
524 120
525 107
525 176
525 58
525 160
525 9
525 72
526 135
526 31
526 52
526 80
526 34
526 124
527 113
527 35
527 87
527 21
527 31
527 102
528 98
528 121
528 50
528 155
528 9
528 48
529 167
529 138
529 9
529 121
529 111
529 113
530 110
530 133
530 139
530 51
530 61
530 10
531 148
531 68
531 177
531 124
531 121
531 70
532 148
532 86
532 60
532 73
532 45
532 176
533 56
533 74
533 1
533 156
533 163
533 57
534 165
534 64
534 9
534 167
534 41
534 43
535 94
535 128
535 180
535 19
535 120
535 87
536 127
536 98
536 12
536 34
536 148
536 11
537 62
537 167
537 9
537 64
537 118
537 24
538 113
538 24
538 9
538 62
538 30
538 19
539 52
539 157
539 124
539 19
539 144
539 38
540 68
540 101
540 165
540 84
540 137
540 12
541 110
541 165
541 24
541 39
541 161
541 183
542 31
542 104
542 3
542 166
542 46
542 120
543 81
543 67
543 36
543 30
543 38
543 140
544 19
544 5
544 94
544 118
544 60
544 171
545 97
545 35
545 158
545 151
545 160
545 4
546 121
546 50
546 124
546 61
546 177
546 51
547 59
547 113
547 94
547 34
547 75
547 40
548 124
548 37
548 87
548 168
548 35
548 103
549 7
549 15
549 97
549 51
549 4
549 88
550 80
550 110
550 115
550 113
550 95
550 83
551 43
551 160
551 70
551 48
551 135
551 81
552 110
552 114
552 158
552 118
552 93
552 172
553 113
553 14
553 176
553 74
553 143
553 1
554 102
554 45
554 48
554 148
554 98
554 3
555 168
555 131
555 109
555 43
555 64
555 40
556 56
556 176
556 165
556 107
556 84
556 28
557 117
557 175
557 149
557 3
557 103
557 174
558 56
558 34
558 63
558 35
558 10
558 129
559 99
559 181
559 132
559 93
559 102
559 107
560 2
560 155
560 80
560 107
560 53
560 165
561 121
561 171
561 59
561 3
561 157
561 34
562 9
562 45
562 155
562 43
562 143
562 105
563 68
563 5
563 14
563 72
563 34
563 91
564 56
564 165
564 85
564 67
564 117
564 72
565 15
565 82
565 171
565 80
565 59
565 131
566 114
566 148
566 165
566 35
566 101
566 107
567 45
567 73
567 133
567 34
567 1
567 124
568 110
568 181
568 172
568 129
568 30
568 80
569 19
569 16
569 150
569 105
569 53
569 155
570 75
570 174
570 76
570 56
570 31
570 148
571 19
571 9
571 21
571 50
571 58
571 137
572 48
572 10
572 137
572 97
572 80
572 65
573 50
573 20
573 88
573 148
573 24
573 37
574 37
574 165
574 60
574 128
574 140
574 93
575 88
575 25
575 148
575 67
575 34
575 91
576 182
576 56
576 45
576 3
576 77
576 124
577 126
577 56
577 174
577 132
577 67
577 150
578 172
578 72
578 113
578 165
578 149
578 7
579 63
579 149
579 82
579 75
579 181
579 12
580 31
580 34
580 20
580 103
580 24
580 81
581 174
581 45
581 176
581 80
581 86
581 13
582 7
582 163
582 141
582 53
582 4
582 9
583 127
583 181
583 24
583 91
583 93
583 84
584 31
584 111
584 104
584 7
584 54
584 161
585 124
585 58
585 25
585 127
585 156
585 85
586 108
586 157
586 58
586 81
586 39
586 19
587 169
587 99
587 177
587 121
587 171
587 1
588 89
588 125
588 111
588 61
588 149
588 85
589 45
589 62
589 20
589 48
589 129
589 65
590 9
590 136
590 143
590 59
590 34
590 80
591 52
591 165
591 97
591 125
591 59
591 29
592 177
592 120
592 68
592 15
592 80
592 45
593 54
593 52
593 132
593 24
593 124
593 81
594 94
594 16
594 138
594 51
594 95
594 143
595 174
595 109
595 93
595 155
595 124
595 156
596 3
596 120
596 35
596 135
596 117
596 141
597 25
597 2
597 31
597 145
597 129
597 75
598 85
598 64
598 156
598 169
598 103
598 48
599 12
599 174
599 137
599 35
599 155
599 88
600 143
600 72
600 73
600 149
600 126
600 13
601 10
601 65
601 43
601 181
601 37
601 67
602 19
602 9
602 56
602 128
602 57
602 93
603 65
603 28
603 104
603 166
603 174
603 67
604 128
604 155
604 52
604 10
604 91
604 130
605 155
605 93
605 58
605 24
605 121
605 145
606 4
606 138
606 76
606 7
606 72
606 167
607 124
607 95
607 167
607 161
607 139
607 58
608 73
608 104
608 72
608 25
608 175
608 75
609 102
609 155
609 170
609 28
609 133
609 118
610 111
610 86
610 174
610 26
610 31
610 37
611 1
611 129
611 126
611 19
611 101
611 94
612 82
612 46
612 182
612 13
612 135
612 127
613 160
613 96
613 11
613 130
613 180
613 102
614 175
614 88
614 19
614 13
614 172
614 155
615 163
615 128
615 149
615 76
615 31
615 56
616 85
616 41
616 73
616 113
616 60
616 54
617 25
617 94
617 67
617 149
617 130
617 84
618 34
618 20
618 29
618 172
618 182
618 171
619 20
619 108
619 172
619 144
619 180
619 73
620 39
620 1
620 7
620 142
620 110
620 118
621 109
621 151
621 104
621 51
621 158
621 138
622 3
622 75
622 54
622 5
622 171
622 181
623 149
623 135
623 174
623 35
623 80
623 77
624 34
624 96
624 104
624 35
624 130
624 77
625 16
625 98
625 35
625 80
625 151
625 85
626 5
626 102
626 80
626 110
626 19
626 93
627 139
627 177
627 124
627 19
627 145
627 155
628 50
628 24
628 183
628 169
628 75
628 76
629 156
629 80
629 118
629 1
629 43
629 48
630 143
630 114
630 5
630 73
630 171
630 104
631 39
631 165
631 7
631 10
631 155
631 156
632 53
632 60
632 104
632 95
632 45
632 110
633 149
633 20
633 174
633 175
633 158
633 124
634 77
634 7
634 20
634 133
634 124
634 155
635 149
635 25
635 66
635 60
635 155
635 67
636 20
636 115
636 135
636 120
636 59
636 41
637 117
637 40
637 120
637 143
637 49
637 11
638 163
638 165
638 93
638 4
638 38
638 161
639 16
639 120
639 155
639 19
639 1
639 85
640 35
640 89
640 104
640 126
640 158
640 67
641 13
641 43
641 40
641 124
641 165
641 11
642 126
642 133
642 62
642 144
642 25
642 120
643 1
643 107
643 135
643 77
643 180
643 126
644 86
644 98
644 34
644 156
644 39
644 35
645 149
645 120
645 177
645 137
645 72
645 67
646 82
646 66
646 149
646 67
646 182
646 61
647 175
647 149
647 150
647 93
647 80
647 82
648 128
648 59
648 110
648 101
648 120
648 12
649 180
649 73
649 49
649 140
649 24
649 57
650 72
650 110
650 56
650 81
650 107
650 3
651 24
651 120
651 58
651 144
651 85
651 50
652 158
652 100
652 3
652 104
652 54
652 110
653 57
653 155
653 124
653 158
653 72
653 28
654 86
654 180
654 11
654 110
654 26
654 93
655 110
655 127
655 43
655 156
655 72
655 115
656 40
656 124
656 182
656 155
656 34
656 180
657 59
657 75
657 7
657 38
657 135
657 160
658 126
658 81
658 161
658 127
658 26
658 11
659 73
659 143
659 58
659 84
659 81
659 118
660 107
660 161
660 127
660 45
660 1
660 48
661 80
661 115
661 43
661 181
661 172
661 82
662 100
662 40
662 62
662 9
662 60
662 56
663 25
663 53
663 129
663 81
663 104
663 94
664 124
664 132
664 84
664 160
664 45
664 93
665 161
665 84
665 89
665 91
665 142
665 102
666 25
666 111
666 64
666 10
666 19
666 149
667 145
667 50
667 161
667 15
667 3
667 62
668 59
668 124
668 100
668 72
668 34
668 176
669 50
669 118
669 80
669 31
669 113
669 98
670 127
670 90
670 142
670 28
670 131
670 19
671 161
671 104
671 163
671 110
671 89
671 96
672 161
672 65
672 96
672 3
672 133
672 46
673 81
673 38
673 73
673 161
673 68
673 163
674 163
674 48
674 127
674 95
674 181
674 72
675 75
675 130
675 177
675 167
675 143
675 93
676 149
676 150
676 15
676 49
676 25
676 111
677 169
677 165
677 127
677 10
677 100
677 60
678 124
678 77
678 110
678 108
678 80
678 73
679 126
679 25
679 169
679 156
679 64
679 155
680 68
680 20
680 81
680 60
680 15
680 144
681 124
681 61
681 180
681 52
681 157
681 141
682 99
682 149
682 41
682 160
682 135
682 163
683 62
683 138
683 52
683 140
683 63
683 64
684 163
684 149
684 181
684 5
684 84
684 43
685 170
685 180
685 90
685 72
685 5
685 73
686 114
686 29
686 84
686 115
686 97
686 38
687 20
687 25
687 157
687 160
687 82
687 73
688 31
688 45
688 139
688 84
688 72
688 25
689 167
689 139
689 25
689 16
689 140
689 50
690 118
690 117
690 114
690 120
690 62
690 136
691 124
691 126
691 172
691 85
691 48
691 180
692 139
692 156
692 68
692 167
692 113
692 149
693 126
693 1
693 180
693 84
693 110
693 165
694 43
694 129
694 120
694 61
694 124
694 80
695 40
695 130
695 155
695 91
695 25
695 62
696 76
696 183
696 52
696 139
696 57
696 50
697 73
697 61
697 38
697 128
697 157
697 4
698 166
698 15
698 34
698 149
698 102
698 156
699 7
699 56
699 54
699 34
699 120
699 28
700 136
700 141
700 99
700 149
700 91
700 151
701 10
701 138
701 52
701 107
701 34
701 99
702 73
702 10
702 107
702 108
702 145
702 155
703 138
703 25
703 180
703 114
703 50
703 116
704 100
704 41
704 131
704 107
704 126
704 66
705 10
705 56
705 93
705 126
705 107
705 13
706 90
706 82
706 48
706 180
706 100
706 176
707 68
707 131
707 110
707 181
707 72
707 66
708 136
708 25
708 76
708 142
708 58
708 60
709 35
709 183
709 151
709 180
709 172
709 139
710 149
710 110
710 53
710 59
710 99
710 3
711 25
711 90
711 155
711 158
711 149
711 169
712 110
712 183
712 126
712 135
712 142
712 163
713 150
713 15
713 10
713 60
713 96
713 110
714 165
714 166
714 12
714 102
714 75
714 80
715 31
715 126
715 87
715 76
715 155
715 90
716 104
716 93
716 149
716 120
716 174
716 137
717 140
717 126
717 84
717 64
717 149
717 161
718 126
718 16
718 11
718 39
718 104
718 127
719 86
719 120
719 38
719 160
719 67
719 110
720 137
720 117
720 156
720 53
720 93
720 38
721 144
721 25
721 72
721 75
721 87
721 84
722 34
722 160
722 94
722 138
722 82
722 183
723 75
723 84
723 5
723 11
723 107
723 127
724 13
724 3
724 2
724 58
724 177
724 10
725 135
725 155
725 20
725 15
725 10
725 34
726 113
726 65
726 90
726 84
726 101
726 7
727 156
727 20
727 97
727 150
727 127
727 116
728 41
728 130
728 165
728 10
728 139
728 40
729 127
729 166
729 48
729 160
729 170
729 156
730 61
730 25
730 180
730 113
730 5
730 118
731 166
731 140
731 126
731 65
731 150
731 116
732 56
732 155
732 80
732 20
732 29
732 165
733 29
733 180
733 150
733 34
733 117
733 182
734 25
734 31
734 45
734 120
734 86
734 84
735 43
735 73
735 172
735 181
735 34
735 117
736 117
736 130
736 166
736 91
736 160
736 60
737 48
737 7
737 115
737 73
737 155
737 34
738 113
738 11
738 138
738 43
738 63
738 68
739 114
739 155
739 49
739 66
739 163
739 98
740 3
740 181
740 131
740 80
740 176
740 46
741 57
741 11
741 170
741 127
741 126
741 38
742 43
742 180
742 45
742 98
742 166
742 34
743 48
743 41
743 11
743 107
743 108
743 150
744 43
744 155
744 124
744 34
744 65
744 182
745 53
745 141
745 127
745 31
745 136
745 54
746 174
746 100
746 48
746 180
746 84
746 80
747 180
747 3
747 87
747 91
747 137
747 165
748 20
748 84
748 80
748 7
748 88
748 68
749 48
749 58
749 107
749 157
749 1
749 87
750 126
750 110
750 135
750 85
750 26
750 183
751 43
751 2
751 35
751 150
751 142
751 25
752 107
752 81
752 100
752 102
752 131
752 183
753 56
753 11
753 181
753 31
753 63
753 104
754 57
754 129
754 43
754 7
754 169
754 110
755 39
755 96
755 128
755 180
755 142
755 172
756 81
756 145
756 137
756 176
756 98
756 38
757 2
757 144
757 25
757 96
757 180
757 98
758 20
758 163
758 31
758 1
758 155
758 68
759 7
759 124
759 151
759 20
759 144
759 108
760 107
760 45
760 73
760 50
760 54
760 38
761 76
761 48
761 81
761 118
761 180
761 124
762 183
762 93
762 180
762 67
762 53
762 56
763 86
763 124
763 181
763 61
763 46
763 150
764 25
764 180
764 29
764 96
764 76
764 7
765 161
765 39
765 25
765 29
765 138
765 31
766 115
766 127
766 76
766 38
766 135
766 104
767 104
767 60
767 81
767 180
767 135
767 183
768 100
768 65
768 68
768 110
768 142
768 107
769 107
769 84
769 5
769 127
769 145
769 48
770 11
770 3
770 140
770 61
770 139
770 12
771 13
771 101
771 20
771 150
771 124
771 11
772 40
772 53
772 150
772 7
772 11
772 29
773 132
773 29
773 135
773 40
773 62
773 127
774 174
774 25
774 29
774 11
774 65
774 81
775 29
775 67
775 31
775 11
775 155
775 140
776 4
776 72
776 150
776 54
776 110
776 48
777 61
777 49
777 72
777 77
777 64
777 84
778 124
778 11
778 113
778 177
778 7
778 165
779 84
779 137
779 46
779 31
779 151
779 57
780 117
780 174
780 14
780 81
780 93
780 46
781 67
781 139
781 49
781 51
781 160
781 72
782 86
782 40
782 161
782 77
782 142
782 31
783 136
783 15
783 127
783 116
783 176
783 77
784 158
784 53
784 102
784 97
784 49
784 85
785 11
785 104
785 145
785 161
785 124
785 183
786 113
786 97
786 99
786 25
786 107
786 43
787 53
787 110
787 151
787 77
787 88
787 81
788 181
788 25
788 101
788 2
788 150
788 43
789 127
789 151
789 155
789 180
789 156
789 161
790 26
790 172
790 163
790 20
790 15
790 161
791 91
791 177
791 95
791 29
791 20
791 13
792 132
792 50
792 93
792 165
792 128
792 139
793 183
793 157
793 45
793 25
793 116
793 1
794 127
794 20
794 13
794 100
794 156
794 98
795 51
795 72
795 160
795 25
795 65
795 58
796 102
796 183
796 45
796 168
796 68
796 150
797 151
797 43
797 25
797 77
797 120
797 139
798 1
798 118
798 38
798 180
798 81
798 40
799 135
799 176
799 132
799 35
799 127
799 163
800 64
800 31
800 53
800 183
800 58
800 130
801 81
801 150
801 14
801 155
801 91
801 7
802 39
802 150
802 88
802 45
802 31
802 90
803 58
803 31
803 141
803 120
803 139
803 180
804 12
804 87
804 100
804 11
804 163
804 40
805 14
805 11
805 63
805 100
805 86
805 12
806 111
806 113
806 81
806 155
806 64
806 13
807 15
807 11
807 73
807 51
807 102
807 66
808 1
808 155
808 128
808 11
808 165
808 48
809 150
809 85
809 114
809 183
809 155
809 104
810 160
810 41
810 93
810 116
810 34
810 31
811 72
811 54
811 38
811 51
811 165
811 108
812 118
812 25
812 144
812 111
812 124
812 101
813 51
813 31
813 144
813 124
813 157
813 34
814 56
814 155
814 143
814 57
814 34
814 93
815 168
815 11
815 145
815 172
815 53
815 150
816 114
816 111
816 117
816 129
816 25
816 31
817 172
817 11
817 132
817 35
817 140
817 151
818 157
818 115
818 183
818 139
818 135
818 124
819 72
819 82
819 41
819 136
819 68
819 1
820 117
820 82
820 102
820 25
820 4
820 150
821 48
821 11
821 1
821 53
821 180
821 118
822 131
822 25
822 29
822 135
822 48
822 107
823 34
823 128
823 104
823 25
823 111
823 166
824 72
824 132
824 84
824 73
824 77
824 169
825 176
825 180
825 165
825 85
825 143
825 77
826 68
826 163
826 93
826 166
826 101
826 81
827 54
827 7
827 114
827 46
827 49
827 166
828 15
828 87
828 100
828 38
828 40
828 180
829 64
829 163
829 38
829 72
829 102
829 1
830 95
830 13
830 151
830 139
830 29
830 1
831 49
831 176
831 180
831 51
831 29
831 3
832 20
832 163
832 160
832 155
832 81
832 135
833 157
833 139
833 64
833 172
833 166
833 67
834 85
834 94
834 113
834 4
834 100
834 45
835 63
835 13
835 56
835 93
835 155
835 54
836 137
836 181
836 15
836 43
836 120
836 139
837 25
837 131
837 183
837 127
837 85
837 155
838 172
838 59
838 166
838 31
838 107
838 174
839 25
839 176
839 107
839 124
839 104
839 151
840 4
840 155
840 143
840 144
840 63
840 49
841 135
841 138
841 124
841 120
841 140
841 11
842 38
842 72
842 167
842 183
842 61
842 155
843 132
843 102
843 57
843 93
843 107
843 61
844 31
844 124
844 138
844 61
844 108
844 34
845 172
845 140
845 29
845 34
845 1
845 12
846 67
846 181
846 45
846 114
846 29
846 90
847 15
847 87
847 141
847 155
847 25
847 72
848 85
848 82
848 93
848 20
848 25
848 90
849 131
849 73
849 93
849 176
849 25
849 144
850 117
850 82
850 158
850 127
850 72
850 29
851 25
851 81
851 51
851 68
851 135
851 166
852 2
852 72
852 51
852 4
852 20
852 91
853 90
853 130
853 11
853 84
853 82
853 140
854 51
854 104
854 166
854 127
854 135
854 82
855 169
855 91
855 16
855 45
855 155
855 60
856 72
856 38
856 84
856 54
856 34
856 59
857 172
857 64
857 77
857 155
857 132
857 137
858 163
858 160
858 127
858 87
858 94
858 91
859 1
859 49
859 4
859 124
859 97
859 51
860 86
860 31
860 100
860 114
860 93
860 82
861 11
861 117
861 62
861 107
861 127
861 63
862 93
862 168
862 26
862 58
862 29
862 172
863 72
863 4
863 104
863 135
863 113
863 15
864 97
864 181
864 160
864 51
864 132
864 73
865 138
865 93
865 140
865 11
865 113
865 95
866 138
866 127
866 163
866 20
866 155
866 29
867 137
867 15
867 181
867 34
867 169
867 139
868 13
868 72
868 135
868 124
868 57
868 155
869 54
869 183
869 1
869 135
869 31
869 124
870 111
870 11
870 113
870 60
870 107
870 108
871 155
871 49
871 111
871 127
871 62
871 170
872 38
872 45
872 181
872 139
872 26
872 77
873 26
873 31
873 45
873 163
873 12
873 114
874 25
874 139
874 93
874 117
874 136
874 59
875 49
875 136
875 137
875 40
875 98
875 15
876 11
876 116
876 29
876 40
876 72
876 127
877 111
877 11
877 50
877 31
877 93
877 100
878 172
878 45
878 4
878 20
878 100
878 49
879 68
879 94
879 25
879 181
879 49
879 143
880 176
880 90
880 107
880 136
880 93
880 51
881 108
881 72
881 127
881 111
881 136
881 155
882 77
882 90
882 11
882 96
882 25
882 86
883 176
883 60
883 56
883 63
883 54
883 62
884 54
884 90
884 11
884 155
884 31
884 82
885 82
885 49
885 20
885 86
885 156
885 25
886 116
886 72
886 135
886 127
886 60
886 107
887 51
887 56
887 101
887 174
887 127
887 129
888 167
888 135
888 156
888 97
888 31
888 111
889 156
889 118
889 114
889 7
889 143
889 127
890 104
890 139
890 160
890 41
890 67
890 56
891 38
891 90
891 11
891 12
891 72
891 172
892 139
892 34
892 128
892 45
892 20
892 87
893 111
893 120
893 84
893 90
893 93
893 116
894 129
894 160
894 140
894 82
894 131
894 29
895 135
895 97
895 181
895 117
895 131
895 156
896 160
896 107
896 1
896 49
896 111
896 128
897 38
897 158
897 116
897 51
897 49
897 160
898 108
898 127
898 77
898 107
898 104
898 144
899 140
899 39
899 166
899 172
899 113
899 63
900 156
900 127
900 40
900 34
900 158
900 84
901 4
901 49
901 183
901 82
901 77
901 161
902 143
902 145
902 111
902 183
902 61
902 34
903 172
903 85
903 136
903 145
903 25
903 88
904 120
904 82
904 136
904 25
904 158
904 156
905 72
905 181
905 95
905 4
905 156
905 90
906 127
906 1
906 128
906 49
906 143
906 4
907 65
907 13
907 98
907 104
907 95
907 20
908 34
908 4
908 136
908 58
908 49
908 20
909 57
909 177
909 158
909 170
909 104
909 20
910 158
910 137
910 2
910 166
910 67
910 130
911 139
911 167
911 163
911 158
911 176
911 181
912 120
912 49
912 127
912 161
912 163
912 46
913 15
913 4
913 2
913 174
913 163
913 82
914 4
914 77
914 57
914 15
914 172
914 11
915 77
915 136
915 127
915 93
915 181
915 11
916 136
916 54
916 111
916 183
916 20
916 15
917 95
917 183
917 161
917 82
917 84
917 66
918 1
918 139
918 68
918 84
918 140
918 54
919 102
919 128
919 50
919 104
919 11
919 61
920 163
920 84
920 34
920 94
920 29
920 56
921 2
921 120
921 161
921 163
921 20
921 67
922 63
922 176
922 128
922 50
922 140
922 181
923 181
923 41
923 4
923 45
923 56
923 163
924 2
924 25
924 29
924 116
924 73
924 168
925 181
925 102
925 51
925 26
925 168
925 94
926 136
926 161
926 144
926 90
926 46
926 137
927 120
927 54
927 128
927 107
927 168
927 143
928 104
928 34
928 54
928 20
928 63
928 161
929 20
929 161
929 163
929 11
929 26
929 29
930 86
930 131
930 64
930 128
930 34
930 176
931 25
931 77
931 113
931 128
931 111
931 85
932 84
932 161
932 29
932 25
932 34
932 131
933 66
933 93
933 49
933 35
933 161
933 68
934 56
934 11
934 111
934 16
934 25
934 163
935 94
935 183
935 60
935 29
935 46
935 141
936 161
936 143
936 77
936 67
936 20
936 174
937 128
937 120
937 25
937 51
937 31
937 7
938 68
938 145
938 137
938 29
938 90
938 169
939 177
939 168
939 161
939 114
939 128
939 163
940 161
940 95
940 172
940 11
940 4
940 12
941 100
941 35
941 107
941 177
941 174
941 128
942 168
942 1
942 174
942 117
942 45
942 98
943 104
943 161
943 11
943 49
943 13
943 56
944 12
944 139
944 29
944 5
944 41
944 67
945 13
945 67
945 136
945 111
945 15
945 169
946 161
946 60
946 49
946 63
946 68
946 91
947 113
947 161
947 139
947 82
947 25
947 128
948 144
948 161
948 111
948 45
948 113
948 163
949 140
949 51
949 181
949 120
949 15
949 4
950 12
950 117
950 38
950 72
950 15
950 2
951 141
951 177
951 20
951 128
951 25
951 54
952 128
952 161
952 136
952 111
952 93
952 4
953 111
953 161
953 168
953 77
953 1
953 25
954 128
954 54
954 72
954 12
954 130
954 7
955 25
955 29
955 168
955 161
955 1
955 49
956 4
956 38
956 35
956 128
956 168
956 181
957 20
957 168
957 169
957 72
957 111
957 29
958 120
958 20
958 90
958 161
958 128
958 100
959 12
959 20
959 62
959 128
959 111
959 161
960 174
960 62
960 128
960 98
960 101
960 12
961 128
961 31
961 49
961 168
961 130
961 94
962 120
962 26
962 107
962 77
962 38
962 51
963 49
963 107
963 144
963 169
963 35
963 51
964 26
964 113
964 29
964 161
964 87
964 31
965 68
965 128
965 169
965 161
965 183
965 77
966 174
966 169
966 143
966 176
966 161
966 38
967 98
967 101
967 136
967 118
967 68
967 107
968 68
968 72
968 20
968 26
968 39
968 143
969 161
969 144
969 45
969 72
969 163
969 169
970 1
970 82
970 183
970 66
970 128
970 26
971 172
971 82
971 1
971 16
971 128
971 130
972 113
972 67
972 107
972 169
972 128
972 20
973 113
973 84
973 169
973 26
973 145
973 35
974 84
974 26
974 38
974 137
974 169
974 20
975 141
975 128
975 35
975 145
975 183
975 26
976 176
976 51
976 87
976 68
976 54
976 60
977 29
977 111
977 4
977 15
977 20
977 128
978 111
978 161
978 163
978 169
978 54
978 66
979 41
979 163
979 12
979 143
979 7
979 169
980 139
980 31
980 100
980 169
980 140
980 163
981 117
981 82
981 84
981 90
981 176
981 163
982 169
982 172
982 15
982 176
982 12
982 98
983 137
983 59
983 26
983 73
983 12
983 7
984 67
984 26
984 4
984 77
984 91
984 93
985 111
985 169
985 58
985 172
985 77
985 85
986 5
986 49
986 91
986 172
986 2
986 84
987 86
987 128
987 91
987 77
987 169
987 29
988 169
988 172
988 68
988 51
988 45
988 118
989 100
989 20
989 169
989 77
989 35
989 117
990 15
990 169
990 16
990 102
990 49
990 172
991 90
991 73
991 1
991 136
991 40
991 61
992 20
992 100
992 77
992 73
992 85
992 82
993 46
993 169
993 20
993 35
993 38
993 181
994 12
994 77
994 45
994 35
994 169
994 40
995 144
995 35
995 13
995 82
995 177
995 169
996 15
996 128
996 77
996 169
996 96
996 5
997 94
997 95
997 49
997 29
997 100
997 169
998 65
998 57
998 26
998 172
998 90
998 111
999 101
999 95
999 63
999 77
999 56
999 1
1000 145
1000 169
1000 82
1000 38
1000 172
1000 15
1001 77
1001 144
1001 61
1001 170
1001 82
1001 118
1002 169
1002 35
1002 12
1002 143
1002 174
1002 15
1003 54
1003 84
1003 129
1003 15
1003 29
1003 41
1004 61
1004 96
1004 77
1004 113
1004 26
1004 120
1005 1
1005 169
1005 49
1005 35
1005 54
1005 128
1006 77
1006 128
1006 29
1006 49
1006 20
1006 41
1007 64
1007 12
1007 128
1007 56
1007 38
1007 113
1008 181
1008 140
1008 54
1008 169
1008 174
1008 65
1009 86
1009 128
1009 88
1009 26
1009 130
1009 35
1010 7
1010 82
1010 45
1010 20
1010 116
1010 98
1011 128
1011 169
1011 35
1011 174
1011 57
1011 54
1012 77
1012 87
1012 82
1012 169
1012 56
1012 111
1013 61
1013 107
1013 29
1013 82
1013 169
1013 45
1014 26
1014 60
1014 56
1014 136
1014 41
1014 169
1015 100
1015 86
1015 136
1015 174
1015 31
1015 128
1016 169
1016 101
1016 45
1016 181
1016 38
1016 177
1017 169
1017 35
1017 174
1017 66
1017 12
1017 176
1018 128
1018 169
1018 131
1018 77
1018 15
1018 54
1019 1
1019 26
1019 35
1019 104
1019 77
1019 181
1020 67
1020 174
1020 26
1020 111
1020 12
1020 169
1021 169
1021 26
1021 60
1021 100
1021 177
1021 129
1022 140
1022 131
1022 177
1022 54
1022 35
1022 16
1023 128
1023 114
1023 29
1023 38
1023 4
1023 143
1024 113
1024 45
1024 128
1024 174
1024 88
1024 118
1025 114
1025 29
1025 181
1025 102
1025 1
1025 131
1026 15
1026 136
1026 85
1026 176
1026 49
1026 26
1027 4
1027 54
1027 77
1027 82
1027 56
1027 169
1028 13
1028 82
1028 77
1028 143
1028 20
1028 114
1029 141
1029 45
1029 1
1029 63
1029 64
1029 169
1030 7
1030 107
1030 77
1030 143
1030 169
1030 38
1031 85
1031 143
1031 77
1031 35
1031 82
1031 129
1032 84
1032 113
1032 59
1032 169
1032 41
1032 35
1033 174
1033 77
1033 87
1033 20
1033 26
1033 13
1034 139
1034 26
1034 4
1034 169
1034 40
1034 113
1035 102
1035 64
1035 82
1035 113
1035 20
1035 7
1036 54
1036 29
1036 77
1036 131
1036 169
1036 129
1037 38
1037 101
1037 87
1037 177
1037 145
1037 13
1038 54
1038 77
1038 95
1038 38
1038 101
1038 13
1039 130
1039 93
1039 1
1039 140
1039 26
1039 143
1040 94
1040 54
1040 169
1040 41
1040 174
1040 20
1041 136
1041 176
1041 139
1041 7
1041 102
1041 38
1042 101
1042 13
1042 129
1042 40
1042 144
1042 169
1043 77
1043 67
1043 26
1043 82
1043 118
1043 170
1044 107
1044 100
1044 13
1044 170
1044 102
1044 77
1045 1
1045 59
1045 174
1045 82
1045 84
1045 26
1046 177
1046 144
1046 85
1046 116
1046 170
1046 31
1047 129
1047 131
1047 82
1047 113
1047 35
1047 116
1048 136
1048 88
1048 38
1048 170
1048 174
1048 63
1049 176
1049 35
1049 45
1049 104
1049 65
1049 170
1050 65
1050 58
1050 170
1050 94
1050 13
1050 45
1051 170
1051 26
1051 82
1051 107
1051 174
1051 13
1052 54
1052 88
1052 68
1052 64
1052 174
1052 170
1053 35
1053 26
1053 1
1053 57
1053 170
1053 82
1054 60
1054 107
1054 7
1054 129
1054 26
1054 2
1055 129
1055 144
1055 58
1055 96
1055 82
1055 131
1056 170
1056 174
1056 29
1056 129
1056 114
1056 31
1057 144
1057 139
1057 15
1057 1
1057 7
1057 29
1058 139
1058 129
1058 116
1058 174
1058 136
1058 49
1059 82
1059 136
1059 84
1059 56
1059 176
1059 107
1060 1
1060 13
1060 54
1060 29
1060 46
1060 177
1061 31
1061 176
1061 58
1061 39
1061 29
1061 98
1062 129
1062 131
1062 65
1062 85
1062 139
1062 174
1063 65
1063 113
1063 85
1063 174
1063 46
1063 100
1064 107
1064 57
1064 100
1064 117
1064 93
1064 29
1065 29
1065 65
1065 174
1065 1
1065 129
1065 60
1066 85
1066 46
1066 174
1066 49
1066 7
1066 104
1067 174
1067 141
1067 45
1067 93
1067 176
1067 35
1068 1
1068 90
1068 177
1068 4
1068 129
1068 136
1069 129
1069 136
1069 58
1069 174
1069 85
1069 137
1070 1
1070 29
1070 113
1070 46
1070 49
1070 129
1071 174
1071 60
1071 176
1071 1
1071 54
1071 29
1072 113
1072 174
1072 35
1072 176
1072 38
1072 7
1073 13
1073 62
1073 56
1073 174
1073 136
1073 177
1074 29
1074 45
1074 85
1074 62
1074 137
1074 91
1075 68
1075 5
1075 29
1075 7
1075 85
1075 1
1076 85
1076 1
1076 117
1076 174
1076 86
1076 177
1077 29
1077 130
1077 31
1077 13
1077 177
1077 136
1078 4
1078 177
1078 116
1078 88
1078 29
1078 114
1079 88
1079 177
1079 85
1079 1
1079 4
1079 13
1080 46
1080 116
1080 91
1080 93
1080 129
1080 136
1081 45
1081 85
1081 177
1081 65
1081 40
1081 137
1082 59
1082 56
1082 40
1082 85
1082 29
1082 129
1083 29
1083 113
1083 7
1083 101
1083 58
1083 177
1084 98
1084 177
1084 29
1084 56
1084 31
1084 1
1085 177
1085 144
1085 93
1085 2
1085 85
1085 91
1086 145
1086 90
1086 177
1086 129
1086 85
1086 13
1087 68
1087 63
1087 85
1087 15
1087 137
1087 2
1088 177
1088 85
1088 2
1088 4
1088 86
1088 129
1089 85
1089 2
1089 177
1089 13
1089 129
1089 86
1090 85
1090 129
1090 136
1090 15
1090 38
1090 95
1091 145
1091 114
1091 177
1091 85
1091 129
1091 102
1092 39
1092 145
1092 130
1092 136
1092 177
1092 140
1093 90
1093 177
1093 56
1093 2
1093 45
1093 130
1094 130
1094 95
1094 85
1094 35
1094 31
1094 38
1095 95
1095 13
1095 104
1095 136
1095 177
1095 56
1096 2
1096 85
1096 177
1096 117
1096 86
1096 56
1097 4
1097 45
1097 38
1097 49
1097 113
1097 90
1098 136
1098 140
1098 15
1098 85
1098 93
1098 31
1099 85
1099 5
1099 177
1099 15
1099 136
1099 93
1100 107
1100 93
1100 31
1100 38
1100 40
1100 2
1101 130
1101 177
1101 136
1101 2
1101 137
1101 85
1102 130
1102 177
1102 31
1102 2
1102 4
1102 7
1103 90
1103 102
1103 4
1103 57
1103 116
1103 7
1104 2
1104 177
1104 139
1104 113
1104 4
1104 86
1105 2
1105 7
1105 66
1105 15
1105 49
1105 85
1106 38
1106 91
1106 85
1106 2
1106 177
1106 4
1107 39
1107 102
1107 2
1107 177
1107 41
1107 46
1108 4
1108 7
1108 101
1108 102
1108 85
1108 86
1109 60
1109 98
1109 4
1109 90
1109 56
1109 40
1110 118
1110 85
1110 7
1110 86
1110 4
1110 136
1111 85
1111 130
1111 113
1111 4
1111 86
1111 136
1112 49
1112 4
1112 145
1112 7
1112 57
1112 98
1113 130
1113 94
1113 7
1113 38
1113 95
1113 5
1114 5
1114 39
1114 41
1114 85
1114 15
1114 136
1115 15
1115 39
1115 56
1115 91
1115 41
1115 46
1116 90
1116 39
1116 15
1116 41
1116 49
1116 130
1117 90
1117 5
1117 56
1117 39
1117 7
1117 15
1118 139
1118 130
1118 113
1118 85
1118 39
1118 5
1119 5
1119 7
1119 39
1119 85
1119 56
1119 41
1120 117
1120 98
1120 39
1120 136
1120 5
1120 7
1121 136
1121 15
1121 49
1121 130
1121 145
1121 5
1122 39
1122 113
1122 85
1122 7
1122 130
1122 117
1123 5
1123 7
1123 15
1123 39
1123 85
1123 41
1124 5
1124 7
1124 15
1124 40
1124 41
1124 46
1125 5
1125 85
1125 39
1125 144
1125 7
1125 41
1126 113
1126 46
1126 57
1126 15
1126 56
1126 66
1127 5
1127 7
1127 15
1127 130
1127 56
1127 49
1128 15
1128 5
1128 7
1128 136
1128 39
1128 41
1129 15
1129 85
1129 46
1129 130
1129 39
1129 86
1130 130
1130 57
1130 116
1130 5
1130 68
1130 59
1131 5
1131 15
1131 39
1131 41
1131 46
1131 57
1132 15
1132 5
1132 94
1132 61
1132 136
1132 85
1133 40
1133 57
1133 5
1133 66
1133 113
1133 116
1134 57
1134 5
1134 66
1134 15
1134 62
1134 39
1135 15
1135 101
1135 39
1135 57
1135 5
1135 41
1136 116
1136 39
1136 41
1136 46
1136 57
1136 85
1137 144
1137 5
1137 15
1137 136
1137 85
1137 86
1138 5
1138 39
1138 15
1138 114
1138 41
1138 85
1139 85
1139 57
1139 65
1139 5
1139 95
1139 15
1140 5
1140 15
1140 57
1140 136
1140 137
1140 39
1141 39
1141 130
1141 104
1141 94
1141 144
1141 90
1142 5
1142 140
1142 86
1142 40
1142 15
1142 41
1143 139
1143 40
1143 15
1143 86
1143 41
1143 61
1144 40
1144 41
1144 95
1144 46
1144 57
1144 59
1145 40
1145 86
1145 41
1145 144
1145 46
1145 90
1146 46
1146 114
1146 90
1146 40
1146 65
1146 130
1147 98
1147 40
1147 41
1147 46
1147 145
1147 57
1148 114
1148 40
1148 41
1148 130
1148 144
1148 86
1149 40
1149 145
1149 57
1149 104
1149 130
1149 59
1150 40
1150 41
1150 130
1150 57
1150 86
1150 46
1151 40
1151 86
1151 94
1151 117
1151 62
1151 46
1152 40
1152 100
1152 41
1152 46
1152 94
1152 57
1153 86
1153 41
1153 137
1153 46
1153 65
1153 57
1154 98
1154 86
1154 90
1154 41
1154 100
1154 130
1155 86
1155 41
1155 130
1155 46
1155 114
1155 98
1156 114
1156 41
1156 46
1156 57
1156 59
1156 60
1157 114
1157 130
1157 41
1157 46
1157 57
1157 61
1158 41
1158 46
1158 57
1158 118
1158 114
1158 59
1159 41
1159 46
1159 57
1159 59
1159 114
1159 60
1160 86
1160 41
1160 114
1160 100
1160 46
1160 117
1161 58
1161 41
1161 137
1161 46
1161 130
1161 60
1162 130
1162 86
1162 41
1162 144
1162 90
1162 95
1163 46
1163 41
1163 57
1163 59
1163 130
1163 90
1164 41
1164 90
1164 65
1164 86
1164 95
1164 144
1165 41
1165 46
1165 130
1165 57
1165 86
1165 116
1166 144
1166 86
1166 68
1166 41
1166 57
1166 116
1167 41
1167 95
1167 46
1167 130
1167 57
1167 59
1168 130
1168 98
1168 41
1168 57
1168 59
1168 137
1169 57
1169 116
1169 100
1169 41
1169 59
1169 60
1170 116
1170 41
1170 90
1170 57
1170 130
1170 65
1171 41
1171 57
1171 86
1171 59
1171 60
1171 91
1172 41
1172 57
1172 59
1172 91
1172 60
1172 130
1173 41
1173 57
1173 130
1173 59
1173 60
1173 116
1174 130
1174 139
1174 57
1174 102
1174 59
1174 137
1175 86
1175 118
1175 57
1175 59
1175 60
1175 62
1176 57
1176 61
1176 91
1176 130
1176 68
1176 64
1177 57
1177 95
1177 61
1177 64
1177 66
1177 68
1178 86
1178 57
1178 95
1178 98
1178 137
1178 61
1179 57
1179 61
1179 64
1179 66
1179 68
1179 130
1180 57
1180 61
1180 64
1180 66
1180 68
1180 86
1181 57
1181 61
1181 64
1181 66
1181 68
1181 95
1182 57
1182 61
1182 64
1182 95
1182 86
1182 66
1183 57
1183 130
1183 116
1183 118
1183 61
1183 64
1184 86
1184 95
1184 57
1184 65
1184 61
1184 116
1185 57
1185 116
1185 61
1185 86
1185 95
1185 64
1186 57
1186 61
1186 68
1186 64
1186 66
1186 95
1187 140
1187 116
1187 57
1187 144
1187 61
1187 64
1188 58
1188 95
1188 61
1188 65
1188 98
1188 68
1189 58
1189 95
1189 61
1189 64
1189 66
1189 137
1190 58
1190 137
1190 61
1190 64
1190 66
1190 68
1191 61
1191 140
1191 58
1191 64
1191 95
1191 104
1192 58
1192 61
1192 116
1192 137
1192 64
1192 66
1193 58
1193 61
1193 64
1193 130
1193 66
1193 68
1194 58
1194 95
1194 98
1194 100
1194 102
1194 61
1195 130
1195 58
1195 61
1195 64
1195 66
1195 68
1196 58
1196 61
1196 64
1196 68
1196 66
1196 130
1197 98
1197 116
1197 61
1197 58
1197 95
1197 130
1198 68
1198 58
1198 98
1198 139
1198 61
1198 64
1199 58
1199 61
1199 130
1199 98
1199 64
1199 68
1200 137
1200 116
1200 58
1200 61
1200 64
1200 98
1201 98
1201 100
1201 144
1201 58
1201 61
1201 116
1202 58
1202 61
1202 64
1202 68
1202 100
1202 102
1203 100
1203 102
1203 58
1203 104
1203 116
1203 118
1204 58
1204 61
1204 137
1204 64
1204 68
1204 100
1205 58
1205 137
1205 61
1205 139
1205 64
1205 100
1206 137
1206 139
1206 58
1206 61
1206 141
1206 64
1207 58
1207 61
1207 144
1207 64
1207 68
1207 137
1208 100
1208 58
1208 61
1208 144
1208 64
1208 68
1209 58
1209 139
1209 61
1209 64
1209 68
1209 100
1210 100
1210 116
1210 58
1210 61
1210 118
1210 64
1211 100
1211 102
1211 104
1211 64
1211 116
1211 118
1212 65
1212 137
1212 100
1212 61
1212 102
1212 104
1213 139
1213 58
1213 61
1213 65
1213 68
1213 100
1214 139
1214 140
1214 58
1214 117
1214 100
1214 61
1215 61
1215 65
1215 68
1215 116
1215 100
1215 102
1216 100
1216 61
1216 102
1216 68
1216 104
1216 116
1217 62
1217 139
1217 144
1217 100
1217 68
1217 102
1218 62
1218 68
1218 117
1218 100
1218 104
1218 118
1219 62
1219 68
1219 100
1219 139
1219 104
1219 116
1220 116
1220 62
1220 68
1220 118
1220 100
1220 104
1221 62
1221 116
1221 118
1221 68
1221 100
1221 104
1222 100
1222 62
1222 68
1222 104
1222 116
1222 118
1223 62
1223 68
1223 139
1223 100
1223 104
1223 116
1224 62
1224 104
1224 68
1224 144
1224 100
1224 116
1225 100
1225 62
1225 104
1225 116
1225 118
1225 140
1226 116
1226 62
1226 141
1226 118
1226 100
1226 104
1227 62
1227 100
1227 104
1227 116
1227 118
1227 140
1228 62
1228 100
1228 104
1228 116
1228 140
1228 118
1229 140
1229 62
1229 101
1229 104
1229 116
1229 144
1230 101
1230 62
1230 104
1230 116
1230 118
1230 140
1231 62
1231 101
1231 104
1231 140
1231 116
1231 118
1232 62
1232 101
1232 104
1232 116
1232 118
1232 140
1233 101
1233 62
1233 116
1233 118
1233 140
1233 144
1234 62
1234 101
1234 116
1234 140
1234 118
1234 144
1235 62
1235 101
1235 140
1235 116
1235 118
1235 145
1236 62
1236 101
1236 116
1236 118
1236 140
1236 145
1237 62
1237 101
1237 116
1237 118
1237 140
1237 145
1238 140
1238 62
1238 116
1238 101
1238 118
1238 145
1239 62
1239 117
1239 140
1239 118
1239 101
1239 145
1240 117
1240 62
1240 118
1240 101
1240 140
1240 145
1241 62
1241 101
1241 117
1241 118
1241 140
1241 145
1242 62
1242 101
1242 140
1242 145
1242 117
1242 118
1243 140
1243 62
1243 101
1243 145
1243 117
1243 118
1244 101
1244 117
1244 62
1244 140
1244 118
1244 145
1245 62
1245 101
1245 117
1245 140
1245 118
1245 145
1246 140
1246 62
1246 101
1246 145
1246 117
1246 118
1247 140
1247 117
1247 145
1247 62
1247 101
1248 117
1248 62
1248 140
1248 145
1249 145
1249 62
1249 117
1249 140
1250 117
1250 140
1250 145
1250 62
1251 62
1251 140
1251 117
1251 145
1252 117
1252 62
1252 141
1252 145
1253 117
1253 141
1253 145
1254 117
1254 141
1254 145
1255 117
1255 141
1255 145
1256 117
1256 141
1256 145
1257 117
1257 141
1257 145
1258 117
1258 141
1258 145
1259 117
1259 141
1259 145
1260 141
1260 117
1260 145
1261 117
1261 141
1261 145
1262 117
1262 141
1262 145
1263 117
1263 145
1264 117
1264 145
1265 117
1265 145
1266 117
1266 145
1267 145
1268 145
1269 145
1270 145
1271 145
1272 145
