0 91
0 297
0 120
0 218

1 241
1 112
1 179
1 170
1 232

2 58
2 465
2 83
2 505
2 34
2 56

3 138
3 44
3 207
3 97
3 232

4 157
4 27
4 40
4 46

5 103
5 446
5 78

6 252
6 222
6 419
6 511
6 203

7 280
7 198
7 373
7 349
7 172
7 365

8 370
8 20

9 312
9 96
9 323

10 378
10 169
10 295
10 98
10 3

11 519
11 433
11 520
11 260

12 306
12 270
12 10
12 55
12 56
12 453

13 222
13 47

14 282
14 309

15 343
15 454
15 192
15 300

16 444
16 452
16 447

17 81
17 310
17 499
17 276

18 74
18 116
18 33
18 474

19 158
19 401
19 105
19 52
19 109
19 294

20 292
20 46
20 87
20 503
20 335
20 262

21 377
21 91
21 525
21 277

22 523
22 257
22 261
22 19
22 86

23 314
23 361
23 224
23 453
23 89

24 160
24 279
24 508
24 9
24 86
24 21

25 316
25 183
25 434
25 67

26 291
26 21

27 465
27 207
27 511
27 358

28 26
28 23
28 60
28 359
28 228

29 217
29 75
29 130
29 61
29 7

30 376
30 351
30 123
30 261

31 341
31 509
31 403
31 329

32 337
32 159
32 214
32 77
32 275

33 140
33 77
33 46
33 85
33 300
33 163

34 71
34 25
34 31
34 43
34 128
34 115

35 325
35 135
35 270

36 366
36 257
36 249
36 115
36 25

37 203
37 405
37 205
37 209
37 144

38 423
38 27
38 218
38 411
38 23

39 383
39 270
39 111
39 212
39 250

40 430
40 323
40 238
40 262
40 498
40 114

41 519
41 518

42 364
42 340
42 342
42 319

43 217
43 191
43 417
43 383

44 47
44 448
44 71
44 173

45 1
45 212
45 7
45 27
45 245
45 352

46 69
46 59

47 117
47 411

48 138
48 68
48 39
48 213

49 132
49 276
49 410
49 462

50 417
50 336
50 205
50 25

51 287
51 47
51 91

52 2
52 109
52 11
52 330
52 12

53 83
53 125
53 82
53 511

54 282
54 2
54 312
54 25

55 448
55 56
55 207
55 9

56 20
56 50

57 57
57 377

58 176
58 20
58 119

59 191
59 40
59 204

60 57
60 10

61 486
61 304
61 276

62 343
62 485
62 2
62 468

63 524
63 203
63 245
63 145

64 9
64 24
64 12
64 28
64 95

65 426
65 144

66 131
66 114

67 487
67 286

68 247
68 258
68 179

69 275
69 386
69 115
69 175

70 498
70 52
70 204
70 266

71 309
71 138
71 117
71 118
71 23
71 294

72 507
72 284
72 126
72 54

73 100
73 116

74 140
74 59
74 368
74 131
74 147
74 200

75 7
75 384
75 192

76 253
76 367
76 249
76 339
76 191
76 511

77 469
77 233
77 470
77 442
77 357

78 154
78 160
78 97

79 410
79 4
79 423
79 171
79 127
79 301

80 356
80 234
80 247

81 424
81 475

82 446
82 347
82 80
82 173
82 316
82 113

83 311
83 259
83 253
83 179
83 272
83 302

84 308
84 236
84 143

85 454
85 30

86 222
86 132
86 419
86 87

87 85
87 411
87 488

88 514
88 343

89 469
89 168
89 110

90 362
90 71
90 32
90 314

91 419
91 85
91 223

92 15
92 7

93 468
93 196
93 25
93 150
93 418
93 55

94 130
94 159
94 60
94 338
94 374
94 41

95 470
95 501
95 491
95 69
95 44
95 17

96 505
96 125
96 200
96 279
96 408
96 302

97 113
97 294
97 285

98 136
98 119

99 84
99 236
99 307
99 133
99 2

100 339
100 141
100 309

101 88
101 272

102 143
102 243
102 12

103 311
103 478
103 440
103 429

104 210
104 68
104 10
104 155
104 40

105 514
105 326

106 83
106 206
106 203
106 374
106 13
106 521

107 100
107 17
107 114
107 181

108 491
108 247
108 249
108 132
108 386

109 400
109 180
109 117
109 313

110 431
110 215

111 288
111 40
111 86
111 204

112 121
112 191

113 485
113 478
113 350
113 47

114 257
114 409
114 12
114 171
114 212

115 194
115 248

116 387
116 397
116 465
116 130

117 329
117 166
117 314
117 103
117 426
117 82

118 219
118 85
118 165

119 104
119 350
119 19
119 137
119 196
119 117

120 424
120 136
120 345
120 365
120 11
120 265

121 5
121 103
121 7
121 58
121 98
121 4

122 495
122 434
122 160
122 315
122 446
122 245

123 127
123 231
123 107
123 217
123 200
123 135

124 505
124 107

125 475
125 463

126 138
126 83
126 70
126 433
126 203

127 173
127 371
127 117
127 62
127 209
127 121

128 360
128 198
128 363
128 314
128 310
128 272

129 31
129 281
129 100

130 150
130 390
130 255
130 147

131 485
131 322
131 28
131 25

132 278
132 264
132 335
132 12

133 42
133 32

134 322
134 386
134 248
134 110
134 79
134 270

135 450
135 263
135 169
135 257
135 351

136 417
136 182
136 207
136 247
136 77

137 60
137 101
137 158
137 462
137 50
137 239

138 207
138 431
138 50
138 141
138 87

139 125
139 111
139 25
139 54
139 322
139 17

140 296
140 185

141 322
141 175
141 154

142 60
142 255
142 195
142 328

143 110
143 16
143 473
143 8
143 171
143 15

144 151
144 228
144 158
144 117
144 175
144 57

145 342
145 92
145 136
145 98

146 409
146 3
146 72

147 47
147 24
147 295

148 287
148 37
148 111
148 218
148 259

149 448
149 193
149 450

150 235
150 201
150 29

151 101
151 34
151 66
151 523
151 124
151 41

152 179
152 304
152 157
152 81
152 199
152 90

153 45
153 169
153 96

154 58
154 122
154 68

155 326
155 66
155 283
155 522
155 17

156 490
156 352
156 518
156 521

157 422
157 477

158 472
158 258
158 76

159 160
159 184
159 296
159 233

160 135
160 75
160 363
160 200
160 96
160 187

161 295
161 84
161 80

162 354
162 60
162 64
162 146
162 267

163 226
163 452

164 145
164 43
164 225
164 62
164 396
164 173

165 278
165 24
165 350

166 472
166 12

167 73
167 331
167 11
167 411
167 94
167 152

168 349
168 351

169 52
169 36
169 142
169 92
169 263
169 205

170 91
170 274
170 148

171 317
171 11

172 120
172 26
172 6

173 157
173 65
173 168
173 33
173 184
173 225

174 510
174 57
174 349
174 455

175 264
175 110
175 211
175 445
175 37

176 404
176 52
176 44
176 350

177 147
177 122
177 130
177 44
177 117

178 342
178 356
178 275
178 392
178 248
178 55

179 9
179 190

180 90
180 21
180 11
180 230
180 93
180 44

181 518
181 166

182 343
182 227

183 518
183 101
183 434
183 302
183 85
183 206

184 128
184 448

185 284
185 74
185 430

186 342
186 63

187 395
187 484
187 20

188 253
188 466
188 254

189 251
189 334

190 357
190 52
190 456
190 202

191 397
191 283
191 484

192 104
192 82
192 121

193 254
193 283
193 170

194 279
194 482

195 327
195 243

196 511
196 477
196 474
196 271

197 206
197 182
197 169
197 220

198 187
198 162
198 80
198 427
198 130

199 515
199 168
199 171
199 421
199 352

200 194
200 131
200 52
200 348
200 277

201 238
201 75
201 118
201 234

202 215
202 68
202 5
202 62
202 111

203 215
203 87
203 85

204 111
204 168
204 77
204 245
204 235

205 107
205 200
205 415
205 108

206 96
206 291
206 77

207 475
207 292

208 5
208 343
208 45
208 9

209 234
209 445
209 122
209 21
209 388

210 524
210 100
210 214
210 19

211 317
211 252

212 326
212 191
212 338
212 407
212 294

213 247
213 212
213 183
213 108
213 106

214 270
214 204
214 18
214 490
214 360

215 500
215 480
215 378
215 21
215 423

216 142
216 77
216 58
216 328
216 60

217 194
217 155
217 53
217 204
217 381

218 216
218 353
218 126
218 190
218 92
218 26

219 455
219 335
219 42

220 165
220 152
220 394
220 25

221 219
221 8
221 504
221 104
221 99

222 208
222 142

223 139
223 180
223 43
223 69
223 112
223 44

224 409
224 10
224 273
224 346

225 361
225 276
225 205

226 447
226 236

227 288
227 450
227 17
227 58
227 154

228 199
228 267
228 149

229 510
229 23
229 502

230 419
230 519
230 227
230 130

231 445
231 378

232 214
232 91
232 187

233 100
233 331

234 197
234 60
234 38
234 473
234 159

235 167
235 506
235 191

236 423
236 107

237 357
237 200
237 2
237 152
237 254
237 237

238 132
238 104
238 204

239 307
239 423
239 32
239 50
239 452

240 400
240 445
240 358
240 72
240 516

241 161
241 159
241 227
241 347
241 209
241 36

242 3
242 62
242 77
242 70

243 126
243 103

244 472
244 16
244 447
244 152
244 425
244 250

245 249
245 379
245 183

246 213
246 248

247 233
247 166

248 222
248 223
248 60
248 41
248 466
248 295

249 459
249 385
249 408
249 371
249 306

250 469
250 167

251 169
251 82
251 281
251 36

252 224
252 402
252 439
252 153
252 383
252 69

253 269
253 466
253 102
253 55
253 11
253 408

254 288
254 405
254 330

255 183
255 84
255 42
255 127

256 504
256 27

257 28
257 134
257 351

258 421
258 236
258 155
258 44
258 431
258 259

259 300
259 219
259 246
259 392
259 262
259 244

260 114
260 119
260 499
260 54
260 148

261 271
261 3
261 10

262 125
262 126
262 67

263 157
263 48

264 256
264 412
264 207
264 131
264 112
264 136

265 445
265 115
265 359
265 396
265 251

266 399
266 523
266 443
266 236

267 16
267 75
267 18
267 13

268 438
268 200
268 143

269 73
269 31
269 428

270 98
270 47
270 504
270 298
270 48
270 437

271 169
271 23

272 328
272 117
272 41

273 188
273 10
273 372
273 21
273 184
273 163

274 168
274 200
274 119
274 285
274 242
274 24

275 147
275 230
275 39
275 288

276 129
276 148
276 255
276 20

277 465
277 77
277 40

278 72
278 198
278 121
278 353

279 449
279 6
279 101
279 93
279 301

280 145
280 333

281 196
281 33
281 219
281 391

282 39
282 51

283 76
283 19
283 42

284 296
284 272

285 38
285 146
285 350

286 405
286 254
286 354
286 83
286 365

287 318
287 346
287 359
287 286
287 349

288 112
288 63

289 323
289 212

290 247
290 246
290 370
290 50

291 215
291 166
291 309
291 46

292 96
292 303
292 301

293 275
293 492
293 22
293 50
293 266
293 134

294 336
294 44

295 406
295 395
295 323
295 341
295 141
295 293

296 4
296 6
296 429

297 461
297 210
297 49

298 174
298 72

299 23
299 212
299 27
299 114

300 191
300 81
300 58

301 412
301 196
301 58
301 94
301 382

302 487
302 375
302 107
302 391

303 381
303 44
303 159
303 332
303 391
303 121

304 503
304 357
304 45

305 2
305 302
305 48
305 186
305 151

306 352
306 225
306 15
306 28
306 119

307 452
307 473

308 207
308 181

309 71
309 445

310 127
310 108

311 85
311 149
311 439

312 92
312 186
312 34
312 462
312 29

313 155
313 306

314 139
314 3
314 256
314 427
314 323

315 408
315 279

316 395
316 225

317 337
317 353
317 467
317 150
317 340
317 23

318 249
318 314
318 437
318 87
318 413
318 109

319 265
319 183
319 65
319 245

320 513
320 56
320 133
320 526
320 396
320 454

321 212
321 283
321 261
321 248
321 26

322 31
322 9

323 303
323 481
323 368
323 125
323 290
323 106

324 171
324 453
324 99

325 404
325 482
325 419
325 475
325 387
325 242

326 136
326 61
326 324
326 96
326 115

327 513
327 423
327 279

328 111
328 48
328 375
328 158
328 18

329 424
329 462
329 260

330 104
330 50
330 67
330 192
330 184

331 7
331 24

332 224
332 397

333 429
333 100

334 80
334 115
334 368
334 103
334 108

335 159
335 276
335 23
335 21

336 482
336 350
336 164
336 173
336 474

337 86
337 244
337 69
337 377
337 120

338 35
338 184
338 159
338 305
338 520
338 13

339 344
339 13
339 101
339 111
339 279
339 310

340 183
340 112
340 72
340 437
340 89

341 508
341 362
341 501
341 172
341 430
341 223

342 161
342 68
342 109
342 106
342 440

343 447
343 176
343 274
343 230
343 192
343 365

344 347
344 272
344 224
344 273
344 321

345 508
345 109

346 467
346 344
346 92
346 241

347 360
347 50
347 257
347 392
347 457
347 278

348 317
348 368
348 82

349 257
349 226
349 267
349 66
349 223

350 279
350 476
350 97
350 76

351 429
351 67
351 335
351 92

352 276
352 297
352 163

353 491
353 55
353 257
353 483

354 176
354 126
354 56
354 263

355 452
355 407
355 204

356 299
356 359
356 8
356 232

357 11
357 163
357 15
357 242
357 403
357 440

358 363
358 125

359 350
359 185
359 310
359 213
359 283
359 264

360 307
360 501

361 297
361 120
361 146
361 69

362 166
362 107
362 10
362 458

363 270
363 250
363 39
363 296

364 198
364 380

365 105
365 108
365 418
365 335
365 414
365 231

366 414
366 251
366 484
366 346

367 43
367 211
367 33

368 140
368 115

369 136
369 214
369 18
369 83

370 159
370 93

371 170
371 245
371 101
371 273
371 301
371 54

372 501
372 379
372 324
372 361
372 226

373 58
373 38
373 61
373 7

374 134
374 227

375 395
375 363
375 59

376 4
376 26
376 106
376 39
376 21
376 386

377 214
377 75
377 279

378 181
378 227

379 199
379 494
379 272
379 160

380 504
380 320
380 284
380 376
380 190

381 302
381 436
381 88
381 339

382 52
382 80
382 98
382 28

383 101
383 354
383 213
383 404

384 293
384 103
384 202
384 78
384 399
384 18

385 63
385 21
385 119
385 6
385 53

386 21
386 49
386 183

387 235
387 56
387 272
387 498
387 188

388 18
388 8
388 9
388 118

389 387
389 186
389 336

390 140
390 28
390 454
390 11

391 20
391 38

392 260
392 251
392 223
392 258
392 211
392 94

393 113
393 175
393 395
393 168

394 288
394 13
394 65
394 5

395 526
395 205

396 91
396 180

397 461
397 285

398 304
398 331
398 78
398 14
398 364

399 265
399 333

400 455
400 382

401 94
401 310
401 70
401 52
401 380
401 418

402 421
402 20
402 184

403 403
403 116

404 516
404 13
404 469
404 14
404 378
404 95

405 253
405 166
405 526
405 231

406 415
406 24
406 117
406 459

407 514
407 237

408 21
408 30
408 245
408 7
408 256

409 422
409 152

410 60
410 91

411 231
411 228

412 62
412 73

413 337
413 454

414 376
414 168
414 343
414 138
414 20

415 20
415 65
415 115

416 196
416 35
416 481
416 357

417 84
417 4

418 427
418 83
418 68

419 33
419 41
419 2

420 324
420 240
420 192
420 377
420 106
420 54

421 253
421 290
421 174

422 258
422 351
422 205
422 316
422 110
422 199

423 402
423 459

424 470
424 89
424 457
424 480

425 115
425 229
425 156

426 25
426 159
426 20
426 53
426 3
426 21

427 397
427 111
427 50
427 289
427 456

428 336
428 362
428 335
428 233
428 37

429 223
429 159
429 230
429 22
429 124

430 97
430 60
430 6
430 164
430 57

431 138
431 180
431 185
431 25

432 87
432 54
432 255
432 172
432 402

433 83
433 57
433 12

434 159
434 178
434 59
434 102
434 242
434 239

435 247
435 241
435 195

436 209
436 272

437 348
437 315
437 115
437 212
437 500

438 90
438 182

439 396
439 110
439 389

440 400
440 141
440 251

441 112
441 95
441 51

442 77
442 306

443 154
443 41
443 175
443 457
443 239

444 40
444 353
444 69

445 424
445 467

446 339
446 193
446 156
446 298

447 368
447 325
447 341
447 69

448 87
448 31

449 215
449 328

450 417
450 284
450 59

451 120
451 467
451 266

452 183
452 380
452 64
452 278
452 312
452 132

453 225
453 273
453 23
453 378

454 251
454 266
454 471

455 155
455 168
455 244
455 85

456 218
456 40
456 255
456 76
456 275

457 64
457 10
457 81
457 166

458 458
458 231
458 355

459 398
459 108

460 106
460 348
460 221

461 389
461 122
461 148
461 110
461 164
461 481

462 220
462 109
462 431
462 129
462 202

463 324
463 84

464 315
464 202
464 203

465 509
465 94
465 71
465 347
465 57

466 284
466 456
466 92
466 221

467 317
467 146
467 226
467 46
467 265

468 284
468 16
468 286
468 164
468 53
468 319

469 213
469 135
469 59
469 393

470 350
470 188
470 127
470 37
470 16

471 198
471 84
471 337
471 53

472 228
472 255
472 246
472 492
472 473
472 164

473 95
473 416
473 220
473 30
473 126
473 258

474 161
474 15
474 295
474 354
474 338

475 285
475 30
475 368
475 250

476 359
476 378
476 9
476 432
476 269

477 67
477 25
477 373
477 238

478 448
478 460
478 267

479 472
479 78
479 82
479 242
479 476
479 85

480 378
480 22
480 433
480 379

481 83
481 10
481 45
481 160

482 298
482 139
482 456

483 128
483 50
483 156
483 245
483 283

484 155
484 238

485 14
485 21
485 12

486 226
486 483
486 229
486 168
486 488

487 283
487 10

488 472
488 162
488 281

489 173
489 10
489 261
489 56

490 319
490 310
490 384

491 168
491 49
491 72
491 137
491 187
491 88

492 295
492 318
492 458
492 145
492 425

493 60
493 333
493 252
493 39

494 125
494 414
494 232
494 43
494 93

495 162
495 115
495 9
495 236

496 477
496 232
496 255
496 374
496 203
496 119

497 360
497 382
497 76

498 517
498 84
498 363
498 53

499 13
499 49
499 5

500 414
500 510
500 312
500 489
500 65
500 323

501 67
501 103

502 375
502 118
502 481

503 290
503 9

504 413
504 97
504 81
504 144
504 521
504 227

505 115
505 344
505 426
505 38
505 12

506 445
506 466

507 127
507 44
507 364

508 362
508 433

509 237
509 180

510 484
510 473
510 191
510 87
510 75

511 422
511 293

512 23
512 9

513 379
513 291

514 80
514 418

515 415
515 334
515 332
515 7

516 11
516 38

517 296
517 159
517 251
517 143

518 430
518 241

519 257
519 75

520 341
520 305
520 25
520 129
520 39
520 155

521 165
521 137

522 396
522 234
522 267
522 98
522 426
522 189

523 200
523 209
523 3
523 17

524 332
524 517
524 180
524 120
524 435
524 21

525 100
525 246

526 61
526 37
526 277
526 2
526 12
526 105

527 347
527 123
527 218
527 251

528 24
528 257
528 44
528 439

529 8
529 51
529 120
529 63

530 374
530 218
530 305
530 89

531 12
531 515
531 18
531 34

532 150
532 59
532 476

533 98
533 241

534 377
534 361

535 294
535 33
535 371
535 265
535 435

536 520
536 202
536 237
536 454

537 174
537 418

538 354
538 22
538 428

539 283
539 194
539 193
539 134
539 237
539 99

540 166
540 185
540 193

541 113
541 45
541 128
541 319
541 155

542 162
542 224
542 346
542 203
542 220

543 352
543 100
543 82
543 22
543 70
543 29

544 451
544 319
544 402
544 30
544 425

545 498
545 122

546 186
546 267
546 72

547 266
547 12

548 367
548 221
548 192
548 276

549 321
549 16
549 525
549 410
549 151
549 116

550 286
550 315
550 461
550 348

551 387
551 245
551 120
551 101
551 298
551 322

552 12
552 425
552 48
552 375
552 7

553 450
553 305
553 97

554 461
554 471

555 323
555 93

556 226
556 223
556 36

557 2
557 9

558 32
558 461
558 77
558 512

559 170
559 176
559 446

560 180
560 129

561 197
561 34
561 110
561 107

562 309
562 308
562 108
562 27

563 328
563 285
563 422
563 401
563 301
563 349

564 492
564 97
564 49

565 212
565 177
565 179

566 410
566 141
566 426
566 352

567 240
567 55
567 155
567 120
567 124
567 454

568 379
568 53
568 12
568 505

569 415
569 405
569 496

570 489
570 181

571 89
571 38
571 3
571 26

572 137
572 144

573 84
573 216
573 191
573 131
573 119

574 264
574 428
574 261

575 290
575 10
575 185
575 62
575 85

576 442
576 496
576 33

577 236
577 479

578 403
578 477
578 54
578 236
578 283

579 97
579 147
579 88
579 260
579 148

580 442
580 96
580 181
580 169

581 189
581 92
581 282
581 122
581 77
581 451

582 154
582 231
582 382

583 90
583 109

584 345
584 70
584 248

585 299
585 267
585 410

586 216
586 349
586 332

587 447
587 180

588 356
588 264

589 479
589 405
589 119
589 186

590 334
590 16

591 50
591 119

592 224
592 151
592 30

593 290
593 218
593 99
593 195
593 227

594 111
594 388

595 32
595 40
595 78
595 20

596 192
596 209
596 49

597 343
597 432
597 76
597 152

598 42
598 7
598 4
598 231
598 274
598 273

599 356
599 258
599 164
599 188
599 186
599 439

600 96
600 46
600 439
600 444
600 220
600 49

601 337
601 371
601 65
601 430

602 308
602 452
602 243
602 233
602 29

603 368
603 82
603 117
603 401

604 285
604 521
604 349

605 202
605 378
605 507

606 376
606 464
606 454
606 382

607 458
607 127
607 38
607 159
607 135
607 174

608 131
608 213
608 356
608 10
608 151
608 35

609 509
609 320
609 37
609 411

610 107
610 78
610 49

611 439
611 205
611 41
611 26

612 65
612 10
612 35
612 114

613 254
613 393
613 407

614 76
614 67
614 64
614 93
614 55

615 160
615 90
615 268
615 127

616 523
616 204
616 185
616 365
616 313
616 145

617 66
617 61
617 201
617 457
617 133
617 24

618 179
618 274
618 463
618 152
618 115

619 218
619 319
619 61
619 89

620 236
620 380
620 327
620 304
620 351
620 6

621 131
621 227
621 56
621 100
621 135

622 244
622 344
622 89
622 303
622 487
622 292

623 214
623 453
623 78
623 29
623 49

624 84
624 392
624 110
624 15

625 147
625 383

626 39
626 475
626 50
626 283

627 429
627 163
627 314

628 218
628 392
628 28
628 171
628 261
628 146

629 464
629 184
629 481
629 461
629 46

630 30
630 66

631 72
631 21
631 386
631 182

632 95
632 308

633 103
633 12
633 239
633 197

634 256
634 205

635 470
635 451

636 233
636 456

637 195
637 178
637 119

638 324
638 96

639 325
639 134

640 179
640 480
640 426

641 22
641 292
641 409

642 218
642 459

643 164
643 112
643 488

644 72
644 64

645 12
645 46

646 115
646 101
646 202
646 278
646 87

647 258
647 246
647 31
647 123

648 171
648 274
648 46

649 338
649 227
649 518

650 158
650 36
650 227
650 487

651 307
651 411
651 245
651 27

652 158
652 31
652 351
652 370

653 513
653 327

654 260
654 456
654 402
654 261
654 271

655 188
655 2
655 197
655 255
655 474
655 20

656 85
656 135
656 133
656 59
656 96
656 99

657 119
657 35

658 362
658 425
658 463

659 407
659 53
659 39
659 429

660 416
660 263
660 314
660 83

661 134
661 526
661 278
661 276

662 139
662 90
662 152
662 176

663 330
663 40
663 133
663 25
663 89

664 94
664 333
664 108
664 10

665 329
665 380
665 225

666 300
666 81

667 374
667 401
667 90
667 243

668 210
668 181
668 315
668 235
668 172
668 335

669 215
669 447

670 5
670 325

671 344
671 32
671 359
671 51
671 122

672 437
672 76
672 293
672 251
672 390
672 24

673 223
673 23
673 71
673 67
673 221
673 435

674 312
674 313
674 9

675 427
675 169

676 127
676 176
676 279
676 61

677 202
677 72
677 90
677 327

678 252
678 16
678 24
678 61

679 489
679 432
679 476
679 14
679 287
679 101

680 74
680 515

681 442
681 27
681 198

682 420
682 246

683 476
683 471
683 494
683 40

684 160
684 24

685 319
685 299
685 196
685 233
685 392

686 91
686 456
686 58
686 271
686 29
686 114

687 304
687 18
687 181

688 39
688 30
688 440
688 55

689 111
689 394
689 143
689 87
689 64
689 88

690 170
690 348
690 141
690 497

691 20
691 6
691 28
691 44

692 244
692 455
692 144
692 320

693 161
693 149

694 185
694 22
694 487
694 263
694 30
694 55

695 493
695 197
695 392

696 352
696 366

697 385
697 149
697 131
697 291
697 167
697 313

698 113
698 123
698 523
698 144
698 274
698 26

699 79
699 408
699 41
699 68
699 373

700 461
700 319
700 418
700 398
700 174

701 525
701 91

702 100
702 182
702 296
702 13
702 267
702 248

703 157
703 53
703 6
703 11

704 483
704 57
704 480
704 122
704 196
704 296

705 109
705 13
705 133
705 517
705 255
705 176

706 355
706 264
706 271
706 388

707 149
707 299
707 35
707 134

708 8
708 9
708 4
708 52

709 210
709 195
709 268

710 330
710 51
710 73

711 359
711 196
711 444

712 145
712 194

713 73
713 59

714 103
714 390
714 143

715 191
715 53

716 88
716 6

717 196
717 494
717 135

718 198
718 50
718 258

719 112
719 199
719 274

720 159
720 225
720 70
720 13

721 34
721 136
721 108
721 98
721 28

722 371
722 317
722 282
722 40

723 392
723 150
723 197
723 95

724 78
724 45
724 497
724 85
724 395
724 3

725 363
725 61
725 64
725 156
725 446
725 439

726 7
726 133
726 185
726 49
726 6

727 324
727 271

728 283
728 316

729 440
729 181
729 6
729 282
729 453

730 339
730 250

731 153
731 22
731 346
731 128
731 117

732 338
732 72
732 172

733 75
733 59
733 209

734 55
734 220
734 32

735 48
735 345
735 46

736 481
736 431
736 27
736 328
736 498

737 87
737 134
737 10
737 27
737 156

738 451
738 445

739 398
739 66
739 64
739 201
739 456
739 28

740 142
740 20
740 72

741 62
741 37
741 259
741 65
741 308
741 9

742 90
742 155
742 277
742 15
742 159
742 67

743 324
743 357
743 378
743 133
743 31

744 45
744 17
744 312
744 46
744 521

745 81
745 185
745 7
745 71
745 46
745 217

746 503
746 118

747 410
747 153

748 36
748 87

749 6
749 24
749 153
749 12
749 53
749 213

750 148
750 520
750 272
750 289

751 423
751 149
751 480

752 149
752 349
752 7
752 156
752 129

753 188
753 168
753 122
753 86
753 133
753 15

754 451
754 29

755 313
755 177
755 155
755 277
755 204

756 70
756 141

757 60
757 111
757 172

758 79
758 44

759 234
759 12
759 83
759 309
759 353

760 28
760 30
760 394
760 129
760 27
760 169

761 253
761 186
761 85

762 496
762 120
762 209
762 414

763 367
763 7
763 136
763 60

764 501
764 364
764 327

765 37
765 108
765 463
765 46
765 116

766 277
766 231
766 383
766 232
766 114

767 242
767 26
767 344

768 242
768 27
768 185

769 364
769 301

770 401
770 214

771 126
771 55
771 293
771 15
771 479
771 83

772 229
772 310
772 281
772 433
772 86
772 49

773 487
773 47
773 70
773 169

774 183
774 44

775 259
775 169
775 189

776 9
776 37
776 30
776 11
776 198

777 129
777 426
777 130
777 263
777 44
777 452

778 107
778 92

779 145
779 266

780 478
780 117
780 245
780 420
780 296

781 166
781 72
781 105
781 195

782 488
782 480

783 16
783 27
783 375
783 19
783 9

784 335
784 418
784 230
784 17

785 413
785 401

786 7
786 194
786 61
786 13
786 245

787 133
787 241
787 271
787 444

788 316
788 455
788 351
788 318
788 169

789 366
789 211

790 488
790 35
790 446

791 323
791 43
791 132
791 268
791 69
791 198

792 144
792 25

793 88
793 37
793 42
793 62

794 89
794 49
794 14
794 21
794 297

795 32
795 76
795 114
795 64
795 18
795 152

796 384
796 116
796 123
796 221

797 373
797 233
797 271

798 8
798 95
798 35
798 16

799 502
799 474
799 225
799 74

800 127
800 70
800 36

801 500
801 69
801 56
801 44
801 72

802 111
802 436

803 401
803 42
803 340

804 77
804 24
804 68
804 208

805 6
805 26
805 36

806 100
806 39

807 205
807 488
807 314

808 112
808 45
808 155
808 386
808 287

809 53
809 351
809 28
809 60
809 180

810 106
810 227
810 162
810 122
810 153
810 144

811 16
811 33

812 66
812 19
812 4
812 27
812 47
812 155

813 384
813 411

814 373
814 153
814 175
814 404

815 406
815 281
815 74
815 328

816 419
816 144

817 457
817 190
817 485
817 184
817 123

818 151
818 447
818 331
818 29

819 94
819 167
819 20
819 208
819 93

820 454
820 346
820 294

821 53
821 378
821 456
821 418
821 8
821 3

822 420
822 265
822 8

823 2
823 3
823 245
823 4
823 30

824 424
824 334

825 56
825 172
825 82

826 132
826 268

827 262
827 413
827 268

828 275
828 499
828 122
828 151

829 91
829 34
829 61
829 100
829 67

830 40
830 10
830 52

831 57
831 208
831 246
831 44

832 16
832 29
832 108
832 174
832 56

833 295
833 271
833 38
833 520

834 17
834 74

835 290
835 221
835 219

836 101
836 178
836 69

837 356
837 196

838 127
838 46
838 78
838 41
838 60

839 286
839 163
839 22
839 209

840 143
840 335
840 416
840 383
840 473

841 452
841 163
841 462

842 197
842 108
842 6
842 225
842 4
842 92

843 475
843 204

844 402
844 203

845 121
845 38
845 74

846 73
846 47
846 348
846 98
846 23
846 117

847 372
847 8
847 119

848 163
848 502
848 233
848 131
848 48

849 126
849 80
849 40
849 191
849 393
849 261

850 395
850 57
850 27

851 398
851 313
851 121

852 246
852 274
852 453

853 73
853 44
853 146
853 35
853 45

854 120
854 214
854 203
854 153
854 498
854 114

855 21
855 86
855 385

856 68
856 65
856 29
856 11

857 264
857 368
857 19

858 286
858 215
858 298

859 502
859 122

860 192
860 211
860 124
860 38
860 3
860 62

861 123
861 153
861 271

862 394
862 23
862 26
862 289

863 168
863 353
863 291

864 60
864 160
864 49
864 272

865 447
865 146
865 480

866 381
866 228
866 407

867 433
867 471
867 276
867 368
867 456

868 267
868 245
868 116
868 182

869 255
869 20
869 160
869 272
869 268
869 285

870 50
870 23
870 291
870 193

871 388
871 32
871 21
871 90

872 391
872 153
872 17
872 149
872 279
872 91

873 340
873 519
873 391
873 386
873 123

874 24
874 25

875 286
875 208
875 104

876 135
876 40
876 190
876 103

877 70
877 314
877 61
877 167

878 8
878 5

879 60
879 237

880 204
880 9
880 114
880 193

881 474
881 146

882 14
882 13
882 18

883 444
883 65

884 230
884 162
884 67
884 87
884 70

885 492
885 525

886 187
886 15
886 82

887 159
887 47
887 5

888 119
888 106

889 483
889 168
889 203

890 204
890 121
890 234
890 2

891 143
891 332

892 213
892 108
892 345
892 87

893 259
893 162
893 432
893 31

894 475
894 128

895 220
895 22
895 47
895 43
895 390

896 64
896 526
896 149
896 67
896 180

897 428
897 10
897 251
897 463
897 334

898 519
898 316
898 21

899 281
899 327
899 223
899 37

900 197
900 8
900 63

901 112
901 269
901 194

902 123
902 250
902 110
902 102
902 122

903 488
903 489
903 441
903 29
903 56

904 349
904 227
904 195
904 268
904 443
904 76

905 304
905 41

906 453
906 29

907 358
907 460
907 47

908 209
908 346
908 89

909 85
909 499
909 55

910 391
910 438

911 437
911 282

912 231
912 146

913 151
913 346
913 95
913 463

914 231
914 150

915 126
915 175

916 166
916 190
916 165
916 291
916 394
916 225

917 148
917 59
917 429

918 143
918 185
918 298
918 131

919 359
919 384
919 305

920 246
920 216

921 55
921 149
921 152
921 515
921 17

922 81
922 115
922 87

923 37
923 81
923 31
923 39
923 59

924 87
924 169
924 15
924 418

925 388
925 139
925 384
925 397
925 426

926 404
926 392

927 276
927 268

928 233
928 198
928 93
928 414
928 378
928 19

929 373
929 39

930 238
930 186

931 328
931 327
931 262

932 325
932 137
932 37
932 242
932 76
932 31

933 418
933 455
933 47
933 490
933 282

934 80
934 134
934 77

935 176
935 47
935 121

936 92
936 200
936 23

937 375
937 297
937 49
937 477

938 284
938 172
938 117
938 70

939 388
939 233

940 353
940 474

941 106
941 47

942 490
942 95
942 383
942 11
942 474
942 24

943 409
943 239
943 314

944 107
944 51
944 175

945 331
945 269
945 251
945 162

946 346
946 332
946 25
946 199
946 349
946 8

947 485
947 480

948 239
948 426
948 58

949 206
949 153

950 10
950 19
950 16
950 22
950 14

951 341
951 423

952 86
952 33
952 482

953 14
953 46
953 333
953 405

954 134
954 124
954 281
954 15
954 36

955 217
955 97
955 118

956 21
956 31
956 105
956 333
956 3
956 180

957 45
957 53
957 430
957 106
957 30
957 143

958 185
958 109
958 478

959 217
959 63
959 379

960 110
960 46
960 78
960 460

961 162
961 14
961 7
961 464
961 93
961 349

962 79
962 135
962 51
962 143

963 414
963 203
963 56
963 78
963 466

964 420
964 198

965 288
965 217
965 124

966 169
966 268
966 243
966 16

967 241
967 229
967 120

968 302
968 107
968 122
968 3
968 267

969 82
969 61
969 136
969 33

970 386
970 47

971 459
971 203

972 435
972 455
972 371
972 436

973 239
973 99
973 3
973 251

974 446
974 372

975 264
975 98
975 144
975 118

976 278
976 423
976 190
976 99

977 223
977 344
977 480

978 267
978 10
978 167

979 268
979 432
979 460
979 392
979 209
979 83

980 444
980 41

981 14
981 33
981 188
981 29
981 24

982 243
982 436
982 42
982 43
982 29
982 159

983 124
983 14

984 87
984 345
984 97

985 394
985 211
985 32
985 305

986 216
986 298
986 286

987 285
987 265

988 504
988 231
988 13
988 135

989 111
989 123

990 176
990 146
990 187

991 3
991 5
991 8
991 52

992 120
992 28
992 65
992 494
992 270

993 494
993 261

994 522
994 16

995 205
995 57
995 206

996 300
996 136
996 83

997 225
997 443
997 117

998 268
998 299
998 413

999 133
999 95
999 243
999 258
999 245

1000 69
1000 466
1000 237
1000 382
1000 196

1001 259
1001 75

1002 123
1002 319

1003 142
1003 265

1004 129
1004 316
1004 449
1004 411
1004 124

1005 245
1005 453
1005 282

1006 187
1006 38
1006 146

1007 184
1007 177
1007 357

1008 464
1008 408

1009 55
1009 51
1009 70
1009 97

1010 23
1010 40

1011 353
1011 119
1011 471
1011 61
1011 68

1012 56
1012 162

1013 95
1013 46
1013 76
1013 213

1014 432
1014 425
1014 365

1015 315
1015 181

1016 430
1016 46
1016 385
1016 166

1017 227
1017 16

1018 71
1018 27
1018 220
1018 50

1019 116
1019 59
1019 174

1020 3
1020 95
1020 43
1020 11

1021 158
1021 301
1021 5

1022 389
1022 369

1023 237
1023 386
1023 48
1023 390
1023 31

1024 119
1024 93
1024 190

1025 458
1025 98
1025 93

1026 245
1026 413
1026 200

1027 402
1027 276
1027 163
1027 327
1027 258

1028 66
1028 20
1028 25

1029 171
1029 58
1029 369

1030 108
1030 69
1030 236
1030 193

1031 71
1031 35
1031 190
1031 194

1032 162
1032 172
1032 193
1032 46
1032 250
1032 101

1033 346
1033 255
1033 11

1034 506
1034 164
1034 176
1034 90

1035 225
1035 94
1035 426
1035 456

1036 36
1036 14
1036 7
1036 42

1037 132
1037 189
1037 24
1037 240

1038 139
1038 258

1039 134
1039 380

1040 271
1040 233
1040 453
1040 207

1041 315
1041 42
1041 47
1041 83
1041 384

1042 149
1042 130
1042 90

1043 212
1043 269
1043 372
1043 9
1043 5

1044 392
1044 80
1044 62
1044 230
1044 209

1045 105
1045 95
1045 69

1046 443
1046 228
1046 274

1047 55
1047 124
1047 15
1047 13

1048 219
1048 166
1048 240
1048 298

1049 303
1049 289

1050 61
1050 25
1050 4

1051 181
1051 27
1051 192
1051 31
1051 5
1051 384

1052 87
1052 240
1052 72
1052 79
1052 22

1053 299
1053 5

1054 45
1054 99
1054 72
1054 474
1054 177
1054 13

1055 174
1055 23
1055 175
1055 380
1055 190
1055 498

1056 390
1056 309
1056 78

1057 78
1057 18
1057 21

1058 230
1058 8
1058 466
1058 289

1059 159
1059 4
1059 169
1059 54

1060 242
1060 281
1060 241
1060 263

1061 124
1061 332
1061 137
1061 28
1061 79
1061 506

1062 114
1062 56
1062 382
1062 109

1063 477
1063 146
1063 13
1063 41

1064 439
1064 15
1064 169
1064 102

1065 335
1065 357
1065 16

1066 480
1066 175

1067 217
1067 111

1068 281
1068 320

1069 282
1069 235
1069 44
1069 57

1070 133
1070 291
1070 174

1071 526
1071 191
1071 340
1071 351

1072 446
1072 165
1072 156

1073 456
1073 521
1073 52
1073 20

1074 434
1074 304
1074 68
1074 136

1075 165
1075 83
1075 199
1075 41

1076 452
1076 333

1077 189
1077 160

1078 180
1078 248
1078 496
1078 494

1079 239
1079 431
1079 24
1079 43

1080 274
1080 478

1081 232
1081 263
1081 114

1082 478
1082 225
1082 298
1082 507

1083 15
1083 6
1083 16
1083 2
1083 10
1083 53

1084 3
1084 82
1084 19

1085 369
1085 286
1085 396

1086 490
1086 72

1087 460
1087 248
1087 117
1087 93

1088 248
1088 515

1089 34
1089 27
1089 18
1089 220
1089 130

1090 515
1090 2
1090 86

1091 29
1091 62
1091 365
1091 18
1091 2
1091 8

1092 50
1092 19

1093 318
1093 116

1094 118
1094 98
1094 291
1094 173
1094 87
1094 117

1095 255
1095 124
1095 310

1096 375
1096 121

1097 235
1097 4
1097 13
1097 305

1098 67
1098 145

1099 41
1099 6

1100 77
1100 211
1100 159
1100 164

1101 241
1101 248

1102 97
1102 131

1103 425
1103 68
1103 378
1103 327

1104 177
1104 103
1104 153
1104 141
1104 6

1105 24
1105 158
1105 291

1106 213
1106 413

1107 20
1107 5

1108 66
1108 23

1109 150
1109 44

1110 460
1110 512

1111 449
1111 340
1111 146

1112 312
1112 279
1112 50
1112 90
1112 314
1112 167

1113 123
1113 99

1114 121
1114 316

1115 258
1115 160
1115 151
1115 207

1116 305
1116 186
1116 384
1116 155

1117 37
1117 68
1117 289
1117 6
1117 20

1118 276
1118 56
1118 6
1118 293
1118 473

1119 44
1119 86
1119 10

1120 309
1120 166
1120 266
1120 248

1121 117
1121 20
1121 211

1122 213
1122 262
1122 141

1123 114
1123 19
1123 9
1123 274

1124 56
1124 17
1124 59

1125 36
1125 24
1125 117

1126 171
1126 248

1127 137
1127 371
1127 97
1127 297

1128 135
1128 37
1128 13
1128 185
1128 279

1129 453
1129 8

1130 83
1130 383
1130 43
1130 47

1131 182
1131 227
1131 381
1131 298
1131 153
1131 380

1132 89
1132 228
1132 109
1132 208

1133 267
1133 96

1134 116
1134 151
1134 340
1134 144

1135 494
1135 241

1136 72
1136 52
1136 10
1136 283

1137 1
1137 504
1137 178
1137 21

1138 232
1138 248
1138 396
1138 72
1138 221
1138 402

1139 411
1139 141
1139 37

1140 155
1140 266
1140 131

1141 8
1141 25
1141 27
1141 266

1142 385
1142 261

1143 174
1143 521
1143 172
1143 80

1144 64
1144 42

1145 93
1145 164
1145 21
1145 15
1145 128

1146 143
1146 90
1146 54

1147 18
1147 30

1148 61
1148 205
1148 80
1148 164

1149 199
1149 145

1150 201
1150 17
1150 101
1150 10
1150 361

1151 116
1151 246

1152 294
1152 207
1152 463

1153 65
1153 441
1153 128
1153 46
1153 146

1154 294
1154 250

1155 243
1155 390
1155 153
1155 420

1156 185
1156 74

1157 34
1157 125
1157 237
1157 137

1158 158
1158 172

1159 283
1159 473
1159 123

1160 265
1160 20
1160 40
1160 186
1160 199
1160 122

1161 72
1161 50
1161 3
1161 42
1161 235

1162 248
1162 252
1162 29
1162 233

1163 378
1163 12

1164 392
1164 316

1165 346
1165 310
1165 291

1166 498
1166 79
1166 10

1167 65
1167 43
1167 132
1167 14
1167 11

1168 94
1168 16
1168 9
1168 104
1168 21
1168 40

1169 351
1169 473
1169 346
1169 467
1169 178

1170 289
1170 333

1171 193
1171 110

1172 302
1172 19
1172 241
1172 12
1172 182

1173 443
1173 41
1173 24

1174 289
1174 43

1175 301
1175 313
1175 141
1175 15

1176 405
1176 408
1176 420

1177 306
1177 62

1178 186
1178 461
1178 25

1179 316
1179 124
1179 18

1180 393
1180 248
1180 100
1180 386

1181 65
1181 229
1181 224
1181 30
1181 17
1181 206

1182 143
1182 31
1182 254

1183 29
1183 185
1183 22
1183 63
1183 19

1184 258
1184 184
1184 82

1185 512
1185 105

1186 52
1186 53

1187 106
1187 393
1187 184

1188 298
1188 327
1188 28
1188 167

1189 151
1189 177

1190 44
1190 128
1190 130

1191 164
1191 205
1191 191

1192 382
1192 67
1192 365

1193 185
1193 33
1193 89

1194 474
1194 163
1194 525
1194 333

1195 34
1195 49
1195 164
1195 44
1195 208
1195 423

1196 482
1196 383

1197 349
1197 39

1198 31
1198 30

1199 9
1199 90
1199 22
1199 3

1200 246
1200 161

1201 345
1201 397

1202 455
1202 31
1202 21
1202 408

1203 380
1203 74
1203 98
1203 86

1204 274
1204 196
1204 101

1205 29
1205 52
1205 31
1205 25

1206 230
1206 27

1207 145
1207 13
1207 273
1207 30
1207 59

1208 34
1208 370
1208 38
1208 193
1208 86
1208 10

1209 101
1209 21
1209 121
1209 108
1209 380
1209 236

1210 379
1210 184

1211 399
1211 25
1211 130
1211 507

1212 102
1212 40
1212 178

1213 208
1213 358

1214 304
1214 68
1214 49

1215 461
1215 92

1216 179
1216 144
1216 42

1217 383
1217 351
1217 358

1218 104
1218 96
1218 11

1219 319
1219 122
1219 521

1220 107
1220 422
1220 74
1220 37
1220 386
1220 163

1221 372
1221 471
1221 14

1222 426
1222 271
1222 194
1222 116

1223 196
1223 48
1223 121

1224 313
1224 228
1224 24

1225 396
1225 176
1225 402

1226 199
1226 169

1227 122
1227 41

1228 228
1228 74
1228 10
1228 172
1228 219

1229 454
1229 380
1229 467

1230 11
1230 46
1230 19
1230 62
1230 13

1231 310
1231 79
1231 248

1232 80
1232 36
1232 15
1232 46

1233 5
1233 27

1234 296
1234 78
1234 106
1234 118

1235 103
1235 59

1236 461
1236 327

1237 434
1237 57

1238 166
1238 110

1239 361
1239 499
1239 30

1240 27
1240 41
1240 54
1240 221
1240 26

1241 178
1241 234

1242 41
1242 26
1242 141
1242 81
1242 95

1243 291
1243 110
1243 92
1243 340

1244 33
1244 67
1244 20

1245 59
1245 332
1245 47

1246 277
1246 4

1247 453
1247 12
1247 130

1248 441
1248 75
1248 42

1249 304
1249 128

1250 9
1250 4

1251 26
1251 8

1252 314
1252 177
1252 261
1252 82

1253 407
1253 14
1253 13
1253 287

1254 340
1254 220
1254 420
1254 333

1255 199
1255 61

1256 14
1256 54
1256 6
1256 17
1256 28
1256 77

1257 301
1257 292
1257 7

1258 297
1258 419
1258 176

1259 221
1259 48

1260 287
1260 122

1261 269
1261 380
1261 175

1262 30
1262 256
1262 78

1263 92
1263 72
1263 358

1264 113
1264 22

1265 507
1265 16
1265 416

1266 7
1266 152
1266 53

1267 285
1267 423
1267 408
1267 462
1267 141
1267 433

1268 124
1268 105

1269 30
1269 172
1269 203
1269 117

1270 25
1270 467
1270 122
1270 54

1271 164
1271 207
1271 68
1271 124
1271 175
1271 20

1272 102
1272 182
1272 128

1273 2
1273 46

1274 252
1274 6
1274 91

1275 426
1275 177
1275 146
1275 355

1276 317
1276 423

1277 156
1277 98
1277 72
1277 146
1277 117

1278 438
1278 231
1278 397

1279 177
1279 195

1280 131
1280 207

1281 63
1281 122
1281 48

1282 182
1282 21
1282 99
1282 49
1282 279
1282 51

1283 363
1283 176

1284 125
1284 19

1285 119
1285 211

1286 463
1286 175
1286 471

1287 306
1287 248

1288 61
1288 53
1288 11
1288 27
1288 54

1289 7
1289 78

1290 102
1290 75
1290 23
1290 466
1290 67

1291 176
1291 169

1292 241
1292 149
1292 474
1292 148
1292 184

1293 4
1293 7

1294 33
1294 117

1295 422
1295 19
1295 153
1295 272
1295 99

1296 213
1296 193

1297 357
1297 146

1298 181
1298 18

1299 74
1299 119

1300 436
1300 128

1301 184
1301 227
1301 207

1302 117
1302 51

1303 83
1303 33

1304 109
1304 32

1305 116
1305 169

1306 103
1306 49

1307 358
1307 54

1308 98
1308 315
1308 67

1309 380
1309 227
1309 264

1310 141
1310 96
1310 150
1310 386
1310 20

1311 393
1311 77
1311 391
1311 397

1312 105
1312 12
1312 11
1312 320
1312 121

1313 77
1313 497
1313 91

1314 62
1314 203

1315 431
1315 420

1316 388
1316 496

1317 23
1317 53
1317 79

1318 236
1318 70
1318 57
1318 294

1319 392
1319 81

1320 194
1320 124
1320 74

1321 220
1321 6

1322 274
1322 51
1322 76

1323 420
1323 227

1324 225
1324 173

1325 91
1325 20
1325 43
1325 27
1325 146

1326 29
1326 155
1326 50
1326 124
1326 27

1327 9
1327 25

1328 59
1328 39
1328 109
1328 31

1329 196
1329 59
1329 110

1330 24
1330 56
1330 263

1331 167
1331 49
1331 118
1331 48
1331 23

1332 474
1332 43
1332 2

1333 194
1333 12

1334 63
1334 110

1335 22
1335 37
1335 7

1336 85
1336 48

1337 94
1337 114
1337 384

1338 166
1338 146

1339 189
1339 320
1339 149
1339 190

1340 242
1340 123
1340 365

1341 17
1341 144

1342 14
1342 7

1343 388
1343 56

1344 169
1344 99
1344 130
1344 221

1345 67
1345 83
1345 7

1346 3
1346 79
1346 20

1347 40
1347 286
1347 24
1347 301
1347 48

1348 25
1348 57
1348 119
1348 43
1348 205

1349 108
1349 121

1350 272
1350 7

1351 22
1351 19
1351 102
1351 124
1351 128
1351 20

1352 53
1352 30
1352 150
1352 128

1353 251
1353 66
1353 190
1353 370
1353 164

1354 473
1354 261

1355 314
1355 172

1356 35
1356 55
1356 39

1357 466
1357 195
1357 279

1358 270
1358 48
1358 262
1358 365

1359 286
1359 118
1359 334
1359 234

1360 332
1360 146
1360 370
1360 365
1360 195

1361 233
1361 91
1361 10

1362 148
1362 164
1362 150
1362 62

1363 62
1363 49
1363 25
1363 18
1363 293

1364 122
1364 18
1364 70

1365 193
1365 123

1366 93
1366 152
1366 186

1367 7
1367 23
1367 110
1367 144

1368 46
1368 227
1368 152
1368 38

1369 74
1369 31
1369 76
1369 66

1370 227
1370 248
1370 294

1371 297
1371 402

1372 71
1372 36
1372 189
1372 98
1372 83

1373 279
1373 183
1373 146
1373 521

1374 309
1374 42

1375 16
1375 11
1375 26

1376 333
1376 155

1377 49
1377 37
1377 462
1377 38

1378 38
1378 22
1378 116
1378 3
1378 39

1379 273
1379 81
1379 71
1379 102
1379 229

1380 72
1380 27

1381 263
1381 2
1381 241
1381 110

1382 382
1382 433

1383 445
1383 334
1383 82
1383 462

1384 453
1384 47

1385 37
1385 26
1385 99
1385 75
1385 473

1386 521
1386 365

1387 9
1387 58
1387 56
1387 57
1387 20

1388 224
1388 54

1389 12
1389 119
1389 79
1389 196

1390 31
1390 23
1390 39

1391 130
1391 25
1391 43
1391 98
1391 99

1392 68
1392 42
1392 122
1392 141
1392 20

1393 3
1393 22
1393 33

1394 333
1394 381

1395 44
1395 43
1395 121
1395 11
1395 30

1396 256
1396 240

1397 54
1397 24

1398 77
1398 381
1398 203

1399 68
1399 35

1400 365
1400 378

1401 164
1401 209
1401 19

1402 39
1402 26

1403 5
1403 44

1404 327
1404 11

1405 384
1405 128
1405 18
1405 41

1406 56
1406 99

1407 91
1407 520

1408 175
1408 231
1408 55
1408 51
1408 266

1409 117
1409 4

1410 82
1410 55
1410 21
1410 7
1410 110

1411 308
1411 11

1412 71
1412 254
1412 248

1413 141
1413 123
1413 172
1413 250

1414 36
1414 23
1414 31
1414 57

1415 96
1415 180
1415 19

1416 51
1416 41

1417 195
1417 160
1417 281
1417 191

1418 370
1418 254
1418 261
1418 207

1419 315
1419 172

1420 274
1420 16

1421 153
1421 438
1421 13
1421 178
1421 152

1422 248
1422 43
1422 333
1422 293

1423 134
1423 59
1423 24
1423 27

1424 378
1424 23

1425 452
1425 190
1425 496

1426 82
1426 46
1426 50
1426 365

1427 281
1427 96
1427 85
1427 28

1428 79
1428 48
1428 254
1428 8
1428 144

1429 186
1429 211

1430 221
1430 35
1430 423
1430 39

1431 56
1431 7
1431 92
1431 76

1432 201
1432 196
1432 231
1432 150
1432 163

1433 122
1433 35
1433 245
1433 79

1434 44
1434 48
1434 21

1435 370
1435 146

1436 116
1436 499
1436 160

1437 423
1437 273
1437 266

1438 28
1438 2
1438 56
1438 207

1439 297
1439 190

1440 102
1440 69

1441 56
1441 23
1441 18
1441 4

1442 19
1442 143
1442 6
1442 25

1443 108
1443 26
1443 40

1444 152
1444 334
1444 58
1444 48

1445 191
1445 199

1446 199
1446 31

1447 499
1447 172
1447 15

1448 177
1448 178

1449 13
1449 23
1449 58
1449 42

1450 22
1450 13
1450 28
1450 24
1450 11

1451 70
1451 15
1451 131
1451 169

1452 229
1452 16

1453 130
1453 83

1454 81
1454 8
1454 114
1454 4

1455 17
1455 128
1455 13
1455 3

1456 34
1456 19
1456 52

1457 1
1457 28

1458 203
1458 355
1458 18
1458 163

1459 520
1459 273

1460 35
1460 3
1460 27

1461 42
1461 21
1461 136
1461 50
1461 335
1461 198

1462 149
1462 146
1462 262

1463 294
1463 266
1463 76

1464 99
1464 47

1465 28
1465 293
1465 78

1466 27
1466 114
1466 36
1466 51
1466 31
1466 56

1467 118
1467 261

1468 18
1468 128
1468 35

1469 345
1469 419

1470 95
1470 98

1471 6
1471 475
1471 17

1472 245
1472 6

1473 123
1473 119
1473 26
1473 11
1473 351

1474 499
1474 190
1474 50
1474 17

1475 70
1475 30
1475 40

1476 266
1476 160

1477 473
1477 381
1477 98
1477 79

1478 167
1478 144
1478 381
1478 160
1478 109

1479 224
1479 119
1479 3

1480 52
1480 32
1480 301
1480 79

1481 67
1481 26
1481 31

1482 32
1482 11
1482 106
1482 419

1483 31
1483 118

1484 29
1484 4
1484 11
1484 48
1484 234

1485 30
1485 58
1485 110

1486 250
1486 12

1487 130
1487 40
1487 54

1488 118
1488 48

1489 144
1489 128

1490 30
1490 99

1491 231
1491 163

1492 35
1492 98
1492 118
1492 21
1492 150

1493 355
1493 8
1493 12

1494 28
1494 13
1494 11
1494 17

1495 254
1495 172

1496 227
1496 136
1496 128

1497 33
1497 13
1497 207

1498 235
1498 136
1498 74

1499 219
1499 193

1500 150
1500 21
1500 46
1500 50

1501 402
1501 23
1501 141

1502 18
1502 86

1503 161
1503 51

1504 351
1504 381
1504 207
1504 92

1505 79
1505 57

1506 7
1506 2
1506 8
1506 131

1507 334
1507 163
1507 512

1508 124
1508 36
1508 76

1509 51
1509 54

1510 261
1510 240

1511 206
1511 20

1512 2
1512 266
1512 320
1512 56

1513 190
1513 178
1513 175
1513 106
1513 198
1513 54

1514 74
1514 11

1515 50
1515 58

1516 114
1516 26

1517 102
1517 98

1518 33
1518 39
1518 193

1519 118
1519 175

1520 234
1520 56
1520 192
1520 13
1520 25

1521 136
1521 123

1522 236
1522 408

1523 40
1523 53
1523 59
1523 408

1524 90
1524 146

1525 63
1525 26
1525 35

1526 207
1526 110

1527 273
1527 397
1527 462
1527 51

1528 132
1528 43
1528 146
1528 20

1529 433
1529 21

1530 74
1530 24
1530 266
1530 26
1530 50

1531 39
1531 106
1531 17

1532 5
1532 41

1533 379
1533 121

1534 365
1534 123

1535 172
1535 51

1536 27
1536 17
1536 21
1536 25

1537 462
1537 13

1538 320
1538 178

1539 23
1539 333
1539 12

1540 44
1540 13
1540 99

1541 35
1541 31
1541 59

1542 198
1542 55
1542 75
1542 146

1543 35
1543 16

1544 146
1544 10
1544 24

1545 48
1545 43
1545 23
1545 6
1545 50

1546 156
1546 163
1546 99

1547 2
1547 20
1547 123

1548 209
1548 98

1549 42
1549 46

1550 6
1550 11
1550 55

1551 76
1551 3
1551 26

1552 211
1552 97

1553 57
1553 15
1553 66
1553 175

1554 17
1554 26
1554 180
1554 124
1554 136
1554 279

1555 172
1555 46
1555 123

1556 39
1556 22
1556 20
1556 21

1557 397
1557 128
1557 160

1558 211
1558 89
1558 196

1559 53
1559 123
1559 31

1560 128
1560 109

1561 293
1561 497

1562 59
1562 30
1562 5

1563 86
1563 20

1564 19
1564 46
1564 21

1565 25
1565 33

1566 50
1566 6
1566 262
1566 15

1567 155
1567 150
1567 58

1568 266
1568 10
1568 27

1569 229
1569 109

1570 51
1570 25
1570 19
1570 43

1571 27
1571 24

1572 160
1572 58

1573 54
1573 266
1573 10
1573 69
1573 211
1573 36

1574 3
1574 10
1574 6

1575 97
1575 408
1575 301

1576 89
1576 57

1577 106
1577 100

1578 301
1578 146

1579 89
1579 56

1580 205
1580 58
1580 15

1581 56
1581 47

1582 99
1582 5

1583 53
1583 21

1584 4
1584 75
1584 15

1585 51
1585 335

1586 11
1586 119
1586 5
1586 8
1586 18

1587 86
1587 92

1588 24
1588 8
1588 26
1588 51

1589 121
1589 109

1590 97
1590 23
1590 26

1591 74
1591 46

1592 4
1592 23
1592 69
1592 31

1593 47
1593 119
1593 54

1594 109
1594 8

1595 23
1595 21
1595 41

1596 23
1596 75
1596 83

1597 47
1597 6

1598 51
1598 180

1599 1
1599 272
1599 20
1599 3
1599 12
1599 110

1600 55
1600 75

1601 69
1601 146

1602 36
1602 15
1602 26

1603 207
1603 335

1604 12
1604 8

1605 136
1605 97

1606 43
1606 144

1607 301
1607 240

1608 206
1608 110
1608 3

1609 42
1609 5

1610 240
1610 13

1611 10
1611 13

1612 124
1612 31

1613 180
1613 16

1614 21
1614 16

1615 2
1615 13

1616 12
1616 144

1617 46
1617 20

1618 19
1618 20

1619 150
1619 27

1620 178
1620 19
1620 78

1621 20
1621 31
1621 41

1622 18
1622 206

1623 54
1623 13

1624 16
1624 144
1624 4

1625 1
1625 69
1625 394
1625 2

1626 41
1626 58

1627 3
1627 31

1628 18
1628 58

1629 58
1629 211

1630 13
1630 31

1631 211
1631 100

1632 1
1632 15
1632 10
1632 106

1633 497
1633 525

1634 46
1634 57

1635 31
1635 26

1636 1
1636 100
1636 30
1636 150
1636 213
1636 51

1637 1
1637 33
1637 54
1637 101
1637 60
1637 4

1638 1
1638 333
1638 323
1638 9
1638 31

1639 1
1639 401
1639 8
1639 19
1639 55
1639 23

1640 1
1640 193

1641 1
1641 301

1642 1
1642 18

