0 61
1 34
2 68
3 7
4 59
5 17
6 2
7 50
8 16
9 59
10 28
11 14
12 52
13 65
14 64
15 26
16 17
17 65
18 47
19 24
20 80
21 52
22 5
23 31
24 2
25 55
26 54
27 16
28 17
29 67
30 42
31 64
32 73
33 66
34 49
35 72
36 10
37 45
38 50
39 26
40 29
41 23
42 56
43 23
44 60
45 49
46 23
47 9
48 11
49 10
50 35
51 68
52 8
53 20
54 11
55 44
56 2
57 48
58 39
59 47
60 47
61 72
62 53
63 5
64 54
65 80
66 36
67 3
68 50
69 61
70 54
71 36
72 43
73 22
74 73
75 64
76 17
77 40
78 68
79 38
80 68
81 10
82 21
83 26
84 16
85 63
86 49
87 27
88 42
89 4
90 79
91 63
92 34
93 3
94 8
95 11
96 2
97 79
98 70
99 43
100 30
101 56
102 32
103 32
104 79
105 80
106 62
107 50
108 49
109 73
110 14
111 15
112 54
113 20
114 67
115 66
116 70
117 43
118 19
119 53
120 50
121 6
122 32
123 33
124 51
125 3
126 79
127 58
128 73
129 74
130 22
131 56
132 77
133 77
134 30
135 31
136 34
137 78
138 76
139 22
140 68
141 39
142 49
143 35
144 75
145 23
146 41
147 32
148 10
149 68
150 36
151 53
152 42
153 30
154 75
155 58
156 22
157 58
158 21
159 13
160 47
161 49
162 51
163 34
164 63
165 17
166 51
167 3
168 11
169 45
170 16
171 14
172 22
173 79
174 20
175 76
176 17
177 49
178 30
179 54
180 50
181 29
182 20
183 66
184 17
185 7
186 52
187 62
188 71
189 31
190 62
191 9
192 7
193 3
194 54
195 50
196 68
197 3
198 16
199 68
200 14
201 63
202 67
203 32
204 6
205 13
206 72
207 12
208 54
209 74
210 79
211 8
212 69
213 5
214 55
215 3
216 25
217 3
218 60
219 47
220 68
221 21
222 18
223 58
224 79
225 25
226 46
227 72
228 4
229 51
230 43
231 12
232 78
233 1
234 63
235 19
236 65
237 78
238 28
239 17
240 6
241 16
242 32
243 57
244 28
245 17
246 15
247 27
248 53
249 65
250 11
251 14
252 79
253 4
254 29
255 61
256 11
257 66
258 39
259 25
260 13
261 9
262 80
263 58
264 56
265 58
266 36
267 43
268 63
269 24
270 4
271 17
272 7
273 3
274 1
275 68
276 71
277 40
278 34
279 50
