0 144
1 46
2 52
3 203
4 216
5 30
6 198
7 170
8 218
9 54
10 22
11 233
12 163
13 201
14 90
15 74
16 68
17 44
18 151
19 215
20 16
21 197
22 211
23 47
24 17
25 101
26 216
27 2
28 105
29 1
30 168
31 87
32 232
33 22
34 197
35 23
36 182
37 181
38 140
39 90
40 54
41 167
42 138
43 218
44 41
45 137
46 57
47 58
48 166
49 112
50 123
51 91
52 109
53 229
54 192
55 194
56 108
57 26
58 193
59 239
60 198
61 28
62 22
63 159
64 36
65 166
66 46
67 90
68 196
69 225
70 95
71 88
72 166
73 239
74 91
75 17
76 135
77 4
78 229
79 208
80 160
81 27
82 57
83 181
84 73
85 11
86 5
87 85
88 181
89 27
90 62
91 80
92 25
93 106
94 32
95 96
96 165
97 106
98 210
99 81
100 170
101 87
102 218
103 93
104 67
105 91
106 114
107 154
108 126
109 203
110 2
111 201
112 16
113 147
114 3
115 60
116 148
117 153
118 193
119 236
120 182
121 108
122 54
123 187
124 217
125 153
126 74
127 53
128 69
129 102
130 134
131 207
132 106
133 132
134 84
135 98
136 105
137 196
138 115
139 5
140 218
141 82
142 26
143 143
144 238
145 72
146 79
147 234
148 115
149 36
150 22
151 67
152 70
153 90
154 239
155 16
156 209
157 162
158 193
159 211
160 207
161 168
162 43
163 112
164 151
165 127
166 120
167 155
168 125
169 161
170 169
171 4
172 69
173 131
174 155
175 14
176 5
177 6
178 101
179 211
180 72
181 66
182 121
183 192
184 202
185 6
186 161
187 139
188 203
189 66
190 13
191 33
192 75
193 66
194 199
195 190
196 68
197 209
198 190
199 203
200 200
201 149
202 161
203 73
204 22
205 75
206 76
207 180
208 118
209 62
210 9
211 103
212 135
213 179
214 19
215 63
216 207
217 222
218 10
219 35
220 188
221 196
222 208
223 184
224 155
225 29
226 184
227 73
228 20
229 158
230 237
231 216
232 31
233 13
234 220
235 21
236 166
237 136
238 161
239 3
240 207
241 126
242 118
243 55
244 240
245 11
246 105
247 2
248 64
249 209
250 15
251 38
252 132
253 177
254 228
255 48
256 42
257 222
258 43
259 16
260 17
261 217
262 43
263 234
264 118
265 134
266 64
267 198
268 99
269 221
270 236
271 218
272 185
273 152
274 137
275 4
276 125
277 190
278 156
279 145
280 166
281 198
282 82
283 129
