0 137
1 217
2 123
3 85
4 200
5 123
6 41
7 234
8 32
9 2
10 33
11 161
12 183
13 199
14 153
15 197
16 148
17 215
18 103
19 95
20 60
21 88
22 180
23 248
24 112
25 197
26 192
27 101
28 71
29 126
30 61
31 146
32 8
33 104
34 147
35 3
36 236
37 128
38 200
39 6
40 70
41 164
42 186
43 182
44 77
45 170
46 115
47 201
48 150
49 238
50 13
51 148
52 15
53 37
54 171
55 55
56 88
57 140
58 192
59 163
60 11
61 31
62 38
63 155
64 141
65 80
66 222
67 25
68 186
69 242
70 133
71 31
72 250
73 165
74 120
75 89
76 98
77 257
78 99
79 154
80 71
81 242
82 189
83 62
84 134
85 120
86 95
87 14
88 53
89 54
90 157
91 257
92 132
93 248
94 53
95 183
96 54
97 111
98 163
99 134
100 157
101 153
102 110
103 190
104 229
105 4
106 58
107 111
108 21
109 84
110 186
111 89
112 104
113 84
114 12
115 172
116 30
117 59
118 164
119 162
120 202
121 34
122 11
123 63
124 149
125 259
126 67
127 14
128 114
129 17
130 166
131 27
132 197
133 77
134 85
135 158
136 26
137 154
138 83
139 65
140 140
141 181
142 254
143 223
144 68
145 1
146 260
147 93
148 77
149 235
150 182
151 182
152 60
153 227
154 95
155 22
156 212
157 62
158 19
159 167
160 59
161 110
162 178
163 119
164 177
165 260
166 97
167 201
168 134
169 198
170 22
171 13
172 120
173 104
174 21
175 51
176 120
177 237
178 239
179 20
180 204
181 196
182 65
183 11
184 191
185 203
186 70
187 57
188 235
189 51
190 148
191 248
192 213
193 193
194 158
195 86
196 164
197 78
198 86
199 63
200 131
201 209
202 99
203 237
204 245
205 15
206 189
207 196
208 83
209 223
210 77
211 159
212 207
213 109
214 105
215 137
216 93
217 82
218 86
219 159
220 179
221 73
222 244
223 110
224 188
225 27
226 90
227 36
228 131
229 230
230 19
231 61
232 210
233 106
234 194
235 16
236 27
237 51
238 229
239 238
240 130
241 151
242 173
243 83
244 55
245 59
246 145
247 72
248 63
249 211
250 35
251 258
252 84
253 79
254 122
255 254
256 89
257 110
258 257
259 156
260 193
261 144
262 240
263 111
264 29
265 6
266 255
267 64
268 63
269 27
270 213
271 249
272 176
273 200
274 78
275 33
276 92
277 142
278 147
279 164
280 183
281 257
282 247
283 102
284 106
285 12
