0 51
1 67
2 14
3 57
4 41
5 42
6 45
7 57
8 31
9 56
10 11
11 34
12 77
13 5
14 62
15 56
16 40
17 66
18 44
19 80
20 57
21 4
22 33
23 24
24 68
25 12
26 50
27 50
28 68
29 3
30 27
31 57
32 43
33 65
34 13
35 61
36 42
37 10
38 37
39 9
40 61
41 31
42 41
43 46
44 44
45 26
46 60
47 24
48 43
49 63
50 3
51 5
52 32
53 9
54 70
55 18
56 19
57 65
58 24
59 59
60 41
61 31
62 64
63 75
64 59
65 23
66 53
67 60
68 18
69 20
70 10
71 15
72 19
73 58
74 64
75 79
76 50
77 18
78 22
79 6
80 58
81 60
82 47
83 19
84 29
85 25
86 58
87 44
88 36
89 39
90 24
91 13
92 21
93 56
94 17
95 24
96 24
97 37
98 16
99 47
100 39
101 12
102 18
103 53
104 46
105 50
106 2
107 80
108 30
109 67
110 25
111 57
112 35
113 70
114 2
115 29
116 17
117 30
118 16
119 41
120 77
121 64
122 31
123 54
124 66
125 14
126 33
127 28
128 41
129 77
130 38
131 31
132 49
133 27
134 54
135 50
136 34
137 80
138 49
139 18
140 40
141 79
142 28
143 21
144 20
145 49
146 46
147 13
148 70
149 20
150 30
151 65
152 68
153 11
154 47
155 40
156 15
157 14
158 67
159 19
160 13
161 55
162 48
163 78
164 70
165 79
166 39
167 42
168 60
169 62
170 77
171 36
172 17
173 15
174 70
175 36
176 46
177 38
178 25
179 6
180 71
181 42
182 28
183 34
184 78
185 53
186 66
187 70
188 5
189 61
190 30
191 52
192 70
193 32
194 8
195 75
196 45
197 80
198 52
199 44
200 26
201 42
202 20
203 79
204 80
205 51
206 33
207 37
208 62
209 44
210 31
211 10
212 10
213 55
214 64
215 76
216 8
217 48
218 59
219 45
220 1
221 67
222 40
223 57
224 8
225 12
226 63
227 15
228 75
