0 20
1 63
2 57
3 75
4 5
5 80
6 16
7 53
8 46
9 115
10 65
11 83
12 61
13 101
14 82
15 111
16 74
17 103
18 58
19 127
20 122
21 131
22 95
23 99
24 89
25 85
26 20
27 37
28 84
29 95
30 47
31 66
32 53
33 134
34 5
35 75
36 109
37 71
38 115
39 51
40 70
41 116
42 102
43 41
44 72
45 139
46 4
47 28
48 50
49 125
50 131
51 40
52 71
53 6
54 10
55 115
56 44
57 76
58 125
59 14
60 55
61 64
62 111
63 100
64 75
65 7
66 41
67 72
68 135
69 53
70 93
71 27
72 64
73 43
74 93
75 45
76 82
77 54
78 57
79 126
80 69
81 70
82 24
83 114
84 57
85 59
86 97
87 14
88 79
89 34
90 129
91 78
92 33
93 124
94 49
95 78
96 71
97 137
98 118
99 135
100 68
101 61
102 5
103 89
104 17
105 14
106 134
107 48
108 72
109 100
110 85
111 124
112 51
113 119
114 57
115 29
116 120
117 72
118 64
119 132
120 22
121 13
122 1
123 68
124 134
125 85
126 86
127 131
128 37
129 71
130 123
131 105
132 37
133 57
134 59
135 30
136 122
137 41
138 28
139 131
140 27
141 7
142 17
143 68
144 102
145 125
146 43
147 45
148 33
149 125
150 66
151 39
152 86
153 38
154 81
155 84
156 129
157 102
158 131
159 60
160 46
161 113
162 89
163 36
164 55
165 76
166 56
167 38
168 130
169 139
170 21
171 20
172 124
173 27
174 77
175 53
176 83
177 131
178 9
179 131
180 124
181 117
182 60
183 109
184 105
185 134
186 67
187 110
188 48
189 21
190 137
191 117
192 2
193 133
194 47
195 101
196 107
197 61
198 39
199 24
200 98
201 25
202 135
203 31
204 127
205 82
206 130
207 89
208 104
209 99
210 105
211 23
212 20
213 34
214 34
215 13
216 12
217 135
218 129
219 18
220 107
221 7
222 120
223 134
224 131
225 46
226 76
227 78
228 59
229 55
230 7
231 62
232 5
233 9
234 72
235 12
236 72
237 16
238 80
239 117
240 16
241 18
242 132
243 24
244 69
245 26
246 31
247 88
248 23
249 81
250 105
251 42
252 85
253 35
254 97
255 4
256 22
257 47
258 41
259 97
260 90
261 81
262 89
263 39
264 135
265 86
266 99
267 44
268 6
269 36
270 133
271 107
272 120
273 33
