0 11
1 71
2 40
3 34
4 58
5 55
6 11
7 72
8 17
9 31
10 33
11 71
12 41
13 50
14 24
15 78
16 33
17 6
18 4
19 64
20 74
21 18
22 11
23 18
24 44
25 73
26 49
27 14
28 26
29 70
30 21
31 59
32 17
33 5
34 71
35 54
36 17
37 23
38 59
39 48
40 56
41 73
42 14
43 49
44 8
45 72
46 54
47 18
48 37
49 60
50 41
51 46
52 18
53 29
54 59
55 14
56 70
57 73
58 57
59 50
60 47
61 77
62 72
63 30
64 60
65 46
66 43
67 43
68 80
69 17
70 26
71 7
72 60
73 42
74 23
75 25
76 21
77 73
78 16
79 12
80 50
81 42
82 64
83 22
84 53
85 79
86 67
87 39
88 35
89 29
90 48
91 50
92 14
93 65
94 50
95 54
96 31
97 21
98 55
99 30
100 74
101 63
102 52
103 18
104 72
105 13
106 16
107 65
108 25
109 19
110 41
111 55
112 11
113 76
114 39
115 32
116 71
117 75
118 80
119 8
120 56
121 24
122 2
123 26
124 56
125 16
126 46
127 58
128 65
129 53
130 71
131 43
132 26
133 24
134 8
135 54
136 69
137 52
138 30
139 63
140 71
141 45
142 26
143 42
144 61
145 79
146 7
147 20
148 32
149 35
150 39
151 27
152 10
153 13
154 33
155 65
156 53
157 23
158 28
159 10
160 40
161 60
162 2
163 65
164 1
165 64
166 33
167 24
168 32
169 70
170 28
171 31
172 45
173 8
174 62
175 25
176 46
177 59
178 3
179 13
180 50
181 56
182 34
183 37
