0 6
1 9
2 11
3 38
4 12
5 47
6 42
7 29
8 35
9 47
10 32
11 6
12 10
13 8
14 28
15 38
16 44
17 38
18 18
19 45
20 8
21 5
22 4
23 16
24 32
25 34
26 50
27 29
28 45
29 7
30 35
31 35
32 43
33 13
34 20
35 15
36 27
37 31
38 29
39 16
40 2
41 14
42 4
43 8
44 36
45 29
46 33
47 33
48 30
49 14
50 1
51 25
52 32
53 18
54 37
55 7
56 29
57 35
58 25
59 4
60 10
61 22
62 19
63 48
64 44
65 16
66 41
67 35
68 23
69 16
70 11
71 8
72 34
73 5
74 35
75 50
76 39
77 41
78 37
79 15
80 33
81 41
82 49
83 8
84 28
85 13
86 21
87 28
88 31
89 28
90 15
91 9
92 39
93 40
94 48
95 22
96 20
97 44
98 22
99 39
100 50
101 42
102 24
103 34
104 6
105 42
106 29
107 36
108 17
109 2
110 42
111 48
112 38
113 42
114 31
115 26
116 42
117 30
118 30
119 32
120 9
121 19
122 14
123 14
124 18
125 42
126 34
127 1
128 8
129 24
130 27
131 4
132 19
133 47
134 21
135 4
136 38
137 42
138 42
139 35
140 41
141 48
142 39
143 15
144 14
145 43
146 45
147 26
148 5
149 34
150 34
151 27
152 15
153 20
154 9
155 39
156 8
157 23
158 14
159 14
160 38
161 24
162 4
163 42
164 3
165 33
166 22
167 48
168 3
169 33
170 30
171 2
172 38
173 1
174 43
175 22
176 22
177 13
178 11
179 34
180 36
181 44
182 11
183 33
184 27
185 24
186 27
187 38
188 15
189 42
190 13
191 2
192 47
193 48
194 20
195 32
196 18
197 35
198 2
199 40
200 50
201 36
202 44
203 17
204 11
205 27
206 47
207 21
208 29
209 3
210 46
211 25
212 42
213 45
214 29
215 20
216 12
217 1
218 2
219 36
220 38
221 23
222 45
223 46
224 17
225 27
226 18
227 34
228 31
229 47
230 21
231 49
232 41
233 33
234 7
235 32
236 20
237 22
238 44
239 39
240 14
241 16
242 22
243 4
244 25
245 31
246 34
247 18
248 5
249 15
250 5
251 29
252 16
253 39
254 1
255 16
256 14
257 44
258 1
259 26
260 48
261 17
262 10
263 27
264 50
265 37
266 13
