0 170
1 54
2 186
3 140
4 79
5 64
6 84
7 27
8 142
9 145
10 8
11 137
12 1
13 181
14 162
15 56
16 168
17 76
18 45
19 197
20 78
21 177
22 32
23 9
24 70
25 97
26 152
27 49
28 86
29 133
30 185
31 173
32 68
33 143
34 146
35 28
36 34
37 132
38 49
39 6
40 190
41 110
42 140
43 152
44 26
45 186
46 117
47 101
48 56
49 49
50 114
51 11
52 175
53 168
54 167
55 57
56 140
57 33
58 114
59 143
60 141
61 24
62 117
63 33
64 111
65 49
66 74
67 158
68 19
69 9
70 14
71 49
72 14
73 133
74 32
75 147
76 187
77 58
78 78
79 88
80 161
81 156
82 58
83 40
84 8
85 73
86 111
87 142
88 93
89 130
90 200
91 33
92 185
93 140
94 71
95 137
96 114
97 15
98 76
99 48
100 115
101 133
102 28
103 67
104 135
105 172
106 62
107 185
108 142
109 65
110 172
111 11
112 6
113 80
114 21
115 23
116 101
117 94
118 23
119 142
120 195
121 66
122 138
123 106
124 9
125 115
126 170
127 89
128 136
129 153
130 84
131 198
132 191
133 57
134 86
135 62
136 40
137 16
138 172
139 39
140 94
141 61
142 170
143 103
144 178
145 96
146 173
147 108
148 72
149 88
150 162
151 66
152 185
153 159
154 22
155 68
156 48
157 18
158 51
159 196
160 153
161 149
162 15
163 190
164 160
165 129
166 173
167 56
168 1
169 31
170 132
171 77
172 35
173 153
174 132
175 61
176 156
177 185
178 2
179 145
180 14
181 169
182 130
183 116
184 128
185 76
186 59
187 4
188 64
189 175
190 97
191 165
192 98
193 41
194 187
195 154
196 95
197 166
198 197
199 135
200 48
201 28
202 71
203 109
204 43
205 116
206 101
207 79
208 190
209 88
210 44
211 23
212 44
213 115
214 178
215 63
216 8
217 30
218 148
219 70
220 87
221 149
222 126
223 23
224 116
225 78
226 80
227 12
228 105
229 45
230 23
231 59
232 12
233 79
234 67
235 90
236 105
237 169
238 20
239 57
240 175
241 52
242 9
243 186
244 158
245 133
246 180
247 125
248 148
249 39
250 105
251 107
252 126
253 127
254 161
255 46
256 181
257 26
258 52
259 30
260 33
261 102
262 17
263 111
264 153
265 53
266 57
267 179
268 134
269 123
270 78
271 124
272 136
273 148
274 115
275 52
276 185
277 179
278 165
279 13
280 183
281 13
282 47
283 140
284 10
285 10
286 103
287 47
288 55
289 7
290 28
