1 15
1 5
1 19
1 6
1 25
1 23
2 13
2 27
2 0
2 6
2 28
2 5
3 18
3 19
3 7
3 0
3 5
3 16
4 9
4 13
4 20
4 16
4 3
4 22
5 5
5 0
5 30
5 27
5 19
5 28
6 15
6 19
6 22
6 24
6 21
6 27
7 1
7 11
7 21
7 19
7 3
7 28
8 15
8 21
8 16
8 12
8 14
8 18
9 17
9 0
9 11
9 23
9 21
9 30
10 23
10 25
10 20
10 27
10 13
10 2
11 5
11 24
11 25
11 21
11 27
11 28
12 7
12 25
12 29
12 22
12 12
12 24
13 19
13 11
13 3
13 9
13 26
13 14
14 10
14 26
14 30
14 14
14 4
14 24
15 13
15 1
15 4
15 24
15 25
15 9
16 30
16 24
16 13
16 16
16 28
16 2
17 16
17 20
17 8
17 1
17 12
17 22
18 16
18 0
18 19
18 4
18 29
18 21
19 15
19 26
19 28
19 30
19 9
19 21
20 27
20 19
20 1
20 10
20 21
20 28
21 8
21 30
21 26
21 9
21 0
21 19
22 20
22 24
22 12
22 22
22 29
22 0
23 11
23 19
23 27
23 30
23 23
23 2
24 25
24 11
24 20
24 27
24 22
24 29
25 13
25 16
25 6
25 9
25 19
25 0
26 30
26 3
26 0
26 15
26 16
26 19
27 13
27 5
27 17
27 24
27 19
27 6
28 19
28 2
28 22
28 4
28 10
28 16
29 22
29 6
29 19
29 3
29 0
29 30
30 29
30 10
30 13
30 25
30 15
30 0
31 11
31 12
31 23
31 14
31 19
31 26
32 16
32 13
32 30
32 5
32 24
32 6
33 7
33 27
33 22
33 19
33 10
33 12
34 7
34 30
34 12
34 14
34 10
34 19
35 19
35 1
35 7
35 14
35 17
35 9
36 27
36 2
36 11
36 28
36 0
36 19
37 1
37 8
37 26
37 28
37 30
37 3
38 6
38 19
38 3
38 16
38 0
38 21
39 22
39 12
39 2
39 19
39 16
39 14
40 16
40 19
40 2
40 7
40 21
40 28
41 24
41 25
41 27
41 7
41 28
41 30
42 28
42 30
42 9
42 27
42 3
42 0
43 6
43 28
43 1
43 8
43 9
43 11
44 24
44 26
44 0
44 2
44 21
44 3
45 6
45 8
45 9
45 11
45 19
45 27
46 16
46 13
46 19
46 9
46 7
46 11
47 21
47 26
47 22
47 28
47 30
47 15
48 20
48 24
48 7
48 30
48 28
48 1
49 28
49 27
49 30
49 20
49 11
49 0
50 19
50 14
50 17
50 5
50 11
50 21
51 24
51 21
51 29
51 0
51 6
51 25
52 13
52 10
52 24
52 4
52 15
52 7
53 13
53 9
53 16
53 19
53 3
53 22
54 16
54 11
54 13
54 22
54 19
54 21
55 24
55 8
55 13
55 25
55 19
55 21
56 9
56 11
56 19
56 24
56 13
56 4
57 6
57 5
57 8
57 19
57 13
57 21
58 13
58 10
58 25
58 19
58 27
58 15
59 24
59 14
59 16
59 0
59 19
59 29
60 9
60 30
60 19
60 16
60 5
60 21
61 25
61 4
61 10
61 0
61 27
61 30
62 2
62 16
62 7
62 9
62 19
62 3
63 3
63 19
63 30
63 28
63 11
63 25
64 1
64 13
64 24
64 15
64 16
64 26
65 24
65 8
65 19
65 30
65 28
65 0
66 13
66 22
66 19
66 10
66 21
66 25
67 17
67 24
67 26
67 8
67 28
67 5
68 13
68 15
68 11
68 6
68 22
68 24
69 1
69 16
69 14
69 3
69 7
69 25
70 27
70 3
70 22
70 28
70 7
70 17
71 11
71 26
71 6
71 13
71 24
71 28
72 21
72 22
72 30
72 24
72 10
72 14
73 13
73 10
73 4
73 22
73 19
73 15
74 10
74 16
74 19
74 30
74 22
74 0
75 7
75 14
75 20
75 27
75 25
75 9
76 26
76 0
76 17
76 11
76 2
76 24
77 13
77 27
77 15
77 19
77 25
77 3
78 15
78 25
78 19
78 0
78 24
78 22
79 20
79 22
79 24
79 10
79 8
79 25
80 10
80 0
80 2
80 24
80 19
80 21
81 21
81 5
81 11
81 7
81 9
81 13
82 17
82 8
82 11
82 15
82 20
82 22
83 30
83 24
83 22
83 0
83 28
83 25
84 28
84 15
84 20
84 22
84 14
84 24
85 22
85 29
85 0
85 2
85 10
85 20
86 0
86 27
86 28
86 24
86 4
86 6
87 5
87 1
87 24
87 26
87 3
87 28
88 27
88 4
88 7
88 25
88 20
88 16
89 25
89 8
89 21
89 13
89 4
89 22
90 13
90 27
90 19
90 29
90 0
90 21
91 2
91 19
91 16
91 24
91 5
91 21
92 24
92 13
92 25
92 30
92 5
92 19
93 13
93 19
93 24
93 25
93 8
93 11
94 22
94 10
94 6
94 0
94 8
94 15
95 14
95 6
95 8
95 29
95 17
95 0
96 3
96 10
96 29
96 24
96 25
96 13
97 20
97 22
97 16
97 29
97 25
97 0
98 26
98 24
98 28
98 10
98 17
98 30
99 20
99 3
99 30
99 22
99 5
99 24
100 22
100 9
100 19
100 6
100 8
100 5
101 13
101 24
101 29
101 0
101 15
101 19
102 28
102 7
102 17
102 10
102 19
102 15
103 2
103 27
103 10
103 3
103 19
103 28
104 24
104 20
104 26
104 15
104 29
104 8
105 21
105 3
105 5
105 7
105 25
105 13
106 25
106 3
106 29
106 16
106 5
106 27
107 7
107 28
107 1
107 9
107 11
107 27
108 8
108 9
108 5
108 11
108 13
108 21
109 14
109 21
109 24
109 1
109 27
109 25
110 14
110 10
110 15
110 27
110 28
110 4
111 29
111 0
111 13
111 15
111 6
111 24
112 9
112 7
112 24
112 1
112 27
112 4
113 30
113 0
113 22
113 21
113 2
113 10
114 24
114 15
114 22
114 30
114 19
114 13
115 14
115 24
115 9
115 3
115 5
115 0
116 17
116 30
116 4
116 6
116 19
116 21
117 3
117 16
117 5
117 6
117 24
117 8
118 8
118 0
118 2
118 14
118 20
118 30
119 29
119 0
119 24
119 19
119 17
119 21
120 8
120 28
120 4
120 15
120 0
120 9
121 2
121 9
121 30
121 19
121 21
121 0
122 11
122 9
122 19
122 21
122 25
122 4
123 8
123 26
123 17
123 11
123 28
123 14
124 26
124 5
124 6
124 24
124 15
124 19
125 0
125 8
125 4
125 24
125 25
125 17
126 8
126 19
126 10
126 28
126 4
126 27
127 19
127 25
127 21
127 22
127 11
127 13
128 0
128 13
128 8
128 5
128 15
128 6
129 9
129 28
129 21
129 25
129 11
129 24
130 24
130 4
130 26
130 28
130 0
130 30
131 20
131 1
131 16
131 8
131 24
131 30
132 17
132 5
132 28
132 19
132 9
132 27
133 25
133 1
133 17
133 19
133 22
133 29
134 9
134 26
134 28
134 24
134 14
134 20
135 3
135 19
135 21
135 14
135 15
135 2
136 7
136 13
136 15
136 2
136 3
136 16
137 26
137 7
137 28
137 19
137 13
137 21
138 19
138 4
138 6
138 30
138 0
138 8
139 19
139 22
139 15
139 17
139 30
139 25
140 6
140 16
140 0
140 3
140 21
140 5
141 19
141 25
141 27
141 28
141 16
141 30
142 8
142 13
142 22
142 24
142 0
142 5
143 16
143 0
143 28
143 24
143 22
143 19
144 14
144 2
144 3
144 15
144 8
144 0
145 21
145 10
145 26
145 0
145 13
145 15
146 21
146 10
146 13
146 15
146 2
146 16
147 19
147 21
147 9
147 22
147 24
147 28
148 28
148 22
148 11
148 9
148 24
148 30
149 5
149 28
149 0
149 17
149 20
149 24
150 13
150 8
150 22
150 15
150 10
150 4
151 11
151 30
151 24
151 13
151 25
151 22
152 21
152 9
152 24
152 28
152 11
152 14
153 13
153 19
153 29
153 7
153 9
153 24
154 7
154 15
154 1
154 3
154 9
154 19
155 28
155 1
155 16
155 19
155 21
155 3
156 21
156 22
156 29
156 0
156 2
156 25
157 9
157 26
157 19
157 11
157 4
157 6
158 24
158 10
158 7
158 26
158 15
158 16
159 29
159 0
159 24
159 7
159 2
159 19
160 27
160 24
160 16
160 25
160 22
160 11
161 10
161 20
161 8
161 5
161 13
161 15
162 21
162 3
162 19
162 26
162 2
162 17
163 20
163 22
163 1
163 24
163 11
163 6
164 30
164 22
164 0
164 13
164 19
164 25
165 24
165 25
165 5
165 2
165 11
165 3
166 14
166 16
166 4
166 19
166 21
166 1
167 10
167 1
167 3
167 21
167 24
167 5
168 10
168 7
168 14
168 15
168 26
168 24
169 13
169 20
169 29
169 25
169 5
169 0
170 24
170 14
170 27
170 10
170 28
170 15
171 4
171 7
171 19
171 21
171 2
171 13
172 0
172 3
172 27
172 21
172 9
172 16
173 13
173 26
173 30
173 22
173 24
173 2
174 25
174 22
174 16
174 19
174 11
174 0
175 22
175 10
175 24
175 16
175 25
175 7
176 10
176 19
176 13
176 5
176 15
176 8
177 13
177 26
177 3
177 24
177 28
177 10
178 5
178 15
178 10
178 13
178 20
178 8
179 14
179 15
179 3
179 0
179 24
179 29
180 10
180 8
180 2
180 20
180 3
180 25
181 10
181 30
181 20
181 4
181 13
181 6
182 2
182 24
182 20
182 0
182 22
182 27
183 21
183 10
183 8
183 4
183 0
183 24
184 7
184 29
184 0
184 24
184 25
184 5
185 5
185 20
185 22
185 10
185 24
185 26
186 16
186 20
186 22
186 1
186 24
186 25
187 8
187 28
187 25
187 30
187 9
187 20
188 20
188 9
188 26
188 11
188 29
188 24
189 20
189 29
189 9
189 15
189 26
189 11
190 8
190 24
190 0
190 25
190 2
190 16
191 8
191 21
191 22
191 28
191 24
191 9
192 15
192 5
192 9
192 0
192 20
192 22
193 20
193 7
193 24
193 22
193 29
193 13
194 11
194 21
194 25
194 30
194 27
194 0
195 20
195 0
195 4
195 11
195 27
195 13
196 20
196 22
196 10
196 2
196 29
196 13
197 13
197 1
197 20
197 24
197 22
197 6
198 0
198 20
198 29
198 10
198 13
198 8
199 27
199 1
199 8
199 3
199 9
199 28
200 20
200 15
200 26
200 9
200 29
200 22
201 20
201 22
201 24
201 3
201 16
201 25
202 8
202 15
202 24
202 3
202 29
202 1
203 10
203 16
203 14
203 20
203 1
203 3
204 30
204 20
204 22
204 5
204 24
204 27
205 14
205 9
205 20
205 26
205 15
205 22
206 15
206 16
206 21
206 7
206 22
206 4
207 20
207 22
207 6
207 5
207 10
207 3
208 27
208 28
208 25
208 9
208 0
208 2
209 2
209 25
209 3
209 27
209 13
209 21
210 20
210 14
210 15
210 29
210 16
210 0
211 26
211 13
211 8
211 5
211 15
211 6
212 9
212 7
212 16
212 11
212 0
212 2
213 24
213 2
213 26
213 7
213 29
213 22
214 1
214 24
214 3
214 7
214 20
214 22
215 25
215 20
215 0
215 2
215 3
215 24
216 8
216 25
216 1
216 20
216 10
216 13
217 2
217 26
217 3
217 6
217 22
217 13
218 28
218 14
218 20
218 22
218 24
218 25
219 28
219 20
219 22
219 30
219 3
219 24
220 20
220 29
220 27
220 22
220 0
220 2
221 13
221 21
221 5
221 1
221 3
221 6
222 27
222 0
222 14
222 28
222 24
222 4
223 27
223 9
223 5
223 24
223 28
223 8
224 7
224 20
224 5
224 13
224 29
224 0
225 9
225 5
225 11
225 20
225 27
225 22
226 20
226 22
226 16
226 24
226 10
226 25
227 29
227 8
227 3
227 20
227 24
227 5
228 22
228 20
228 27
228 24
228 13
228 28
229 20
229 13
229 1
229 29
229 15
229 16
230 13
230 28
230 16
230 27
230 30
230 5
231 0
231 24
231 20
231 13
231 25
231 9
232 27
232 30
232 5
232 15
232 28
232 10
233 29
233 27
233 8
233 22
233 0
233 13
234 20
234 4
234 25
234 14
234 6
234 15
235 6
235 24
235 20
235 22
235 25
235 3
236 16
236 4
236 24
236 6
236 30
236 25
237 16
237 21
237 6
237 22
237 3
237 8
238 15
238 24
238 7
238 20
238 10
238 30
239 27
239 1
239 28
239 7
239 20
239 22
240 20
240 22
240 24
240 3
240 15
240 25
241 27
241 5
241 3
241 15
241 7
241 9
242 20
242 13
242 24
242 15
242 5
242 27
243 14
243 0
243 6
243 9
243 11
243 2
244 27
244 2
244 24
244 3
244 20
244 0
245 0
245 15
245 2
245 11
245 3
245 5
246 1
246 5
246 20
246 30
246 3
246 27
247 0
247 30
247 13
247 16
247 20
247 3
248 20
248 13
248 25
248 6
248 27
248 22
249 11
249 21
249 22
249 25
249 3
249 6
250 21
250 9
250 16
250 22
250 6
250 5
251 9
251 20
251 27
251 5
251 28
251 0
252 5
252 0
252 20
252 16
252 2
252 13
253 9
253 27
253 11
253 28
253 30
253 7
254 22
254 1
254 24
254 3
254 5
254 28
255 20
255 27
255 16
255 10
255 13
255 22
256 5
256 0
256 20
256 27
256 29
256 22
257 21
257 25
257 5
257 16
257 6
257 2
258 10
258 29
258 13
258 15
258 20
258 22
259 10
259 7
259 4
259 2
259 14
259 22
260 16
260 21
260 3
260 8
260 9
260 2
261 27
261 28
261 30
261 15
261 0
261 13
262 25
262 28
262 8
262 20
262 16
262 22
263 22
263 20
263 24
263 27
263 13
263 28
264 16
264 27
264 22
264 28
264 20
264 24
265 10
265 20
265 4
265 27
265 13
265 6
266 20
266 13
266 10
266 27
266 22
266 5
267 11
267 20
267 14
267 28
267 1
267 16
268 1
268 13
268 27
268 3
268 29
268 5
269 27
269 20
269 0
269 24
269 5
269 2
270 21
270 11
270 3
270 13
270 15
270 22
271 5
271 27
271 6
271 28
271 13
271 30
272 4
272 15
272 29
272 13
272 22
272 6
273 25
273 9
273 20
273 11
273 13
273 8
274 27
274 15
274 28
274 16
274 4
274 25
275 9
275 3
275 27
275 29
275 24
275 25
276 20
276 3
276 27
276 24
276 22
276 5
277 16
277 20
277 25
277 1
277 22
277 27
278 22
278 20
278 15
278 30
278 3
278 6
279 25
279 2
279 8
279 0
279 3
279 20
280 8
280 3
280 20
280 22
280 5
280 15
281 30
281 4
281 25
281 27
281 11
281 20
282 25
282 5
282 14
282 20
282 10
282 22
283 13
283 20
283 4
283 11
283 6
283 22
284 22
284 2
284 8
284 3
284 20
284 25
285 5
285 20
285 22
285 6
285 10
285 14
286 20
286 14
286 4
286 22
286 28
286 16
287 5
287 6
287 20
287 25
287 29
287 15
288 25
288 2
288 8
288 29
288 3
288 0
289 14
289 20
289 22
289 29
289 25
289 27
290 4
290 6
290 30
290 25
290 20
290 11
291 21
291 8
291 25
291 1
291 22
291 27
292 29
292 0
292 20
292 2
292 6
292 13
293 21
293 25
293 4
293 29
293 11
293 0
294 15
294 20
294 10
294 2
294 6
294 13
295 13
295 16
295 7
295 25
295 27
295 5
296 13
296 16
296 20
296 22
296 27
296 9
297 27
297 25
297 14
297 2
297 28
297 15
298 11
298 14
298 0
298 15
298 27
298 16
299 4
299 21
299 22
299 29
299 0
299 25
300 25
300 20
300 27
300 22
300 3
300 28
301 0
301 27
301 30
301 3
301 2
301 20
302 5
302 14
302 20
302 30
302 27
302 22
303 27
303 0
303 2
303 20
303 22
303 3
304 27
304 20
304 22
304 2
304 3
304 30
305 8
305 21
305 14
305 1
305 3
305 22
306 22
306 20
306 27
306 3
306 25
306 28
307 3
307 30
307 20
307 13
307 0
307 5
308 8
308 20
308 1
308 9
308 11
308 5
309 11
309 27
309 20
309 2
309 0
309 13
310 13
310 4
310 1
310 27
310 25
310 9
311 14
311 15
311 8
311 25
311 16
311 20
312 13
312 28
312 1
312 15
312 22
312 25
313 5
313 25
313 27
313 13
313 11
313 6
314 28
314 21
314 27
314 3
314 30
314 5
315 1
315 28
315 3
315 6
315 25
315 5
316 8
316 15
316 0
316 9
316 5
316 11
317 9
317 28
317 13
317 22
317 25
317 16
318 28
318 0
318 3
318 21
318 14
318 27
319 4
319 20
319 10
319 6
319 29
319 27
320 21
320 25
320 29
320 16
320 27
320 22
321 25
321 27
321 21
321 16
321 1
321 13
322 28
322 7
322 30
322 1
322 13
322 3
323 13
323 20
323 15
323 9
323 5
323 11
324 9
324 27
324 11
324 22
324 13
324 15
325 11
325 15
325 2
325 0
325 20
325 27
326 5
326 20
326 11
326 25
326 27
326 3
327 20
327 27
327 13
327 2
327 3
327 30
328 20
328 27
328 28
328 22
328 25
328 6
329 2
329 30
329 20
329 9
329 6
329 13
330 27
330 3
330 25
330 5
330 14
330 28
331 2
331 27
331 0
331 15
331 5
331 20
332 7
332 13
332 5
332 9
332 20
332 22
333 8
333 20
333 9
333 25
333 16
333 27
334 29
334 25
334 9
334 16
334 3
334 27
335 25
335 20
335 14
335 27
335 8
335 22
336 9
336 25
336 3
336 20
336 1
336 5
337 30
337 27
337 10
337 20
337 25
337 4
338 15
338 22
338 13
338 20
338 3
338 5
339 28
339 20
339 25
339 2
339 22
339 15
340 8
340 9
340 21
340 22
340 25
340 13
341 4
341 13
341 22
341 20
341 27
341 6
342 27
342 4
342 20
342 15
342 22
342 7
343 25
343 21
343 2
343 0
343 13
343 9
344 14
344 15
344 6
344 30
344 2
344 8
345 15
345 14
345 0
345 16
345 7
345 4
346 10
346 0
346 2
346 8
346 25
346 3
347 22
347 5
347 6
347 9
347 25
347 13
348 9
348 13
348 25
348 6
348 4
348 22
349 30
349 5
349 9
349 13
349 16
349 25
350 29
350 25
350 0
350 27
350 15
350 16
351 13
351 29
351 8
351 21
351 15
351 9
352 29
352 6
352 8
352 3
352 21
352 5
353 14
353 20
353 10
353 8
353 6
353 15
354 8
354 25
354 10
354 1
354 4
354 27
355 2
355 6
355 25
355 15
355 5
355 10
356 1
356 3
356 13
356 20
356 15
356 28
357 22
357 2
357 6
357 13
357 29
357 21
358 29
358 25
358 16
358 5
358 6
358 8
359 3
359 22
359 5
359 29
359 27
359 0
360 4
360 6
360 8
360 9
360 28
360 13
361 21
361 25
361 30
361 14
361 22
361 16
362 30
362 0
362 13
362 4
362 8
362 15
363 13
363 30
363 20
363 16
363 3
363 25
364 29
364 25
364 20
364 13
364 0
364 3
365 9
365 6
365 8
365 14
365 16
365 20
366 27
366 4
366 28
366 30
366 0
366 15
367 8
367 27
367 16
367 2
367 6
367 25
368 27
368 1
368 3
368 5
368 25
368 6
369 1
369 3
369 5
369 7
369 22
369 13
370 22
370 25
370 27
370 8
370 10
370 3
371 14
371 7
371 22
371 15
371 20
371 25
372 25
372 13
372 1
372 15
372 16
372 20
373 4
373 8
373 9
373 20
373 13
373 0
374 27
374 28
374 2
374 30
374 7
374 20
375 21
375 25
375 30
375 27
375 22
375 28
376 27
376 5
376 6
376 20
376 8
376 25
377 5
377 29
377 14
377 0
377 20
377 22
378 2
378 22
378 27
378 20
378 30
378 3
379 1
379 4
379 6
379 29
379 13
379 27
380 29
380 8
380 5
380 2
380 13
380 6
381 20
381 22
381 25
381 1
381 27
381 29
382 20
382 15
382 4
382 6
382 25
382 13
383 27
383 7
383 0
383 9
383 22
383 21
384 25
384 22
384 13
384 15
384 16
384 20
385 29
385 4
385 25
385 20
385 8
385 22
386 0
386 15
386 20
386 9
386 13
386 16
387 0
387 14
387 25
387 6
387 10
387 5
388 30
388 5
388 6
388 0
388 9
388 13
389 20
389 10
389 15
389 27
389 13
389 16
390 29
390 9
390 0
390 13
390 20
390 15
391 25
391 27
391 29
391 22
391 2
391 0
392 1
392 7
392 20
392 27
392 3
392 5
393 15
393 1
393 27
393 9
393 14
393 6
394 9
394 27
394 1
394 15
394 7
394 20
395 13
395 4
395 21
395 6
395 16
395 22
396 6
396 4
396 16
396 9
396 0
396 27
397 25
397 27
397 20
397 15
397 22
397 14
398 25
398 27
398 13
398 20
398 22
398 15
399 15
399 22
399 1
399 10
399 25
399 3
400 25
400 10
400 21
400 22
400 3
400 27
401 4
401 6
401 2
401 27
401 21
401 25
402 13
402 20
402 15
402 27
402 1
402 9
403 25
403 20
403 3
403 27
403 5
403 29
404 13
404 25
404 27
404 5
404 3
404 29
405 15
405 16
405 4
405 7
405 9
405 0
406 14
406 29
406 10
406 15
406 0
406 16
407 5
407 27
407 6
407 20
407 22
407 10
408 20
408 0
408 25
408 2
408 16
408 3
409 6
409 20
409 15
409 22
409 16
409 25
410 29
410 9
410 15
410 20
410 0
410 22
411 4
411 6
411 1
411 22
411 20
411 25
412 30
412 15
412 13
412 5
412 27
412 25
413 22
413 20
413 29
413 25
413 27
413 0
414 27
414 13
414 5
414 29
414 15
414 16
415 16
415 25
415 0
415 29
415 27
415 2
416 3
416 29
416 13
416 15
416 1
416 5
417 9
417 15
417 30
417 0
417 20
417 2
418 13
418 29
418 1
418 3
418 15
418 20
419 9
419 22
419 25
419 14
419 6
419 27
420 20
420 22
420 29
420 25
420 27
420 1
421 30
421 10
421 13
421 15
421 25
421 6
422 10
422 7
422 25
422 3
422 27
422 15
423 20
423 25
423 2
423 13
423 22
423 3
424 14
424 15
424 20
424 16
424 22
424 25
425 27
425 1
425 16
425 13
425 20
425 22
426 9
426 16
426 20
426 2
426 7
426 13
427 6
427 20
427 5
427 13
427 9
427 15
428 25
428 27
428 6
428 20
428 22
428 4
429 1
429 6
429 20
429 25
429 13
429 4
430 22
430 4
430 13
430 6
430 9
430 15
431 25
431 13
431 27
431 20
431 5
431 29
432 16
432 25
432 21
432 4
432 6
432 9
433 1
433 13
433 5
433 15
433 29
433 27
434 13
434 25
434 15
434 16
434 20
434 22
435 25
435 9
435 22
435 29
435 20
435 1
436 25
436 20
436 15
436 3
436 1
436 29
437 15
437 21
437 25
437 27
437 22
437 29
438 15
438 20
438 16
438 1
438 3
438 22
439 9
439 21
439 13
439 27
439 15
439 16
440 13
440 1
440 25
440 9
440 3
440 20
441 13
441 20
441 7
441 2
441 15
441 16
442 25
442 1
442 6
442 9
442 13
442 20
443 21
443 5
443 3
443 25
443 1
443 16
444 27
444 3
444 7
444 25
444 20
444 22
445 1
445 20
445 22
445 27
445 3
445 25
446 21
446 25
446 22
446 27
446 29
446 1
447 29
447 1
447 3
447 9
447 20
447 14
448 14
448 20
448 10
448 30
448 15
448 5
449 9
449 15
449 16
449 13
449 20
449 29
450 13
450 20
450 7
450 25
450 4
450 9
451 1
451 13
451 20
451 22
451 15
451 16
452 4
452 6
452 13
452 20
452 15
452 16
453 13
453 25
453 7
453 20
453 2
453 30
454 10
454 5
454 29
454 6
454 13
454 15
455 13
455 27
455 29
455 1
455 16
455 25
456 1
456 13
456 25
456 10
456 15
456 30
457 15
457 13
457 6
457 9
457 4
457 27
458 9
458 13
458 5
458 30
458 20
458 22
459 20
459 10
459 13
459 15
459 4
459 22
460 16
460 4
460 6
460 9
460 13
460 20
461 3
461 7
461 21
461 2
461 5
461 9
462 21
462 4
462 27
462 22
462 6
462 10
463 4
463 13
463 15
463 16
463 10
463 20
464 5
464 1
464 27
464 6
464 13
464 29
465 1
465 7
465 3
465 20
465 5
465 9
466 6
466 14
466 15
466 29
466 1
466 3
467 15
467 20
467 22
467 9
467 25
467 27
468 20
468 15
468 25
468 22
468 1
468 29
469 22
469 4
469 6
469 14
469 9
469 29
470 3
470 10
470 22
470 13
470 15
470 30
471 1
471 9
471 25
471 20
471 16
471 22
472 7
472 20
472 13
472 27
472 25
472 9
473 27
473 10
473 20
473 22
473 2
473 25
474 15
474 27
474 25
474 29
474 1
474 3
475 20
475 22
475 14
475 9
475 27
475 1
476 29
476 1
476 27
476 25
476 16
476 13
477 13
477 20
477 25
477 27
477 22
477 15
478 13
478 6
478 20
478 16
478 29
478 2
479 29
479 15
479 9
479 3
479 1
479 6
480 10
480 4
480 27
480 13
480 1
480 15
481 20
481 4
481 2
481 6
481 9
481 27
482 20
482 1
482 13
482 27
482 22
482 16
483 13
483 20
483 16
483 2
483 3
483 22
484 20
484 13
484 1
484 22
484 3
484 27
485 30
485 1
485 10
485 20
485 22
485 3
486 2
486 9
486 6
486 13
486 20
486 15
487 3
487 10
487 25
487 20
487 6
487 27
488 13
488 1
488 4
488 15
488 6
488 30
489 9
489 3
489 16
489 25
489 27
489 13
490 25
490 21
490 13
490 1
490 22
490 15
491 10
491 29
491 2
491 25
491 3
491 13
492 4
492 15
492 9
492 30
492 1
492 16
493 1
493 20
493 3
493 30
493 25
493 14
494 25
494 4
494 9
494 13
494 20
494 29
495 25
495 1
495 29
495 13
495 20
495 27
496 25
496 16
496 4
496 6
496 13
496 29
497 15
497 22
497 9
497 13
497 16
497 20
498 10
498 29
498 1
498 4
498 13
498 6
499 9
499 2
499 13
499 15
499 25
499 30
500 27
500 25
500 10
500 1
500 29
500 3
501 20
501 27
501 13
501 30
501 1
501 3
502 20
502 3
502 13
502 9
502 27
502 15
503 14
503 20
503 29
503 22
503 1
503 25
504 20
504 29
504 22
504 25
504 1
504 14
505 21
505 25
505 4
505 13
505 22
505 29
506 25
506 29
506 1
506 10
506 22
506 3
507 20
507 25
507 1
507 29
507 3
507 5
508 15
508 20
508 13
508 22
508 4
508 9
509 6
509 25
509 14
509 5
509 21
509 15
510 15
510 14
510 20
510 16
510 2
510 10
511 9
511 6
511 21
511 15
511 29
511 13
512 21
512 29
512 13
512 5
512 1
512 3
513 30
513 3
513 5
513 1
513 6
513 9
514 29
514 5
514 13
514 10
514 1
514 21
515 13
515 25
515 3
515 1
515 21
515 6
516 9
516 13
516 29
516 15
516 16
516 1
517 25
517 6
517 14
517 29
517 9
517 5
518 9
518 30
518 2
518 7
518 25
518 15
519 30
519 1
519 3
519 13
519 15
519 9
520 25
520 9
520 1
520 3
520 5
520 22
521 21
521 4
521 13
521 25
521 15
521 29
522 29
522 16
522 21
522 13
522 22
522 25
523 10
523 1
523 5
523 3
523 13
523 21
524 1
524 14
524 21
524 25
524 3
524 29
525 5
525 2
525 16
525 29
525 13
525 21
526 21
526 13
526 2
526 15
526 16
526 22
527 7
527 13
527 29
527 21
527 5
527 1
528 1
528 21
528 22
528 5
528 6
528 9
529 10
529 13
529 3
529 29
529 21
529 15
530 25
530 29
530 6
530 1
530 9
530 3
531 21
531 13
531 15
531 22
531 16
531 25
532 2
532 21
532 10
532 3
532 22
532 25
533 1
533 21
533 4
533 6
533 15
533 9
534 13
534 25
534 16
534 21
534 6
534 22
535 16
535 1
535 21
535 9
535 3
535 25
536 21
536 9
536 15
536 25
536 4
536 2
537 29
537 7
537 25
537 5
537 1
537 21
538 22
538 13
538 29
538 1
538 16
538 7
539 25
539 7
539 22
539 29
539 21
539 2
540 10
540 29
540 1
540 15
540 4
540 13
541 15
541 30
541 2
541 21
541 9
541 22
542 29
542 3
542 9
542 1
542 21
542 13
543 4
543 25
543 6
543 14
543 1
543 29
544 25
544 29
544 6
544 22
544 10
544 1
545 1
545 29
545 25
545 4
545 6
545 9
546 7
546 10
546 13
546 3
546 22
546 25
547 22
547 25
547 9
547 15
547 13
547 16
548 7
548 4
548 22
548 10
548 13
548 15
549 7
549 3
549 29
549 25
549 1
549 9
550 16
550 5
550 22
550 29
550 1
550 10
551 13
551 29
551 15
551 16
551 7
551 1
552 13
552 15
552 29
552 25
552 4
552 1
553 25
553 1
553 3
553 6
553 29
553 22
554 4
554 25
554 30
554 13
554 7
554 22
555 13
555 30
555 15
555 16
555 22
555 2
556 25
556 10
556 1
556 3
556 22
556 5
557 22
557 25
557 29
557 3
557 1
557 5
558 22
558 25
558 29
558 14
558 1
558 6
559 4
559 13
559 22
559 6
559 16
559 25
560 9
560 13
560 7
560 29
560 1
560 15
561 2
561 10
561 22
561 14
561 15
561 7
562 29
562 1
562 3
562 5
562 13
562 22
563 22
563 25
563 29
563 1
563 3
563 5
564 13
564 25
564 4
564 29
564 6
564 1
565 29
565 25
565 22
565 1
565 3
565 13
566 1
566 22
566 25
566 29
566 3
566 13
567 22
567 30
567 25
567 1
567 13
567 4
568 3
568 5
568 25
568 22
568 29
568 14
569 22
569 25
569 29
569 1
569 7
569 3
570 29
570 25
570 3
570 22
570 13
570 1
571 6
571 22
571 5
571 9
571 13
571 15
572 25
572 29
572 22
572 13
572 16
572 9
573 6
573 1
573 29
573 9
573 13
573 22
574 22
574 15
574 29
574 1
574 10
574 25
575 16
575 22
575 14
575 5
575 25
575 10
576 30
576 22
576 1
576 13
576 3
576 9
577 29
577 9
577 1
577 22
577 16
577 13
578 6
578 9
578 25
578 4
578 29
578 16
579 10
579 22
579 25
579 29
579 14
579 3
580 29
580 7
580 9
580 13
580 1
580 3
581 9
581 13
581 1
581 15
581 5
581 16
582 25
582 1
582 4
582 22
582 29
582 7
583 2
583 6
583 29
583 14
583 22
583 3
584 29
584 7
584 14
584 9
584 15
584 22
585 1
585 10
585 14
585 25
585 22
585 15
586 14
586 3
586 15
586 5
586 22
586 2
587 22
587 4
587 25
587 1
587 29
587 6
588 29
588 22
588 25
588 3
588 1
588 5
589 30
589 22
589 5
589 15
589 14
589 16
590 22
590 7
590 29
590 14
590 25
590 1
591 29
591 25
591 14
591 1
591 3
591 6
592 1
592 16
592 5
592 10
592 22
592 29
593 10
593 22
593 25
593 14
593 1
593 15
594 29
594 22
594 25
594 9
594 3
594 1
595 29
595 1
595 25
595 9
595 22
595 3
596 1
596 10
596 16
596 6
596 3
596 14
597 2
597 16
597 3
597 22
597 9
597 25
598 29
598 22
598 25
598 1
598 3
598 15
599 25
599 22
599 29
599 1
599 3
599 5
600 9
600 22
600 5
600 25
600 2
600 14
601 30
601 25
601 1
601 14
601 3
601 15
602 6
602 22
602 9
602 25
602 29
602 3
603 22
603 29
603 1
603 3
603 5
603 25
604 9
604 14
604 15
604 29
604 5
604 25
605 15
605 29
605 1
605 3
605 22
605 16
606 22
606 3
606 29
606 25
606 5
606 1
607 29
607 3
607 25
607 5
607 22
607 6
608 15
608 14
608 22
608 16
608 4
608 25
609 29
609 6
609 22
609 15
609 1
609 4
610 14
610 16
610 22
610 25
610 9
610 29
611 4
611 25
611 14
611 9
611 1
611 6
612 22
612 30
612 14
612 6
612 1
612 3
613 10
613 4
613 2
613 14
613 22
613 25
614 29
614 14
614 15
614 16
614 22
614 2
615 15
615 5
615 6
615 1
615 25
615 22
616 10
616 22
616 6
616 25
616 14
616 15
617 14
617 29
617 22
617 15
617 25
617 1
618 22
618 16
618 14
618 4
618 25
618 29
619 22
619 25
619 14
619 16
619 10
619 29
620 25
620 16
620 6
620 29
620 9
620 1
621 25
621 6
621 1
621 29
621 22
621 3
622 4
622 22
622 1
622 6
622 15
622 9
623 30
623 14
623 2
623 3
623 5
623 6
624 14
624 29
624 15
624 16
624 25
624 22
625 10
625 14
625 29
625 6
625 25
625 1
626 30
626 14
626 7
626 25
626 15
626 1
627 6
627 22
627 25
627 14
627 9
627 15
628 22
628 16
628 25
628 14
628 30
628 1
629 7
629 30
629 22
629 25
629 1
629 3
630 22
630 7
630 29
630 9
630 25
630 1
631 1
631 7
631 22
631 29
631 3
631 25
632 14
632 6
632 22
632 3
632 9
632 25
633 3
633 16
633 5
633 6
633 29
633 2
634 2
634 14
634 15
634 22
634 29
634 25
635 7
635 14
635 9
635 15
635 22
635 25
636 14
636 4
636 22
636 1
636 6
636 25
637 14
637 25
637 29
637 1
637 3
637 5
638 22
638 25
638 1
638 29
638 7
638 14
639 7
639 9
639 4
639 29
639 1
639 14
640 22
640 29
640 25
640 1
640 3
640 5
641 22
641 1
641 14
641 25
641 3
641 29
642 9
642 22
642 29
642 25
642 2
642 14
643 6
643 5
643 25
643 22
643 29
643 14
644 6
644 1
644 25
644 29
644 3
644 5
645 22
645 10
645 29
645 14
645 15
645 7
646 7
646 25
646 10
646 29
646 22
646 14
647 22
647 3
647 9
647 14
647 15
647 29
648 1
648 14
648 7
648 29
648 25
648 3
649 14
649 30
649 1
649 22
649 25
649 3
650 3
650 25
650 22
650 1
650 29
650 5
651 14
651 22
651 15
651 9
651 4
651 2
652 14
652 2
652 15
652 3
652 22
652 25
653 7
653 1
653 14
653 4
653 9
653 15
654 25
654 1
654 29
654 9
654 4
654 6
655 30
655 14
655 22
655 25
655 15
655 1
656 7
656 15
656 22
656 30
656 25
656 1
657 22
657 25
657 29
657 9
657 1
657 4
658 22
658 15
658 14
658 25
658 6
658 29
659 29
659 22
659 1
659 25
659 4
659 14
660 29
660 2
660 4
660 14
660 6
660 9
661 29
661 2
661 4
661 6
661 9
661 14
662 15
662 29
662 9
662 2
662 4
662 7
663 2
663 6
663 4
663 29
663 14
663 9
664 29
664 15
664 14
664 2
664 4
664 6
665 2
665 29
665 4
665 6
665 10
665 14
666 4
666 29
666 9
666 14
666 2
666 6
667 7
667 9
667 14
667 15
667 5
667 29
668 14
668 15
668 9
668 29
668 2
668 4
669 30
669 2
669 4
669 6
669 9
669 14
670 2
670 14
670 29
670 5
670 7
670 9
671 29
671 2
671 5
671 6
671 9
671 14
672 29
672 5
672 6
672 2
672 9
672 14
673 29
673 9
673 2
673 5
673 6
673 14
674 29
674 2
674 5
674 6
674 9
674 14
675 29
675 2
675 5
675 6
675 9
675 14
676 14
676 29
676 15
676 2
676 5
676 7
677 29
677 2
677 14
677 5
677 7
677 9
678 2
678 29
678 14
678 5
678 6
678 10
679 14
679 29
679 2
679 9
679 5
679 6
680 29
680 2
680 14
680 9
680 5
680 6
681 5
681 29
681 14
681 9
681 15
681 2
682 5
682 9
682 14
682 29
682 15
682 6
683 2
683 29
683 9
683 5
683 6
683 14
684 5
684 9
684 14
684 29
684 2
684 7
685 29
685 10
685 2
685 5
685 6
685 14
686 29
686 2
686 9
686 5
686 6
686 14
687 29
687 2
687 5
687 6
687 15
687 9
688 5
688 29
688 2
688 6
688 9
688 14
689 2
689 10
689 29
689 5
689 6
689 14
690 14
690 29
690 2
690 15
690 5
690 6
691 9
691 7
691 29
691 2
691 5
691 14
692 29
692 2
692 14
692 5
692 6
692 9
693 29
693 2
693 5
693 6
693 9
693 15
694 14
694 29
694 2
694 5
694 6
694 9
695 29
695 14
695 2
695 5
695 6
695 9
696 30
696 5
696 2
696 6
696 15
696 9
697 5
697 29
697 2
697 6
697 9
697 14
698 29
698 2
698 15
698 14
698 10
698 5
699 29
699 2
699 5
699 6
699 9
699 14
700 30
700 14
700 2
700 5
700 6
700 15
701 29
701 5
701 9
701 14
701 6
701 2
702 5
702 14
702 15
702 2
702 29
702 9
703 15
703 29
703 9
703 6
703 2
703 14
704 29
704 5
704 15
704 2
704 6
704 9
705 29
705 2
705 5
705 6
705 14
705 9
706 29
706 2
706 5
706 7
706 14
706 9
707 29
707 2
707 5
707 6
707 9
707 14
708 29
708 2
708 5
708 6
708 9
708 14
709 2
709 5
709 29
709 6
709 9
709 14
710 29
710 5
710 6
710 9
710 2
710 14
711 29
711 2
711 5
711 9
711 6
711 15
712 29
712 5
712 2
712 6
712 15
712 9
713 29
713 5
713 2
713 14
713 6
713 9
714 10
714 29
714 2
714 5
714 14
714 15
715 9
715 14
715 29
715 5
715 2
715 6
716 29
716 2
716 5
716 6
716 9
716 14
717 7
717 14
717 29
717 2
717 5
717 15
718 29
718 2
718 14
718 5
718 6
718 9
719 2
719 29
719 5
719 14
719 15
719 6
720 5
720 6
720 29
720 2
720 14
720 9
721 29
721 14
721 7
721 2
721 5
721 9
722 10
722 5
722 29
722 14
722 15
722 2
723 29
723 2
723 5
723 6
723 9
723 14
724 14
724 2
724 29
724 5
724 9
724 6
725 9
725 30
725 7
725 5
725 2
725 14
726 15
726 29
726 2
726 5
726 6
726 9
727 29
727 2
727 5
727 6
727 14
727 9
728 15
728 6
728 29
728 2
728 5
728 9
729 29
729 2
729 5
729 14
729 6
729 10
730 5
730 6
730 29
730 9
730 2
730 14
731 9
731 29
731 14
731 2
731 5
731 6
732 15
732 29
732 2
732 5
732 7
732 9
733 5
733 14
733 29
733 9
733 6
733 15
734 2
734 29
734 5
734 6
734 9
734 14
735 10
735 29
735 2
735 5
735 6
735 14
736 29
736 14
736 15
736 2
736 5
736 6
737 29
737 2
737 10
737 5
737 6
737 14
738 29
738 2
738 5
738 6
738 15
738 9
739 29
739 2
739 5
739 6
739 9
739 14
740 15
740 29
740 14
740 2
740 9
740 5
741 14
741 29
741 5
741 7
741 15
741 2
742 5
742 6
742 14
742 29
742 2
742 9
743 2
743 29
743 5
743 9
743 6
743 14
744 2
744 6
744 29
744 14
744 5
744 9
745 14
745 9
745 30
745 15
745 7
745 2
746 30
746 2
746 14
746 5
746 9
746 6
747 5
747 29
747 2
747 6
747 9
747 14
748 2
748 5
748 29
748 6
748 9
748 14
749 29
749 2
749 5
749 6
749 9
749 14
750 10
750 15
750 14
750 30
750 2
750 5
751 7
751 15
751 30
751 9
751 2
751 5
752 30
752 7
752 2
752 9
752 5
752 14
753 30
753 2
753 15
753 7
753 5
753 9
754 30
754 14
754 2
754 15
754 6
754 9
755 30
755 2
755 6
755 9
755 14
755 15
756 2
756 30
756 6
756 15
756 9
756 14
757 14
757 30
757 2
757 7
757 9
757 15
758 2
758 30
758 9
758 14
758 6
758 15
759 7
759 30
759 2
759 9
759 14
759 15
760 30
760 9
760 2
760 14
760 7
760 15
761 30
761 2
761 10
761 14
761 6
761 15
762 30
762 6
762 2
762 14
762 15
762 9
763 7
763 30
763 9
763 14
763 2
763 15
764 30
764 14
764 2
764 6
764 9
764 15
765 30
765 15
765 2
765 6
765 9
765 14
766 6
766 30
766 2
766 9
766 14
766 15
767 30
767 6
767 14
767 15
767 2
767 9
768 30
768 2
768 7
768 14
768 9
768 15
769 2
769 7
769 10
769 30
769 14
769 15
770 30
770 14
770 10
770 7
770 15
770 2
771 7
771 10
771 30
771 14
771 2
771 15
772 2
772 14
772 30
772 7
772 10
772 15
773 30
773 7
773 2
773 10
773 14
773 15
774 7
774 14
774 30
774 15
774 2
774 10
775 30
775 14
775 10
775 2
775 7
775 15
776 14
776 30
776 2
776 7
776 15
776 10
777 30
777 2
777 7
777 10
777 14
777 15
778 30
778 7
778 14
778 2
778 10
778 15
779 2
779 30
779 7
779 10
779 14
779 15
780 30
780 10
780 14
780 2
780 7
780 15
781 10
781 14
781 15
781 30
781 7
781 2
782 30
782 2
782 7
782 10
782 14
782 15
783 10
783 14
783 30
783 2
783 7
783 15
784 30
784 2
784 7
784 10
784 14
784 15
785 7
785 10
785 14
785 15
785 30
785 2
786 10
786 2
786 7
786 30
786 14
786 15
787 7
787 10
787 14
787 30
787 2
788 30
788 14
788 7
788 10
789 30
789 7
789 10
789 14
790 30
790 7
790 10
790 14
791 10
791 30
791 7
791 14
792 10
792 30
792 7
792 14
793 14
793 30
793 7
793 10
794 30
794 7
794 10
794 14
795 7
795 14
795 30
795 10
796 30
796 7
796 10
796 14
797 7
797 10
797 30
797 14
798 30
798 7
798 10
798 14
799 30
799 7
799 10
799 14
800 7
800 30
800 14
801 7
801 14
801 30
802 7
802 30
802 14
803 7
803 14
803 30
804 14
804 7
804 30
805 14
805 30
805 7
806 7
806 14
807 7
807 14
808 7
808 14
809 7
809 14
810 14
810 7
811 14
811 7
812 7
812 14
813 14
813 7
814 7
814 14
815 7
815 14
816 14
816 7
817 7
817 14
818 7
818 14
819 14
819 7
820 7
820 14
821 7
821 14
822 14
822 7
823 7
823 14
824 7
824 14
825 7
825 14
826 7
826 14
827 7
827 14
828 7
828 14
829 7
829 14
830 14
830 7
831 7
831 14
832 7
832 14
833 7
833 14
834 7
834 14
835 7
835 14
836 7
836 14
837 7
837 14
838 7
838 14
839 7
839 14
840 14
840 7
841 7
841 14
842 14
842 7
843 7
843 14
844 7
844 14
845 7
845 14
846 7
846 14
847 14
847 7
848 7
848 14
849 7
849 14
850 7
850 14
851 7
851 14
852 7
852 14
853 7
854 7
855 7
856 7
857 7
858 7
859 7
860 7
861 7
862 7
863 7
864 7
865 7
866 7
867 7
868 7
869 7
870 7
871 7
872 7
873 7
874 7
875 7
876 7
877 7
878 7
879 7
880 7
881 7
882 7
883 7
884 7
885 7
886 7
887 7
888 7
889 7
890 7
891 7
892 7
893 7
894 7
895 7
896 7
897 7
898 7
899 7
900 7
901 7
902 7
903 7
904 7
905 7
906 7
907 7
908 7
909 7
910 7
911 7
912 7
913 7
914 7
915 7
916 7
