0 12
1 64
2 119
3 108
4 54
5 145
6 36
7 143
8 21
9 175
10 123
11 147
12 108
13 51
14 174
15 78
16 19
17 146
18 124
19 153
20 127
21 93
22 53
23 16
24 114
25 103
26 179
27 146
28 112
29 2
30 203
31 124
32 20
33 136
34 85
35 154
36 135
37 200
38 214
39 156
40 164
41 217
42 71
43 146
44 13
45 116
46 197
47 220
48 103
49 178
50 172
51 80
52 118
53 157
54 43
55 124
56 167
57 64
58 80
59 171
60 61
61 48
62 86
63 215
64 74
65 211
66 219
67 219
68 153
69 85
70 33
71 89
72 137
73 169
74 145
75 136
76 150
77 155
78 149
79 218
80 155
81 20
82 167
83 192
84 82
85 136
86 106
87 136
88 109
89 115
90 53
91 207
92 117
93 75
94 3
95 23
96 205
97 94
98 199
99 6
100 149
101 68
102 172
103 197
104 49
105 94
106 103
107 2
108 161
109 53
110 116
111 13
112 125
113 82
114 166
115 164
116 167
117 75
118 197
119 19
120 89
121 54
122 153
123 183
124 172
125 76
126 94
127 218
128 31
129 13
130 2
131 127
132 220
133 127
134 148
135 213
136 144
137 82
138 129
139 162
140 48
141 219
142 103
143 19
144 18
145 117
146 68
147 82
148 160
149 153
150 127
151 59
152 110
153 26
154 39
155 35
156 41
157 139
158 33
159 189
160 159
161 110
162 147
163 116
164 213
165 22
166 71
167 192
168 38
169 31
170 58
171 199
172 135
173 26
174 45
175 188
176 24
177 86
178 136
179 100
180 66
181 121
182 191
183 27
184 90
185 77
186 129
187 115
188 39
189 172
190 181
191 160
192 8
193 102
194 30
195 139
196 72
197 180
198 43
199 12
200 50
201 13
202 143
203 27
204 172
205 218
206 152
207 100
208 206
209 180
210 80
211 39
212 89
213 195
214 181
215 145
216 52
217 212
218 113
219 141
220 217
221 75
222 81
223 151
224 138
225 14
226 46
227 134
228 136
229 190
230 3
231 172
232 87
233 76
234 59
235 43
236 211
237 201
238 21
239 144
240 183
241 185
242 16
243 217
244 116
245 88
246 106
247 74
248 109
249 215
250 64
251 42
252 150
253 12
254 109
255 184
256 106
257 210
258 210
259 213
260 142
261 42
262 75
263 98
264 66
265 89
266 154
267 81
268 93
