0 28
1 97
2 61
3 73
4 1
5 8
6 52
7 5
8 95
9 84
10 3
11 20
12 94
13 70
14 9
15 48
16 72
17 1
18 28
19 33
20 35
21 19
22 17
23 87
24 43
25 95
26 40
27 81
28 65
29 21
30 19
31 78
32 32
33 2
34 31
35 67
36 63
37 49
38 24
39 46
40 87
41 80
42 25
43 24
44 28
45 71
46 87
47 1
48 43
49 28
50 54
51 75
52 84
53 38
54 85
55 62
56 57
57 91
58 79
59 11
60 48
61 43
62 22
63 76
64 15
65 46
66 34
67 24
68 74
69 61
70 9
71 27
72 91
73 75
74 9
75 53
76 42
77 38
78 27
79 55
80 83
81 38
82 94
83 95
84 76
85 37
86 82
87 83
88 94
89 29
90 44
91 96
92 92
93 44
94 56
95 62
96 36
97 86
98 30
99 63
100 7
101 29
102 73
103 67
104 23
105 59
106 20
107 85
108 64
109 49
110 60
111 97
112 24
113 34
114 35
115 57
116 40
117 78
118 35
119 97
120 79
121 46
122 90
123 79
124 59
125 16
126 2
127 15
128 36
129 68
130 97
131 14
132 21
133 1
134 52
135 12
136 63
137 62
138 6
139 98
140 2
141 87
142 82
143 41
144 87
145 69
146 23
147 18
148 86
149 93
150 21
151 34
152 80
153 22
154 49
155 95
156 17
157 72
158 37
159 87
160 20
161 83
162 2
163 17
164 52
165 38
166 80
167 90
168 42
169 20
170 91
171 57
172 9
173 1
174 49
175 46
176 84
177 74
178 18
179 18
180 21
181 85
182 84
183 69
184 34
185 85
186 38
187 68
188 59
189 87
190 87
191 14
192 9
193 100
194 11
195 99
196 9
197 95
198 82
199 74
200 69
201 36
202 87
203 82
204 68
205 56
206 96
207 51
208 7
209 52
210 14
211 29
212 27
213 24
214 100
215 73
216 6
217 84
218 74
219 11
220 32
221 23
222 21
223 39
224 12
225 12
226 90
227 53
228 48
229 96
230 75
231 7
232 50
233 95
234 36
235 70
236 33
237 32
238 28
239 34
240 20
241 27
242 7
243 62
244 86
245 11
246 78
247 91
248 34
249 78
250 63
251 34
252 38
253 98
254 63
255 53
256 66
257 26
258 6
259 73
260 18
261 13
262 46
263 74
264 9
265 36
266 90
267 72
268 67
269 84
270 46
271 37
272 85
273 58
274 82
275 5
276 100
277 9
278 99
279 59
280 66
281 48
282 77
283 61
284 100
285 78
286 69
287 50
288 43
289 28
290 56
291 60
292 36
293 91
294 90
295 82
296 99
297 16
298 62
299 26
300 5
301 30
302 19
303 59
304 35
305 78
306 10
307 99
308 89
309 60
310 48
311 86
312 35
313 74
314 84
315 51
316 34
317 15
318 84
319 87
320 96
321 52
322 20
323 97
324 52
325 73
326 17
327 59
328 15
329 41
330 83
331 20
332 65
333 70
334 51
335 70
336 80
337 69
338 75
339 88
340 99
341 98
342 88
343 87
344 12
345 76
346 40
347 6
348 97
349 4
350 9
351 2
352 48
353 8
354 33
355 94
356 4
357 69
