Period 0:
Room No. 0 :82;212;340;249;193;437;202;483;254;308;386;428;382;515;72;480;512;1;393;198;441;475;487;367;292;401;463;175;432;479;490;357;261;522;327;311;459;493;492;443;499;409;275;398;150;253;413;
Period 1:
Room No. 0 :206;84;125;304;88;16;
Period 2:
Room No. 0 :364;316;351;141;356;138;105;241;400;501;523;378;222;93;383;391;521;454;268;491;162;385;462;500;517;431;511;231;516;444;287;410;411;
Period 3:
Room No. 0 :260;238;368;194;387;370;305;185;425;396;121;279;263;127;139;135;269;358;354;494;451;184;332;402;363;388;460;468;282;408;
Period 4:
Room No. 0 :160;295;259;314;122;210;472;79;148;
Period 5:
Room No. 0 :44;91;267;476;146;156;92;168;390;438;416;507;3;478;321;489;45;520;496;366;439;128;
Period 6:
Room No. 0 :239;109;53;180;272;525;345;244;458;405;230;251;322;276;257;369;243;273;172;495;529;418;486;333;380;338;531;
Period 7:
Room No. 0 :117;26;381;112;
Period 8:
Room No. 0 :27;59;37;119;215;389;283;163;323;406;506;137;284;488;346;325;288;482;497;433;420;403;
Period 9:
Room No. 0 :262;159;130;80;48;171;419;256;450;320;342;31;205;299;216;297;526;469;344;421;502;278;473;379;134;513;
Period 10:
Room No. 0 :372;110;219;75;12;24;
Period 11:
Room No. 0 :296;461;164;209;52;97;415;508;407;189;397;229;446;81;392;335;399;195;465;
Period 12:
Room No. 0 :98;5;71;136;123;307;87;289;394;40;423;203;174;524;509;519;224;440;404;530;
Period 13:
Room No. 0 :35;66;55;77;2;
Period 14:
Room No. 0 :56;237;102;108;177;434;211;113;73;62;248;176;234;464;291;481;350;452;
Period 15:
Room No. 0 :233;17;51;424;101;207;166;362;341;50;258;281;83;255;280;430;485;302;336;498;447;
Period 16:
Room No. 0 :220;4;129;235;120;348;293;250;285;303;503;115;349;435;328;449;270;313;533;467;242;353;
Period 17:
Room No. 0 :94;315;187;217;9;158;
Period 18:
Room No. 0 :20;42;484;149;395;371;457;504;76;106;527;192;271;221;426;453;455;140;
Period 19:
Room No. 0 :10;63;186;347;95;61;331;427;157;245;376;374;100;456;124;
Period 20:
Room No. 0 :286;240;96;74;294;155;
Period 21:
Room No. 0 :25;65;232;147;225;152;204;334;532;213;131;236;298;326;445;339;518;471;
Period 22:
Room No. 0 :154;64;178;161;264;182;329;223;309;247;361;227;318;442;429;312;153;448;
Period 23:
Room No. 0 :54;78;422;133;274;373;173;181;277;
Period 24:
Room No. 0 :188;183;310;6;142;352;474;300;470;58;252;317;330;466;107;360;
Period 25:
Room No. 0 :57;21;68;246;145;132;191;510;116;436;375;505;359;337;414;
Period 26:
Room No. 0 :306;169;265;179;384;143;190;
Period 27:
Room No. 0 :144;218;7;319;70;114;214;412;167;290;377;170;
Period 28:
Room No. 0 :30;90;197;49;514;228;417;118;196;226;266;477;343;126;
Period 29:
Room No. 0 :43;355;199;103;200;39;208;151;324;528;
