Period 0:
Room No. 0 :113;320;4;188;354;242;270;502;358;401;379;526;402;519;427;494;313;285;512;516;522;386;468;409;462;515;493;499;490;466;398;403;452;261;441;443;393;1;383;392;465;439;510;223;475;348;299;
Period 1:
Room No. 0 :31;212;45;372;368;73;165;
Period 2:
Room No. 0 :240;5;217;48;187;289;520;344;258;477;298;433;327;273;243;414;500;437;529;257;380;496;252;498;405;244;472;200;334;
Period 3:
Room No. 0 :126;142;201;24;129;474;260;495;350;72;338;435;229;303;410;483;491;399;517;269;418;280;481;412;357;408;177;533;176;145;428;
Period 4:
Room No. 0 :25;106;132;99;46;339;
Period 5:
Room No. 0 :77;342;194;64;98;288;147;114;83;100;150;413;404;445;448;527;478;263;366;480;513;454;
Period 6:
Room No. 0 :168;182;232;245;239;180;505;305;121;128;431;308;170;460;531;388;444;396;235;322;214;501;391;
Period 7:
Room No. 0 :236;169;356;12;26;282;178;227;
Period 8:
Room No. 0 :47;84;90;394;181;297;455;417;281;213;256;219;485;153;470;363;429;492;447;488;434;326;487;479;
Period 9:
Room No. 0 :124;23;202;32;415;440;197;136;171;464;523;172;208;353;317;421;530;328;424;422;463;451;
Period 10:
Room No. 0 :190;120;56;108;119;365;
Period 11:
Room No. 0 :155;160;384;122;309;62;157;162;461;210;284;346;484;457;234;521;144;374;416;345;340;
Period 12:
Room No. 0 :52;94;206;209;148;343;360;140;370;362;259;268;387;497;504;426;511;442;241;507;400;271;
Period 13:
Room No. 0 :42;16;71;40;161;211;
Period 14:
Room No. 0 :347;262;151;53;175;224;191;283;469;436;509;251;381;331;450;306;312;371;369;96;406;
Period 15:
Room No. 0 :453;112;92;319;341;323;156;30;3;101;143;110;146;514;508;254;489;524;528;292;137;330;302;525;420;
Period 16:
Room No. 0 :39;118;65;117;76;272;163;167;222;275;378;382;377;184;152;307;134;231;332;449;221;
Period 17:
Room No. 0 :185;59;91;88;247;
Period 18:
Room No. 0 :49;20;287;293;130;333;127;467;321;419;81;291;325;376;411;248;532;174;389;
Period 19:
Room No. 0 :21;15;314;33;290;425;205;267;207;359;315;278;195;361;446;300;438;
Period 20:
Room No. 0 :17;274;249;28;86;
Period 21:
Room No. 0 :36;43;430;220;115;107;93;196;192;198;141;189;324;471;351;459;199;367;
Period 22:
Room No. 0 :63;35;79;265;215;390;116;123;337;87;135;58;423;276;
Period 23:
Room No. 0 :27;264;385;355;125;503;89;
Period 24:
Room No. 0 :41;397;75;159;103;335;316;233;407;476;173;456;506;44;
Period 25:
Room No. 0 :218;7;238;373;149;228;277;102;352;518;311;482;266;395;473;375;
Period 26:
Room No. 0 :158;250;226;70;304;186;179;349;22;
Period 27:
Room No. 0 :246;55;61;193;78;2;318;154;279;216;432;486;
Period 28:
Room No. 0 :6;111;95;203;364;164;139;294;230;237;105;
Period 29:
Room No. 0 :286;301;50;11;310;133;69;336;166;329;204;255;458;253;
