Period 0:
Room No. 0 :130;274;446;126;289;184;459;54;58;261;1;343;483;330;499;518;398;517;173;354;487;350;380;465;462;501;392;401;494;418;441;386;363;409;490;367;393;358;292;428;515;410;496;412;275;522;241;166;447;338;12;
Period 1:
Room No. 0 :99;267;304;53;503;179;
Period 2:
Room No. 0 :5;102;28;110;387;448;293;383;55;318;529;353;285;385;78;525;531;399;492;308;478;408;317;475;396;500;405;357;512;223;
Period 3:
Room No. 0 :80;434;195;147;259;249;395;335;260;213;320;352;495;205;463;230;479;417;300;509;470;520;116;400;437;269;280;460;491;435;451;524;526;
Period 4:
Room No. 0 :9;132;250;59;158;142;
Period 5:
Room No. 0 :251;233;482;83;303;145;210;226;328;77;480;333;115;389;379;337;171;416;391;493;421;455;114;72;
Period 6:
Room No. 0 :29;68;246;297;369;134;181;136;345;229;497;326;481;382;438;371;502;348;469;321;366;454;432;331;322;452;168;467;
Period 7:
Room No. 0 :13;122;316;160;
Period 8:
Room No. 0 :14;237;262;192;484;277;466;306;370;376;458;312;344;413;311;153;81;273;224;175;468;
Period 9:
Room No. 0 :18;347;189;232;209;457;281;374;334;215;445;288;419;245;388;361;431;530;513;443;521;270;
Period 10:
Room No. 0 :301;123;186;108;61;24;95;
Period 11:
Room No. 0 :96;39;228;164;476;187;362;203;278;485;474;427;137;423;514;140;90;339;511;378;444;276;402;221;
Period 12:
Room No. 0 :38;85;364;199;141;144;87;271;527;162;40;219;62;332;433;191;207;252;486;
Period 13:
Room No. 0 :82;310;91;214;282;17;390;
Period 14:
Room No. 0 :183;52;138;360;76;154;227;424;372;75;268;504;264;505;406;411;488;
Period 15:
Room No. 0 :6;49;336;101;188;425;216;31;222;394;528;450;307;150;204;254;429;471;519;208;327;403;426;498;257;436;359;
Period 16:
Room No. 0 :37;202;329;117;211;174;194;129;124;139;71;375;397;351;489;283;532;
Period 17:
Room No. 0 :286;193;106;2;314;373;197;
Period 18:
Room No. 0 :35;165;295;265;163;152;236;284;44;242;220;340;298;404;309;346;70;
Period 19:
Room No. 0 :120;98;384;206;16;453;368;422;341;290;135;507;523;473;255;
Period 20:
Room No. 0 :79;180;92;3;238;287;169;
Period 21:
Room No. 0 :56;190;73;461;365;125;48;440;113;256;464;119;291;263;234;299;127;
Period 22:
Room No. 0 :27;111;19;355;244;247;235;272;248;105;407;415;143;107;313;258;
Period 23:
Room No. 0 :66;45;167;196;84;381;
Period 24:
Room No. 0 :32;22;4;356;149;128;324;439;323;533;349;146;472;172;170;
Period 25:
Room No. 0 :218;8;377;178;121;217;506;516;176;456;243;266;305;325;302;
Period 26:
Room No. 0 :133;65;25;11;151;159;
Period 27:
Room No. 0 :47;118;201;69;50;182;198;253;342;414;477;449;
Period 28:
Room No. 0 :67;109;64;239;225;185;279;294;212;420;315;100;442;
Period 29:
Room No. 0 :74;240;177;155;430;157;508;319;510;231;131;
