Period 0:
Room No. 0 :210;106;176;494;200;261;342;396;410;451;452;405;398;522;521;465;338;454;321;354;383;470;515;343;478;497;530;350;443;386;428;441;490;401;487;192;499;517;468;273;489;525;393;463;402;1;409;353;346;412;
Period 1:
Room No. 0 :15;86;209;347;
Period 2:
Room No. 0 :97;37;40;249;507;88;299;509;435;388;491;339;349;308;379;189;135;479;400;455;512;263;278;449;305;208;
Period 3:
Room No. 0 :44;430;65;117;153;389;113;480;258;345;498;213;361;437;520;358;529;492;496;269;134;508;519;442;317;363;332;243;292;336;439;72;
Period 4:
Room No. 0 :9;
Period 5:
Room No. 0 :52;296;62;431;16;264;476;495;511;403;387;248;366;421;377;500;307;429;203;446;493;256;370;433;448;285;475;382;416;357;79;184;
Period 6:
Room No. 0 :315;423;207;103;84;31;139;238;486;45;458;531;247;380;502;185;271;
Period 7:
Room No. 0 :286;112;98;64;156;
Period 8:
Room No. 0 :34;114;267;204;127;48;140;527;326;260;438;394;137;483;432;254;426;434;488;504;222;
Period 9:
Room No. 0 :23;14;108;276;133;255;270;227;216;301;146;333;436;418;374;404;195;341;422;501;526;392;447;444;344;516;485;460;462;
Period 10:
Room No. 0 :25;
Period 11:
Room No. 0 :304;472;229;165;331;397;368;24;131;415;221;186;427;298;399;375;474;523;408;340;414;76;327;
Period 12:
Room No. 0 :149;282;138;212;163;171;236;59;364;128;215;289;505;464;302;312;275;
Period 13:
Room No. 0 :183;78;3;233;
Period 14:
Room No. 0 :118;201;28;274;42;385;167;528;373;252;359;284;306;234;381;280;334;328;471;411;
Period 15:
Room No. 0 :13;90;142;214;226;187;348;144;506;158;391;310;230;174;257;406;
Period 16:
Room No. 0 :32;372;295;75;150;43;164;314;457;356;413;425;279;231;351;
Period 17:
Room No. 0 :188;6;49;287;
Period 18:
Room No. 0 :132;68;50;206;281;277;395;510;191;266;420;122;
Period 19:
Room No. 0 :17;36;251;162;453;61;239;220;316;217;244;481;482;300;424;
Period 20:
Room No. 0 :26;123;51;4;
Period 21:
Room No. 0 :2;30;151;303;461;166;152;241;265;224;309;119;325;
Period 22:
Room No. 0 :77;384;157;69;46;181;194;456;311;419;83;513;376;524;235;473;467;297;
Period 23:
Room No. 0 :129;218;
Period 24:
Room No. 0 :57;10;177;95;111;196;161;58;87;170;124;533;
Period 25:
Room No. 0 :60;378;319;179;96;290;283;246;291;70;116;532;335;445;
Period 26:
Room No. 0 :120;85;225;160;
Period 27:
Room No. 0 :82;121;94;91;136;71;242;245;329;477;
Period 28:
Room No. 0 :27;89;503;63;12;518;450;407;362;355;337;92;253;
Period 29:
Room No. 0 :80;
Period 30:
Room No. 0 :41;19;272;324;232;180;360;369;417;115;352;313;107;288;
Period 31:
Room No. 0 :54;145;109;11;143;199;105;141;390;126;100;367;323;459;268;
Period 32:
Room No. 0 :38;168;99;294;169;154;219;53;202;172;371;
Period 33:
Room No. 0 :47;237;73;182;322;
Period 34:
Room No. 0 :22;8;240;110;5;293;198;
Period 35:
Room No. 0 :35;104;159;55;514;250;440;469;330;175;320;
Period 36:
Room No. 0 :20;178;148;211;21;
Period 37:
Room No. 0 :18;262;228;147;155;81;466;102;318;484;
Period 38:
Room No. 0 :7;193;205;190;365;197;173;259;223;
Period 39:
Room No. 0 :56;33;130;125;101;
