Period 0:
Room No. 0 :68;154;337;29;311;441;437;143;129;456;40;271;104;95;28;118;191;358;236;54;126;221;399;407;436;341;442;186;495;60;413;158;139;222;209;398;164;78;483;481;232;270;448;353;64;65;523;238;429;518;525;404;468;382;338;250;486;304;171;356;103;110;132;275;323;336;416;424;307;509;282;174;237;439;226;463;393;396;519;435;235;440;344;137;493;90;354;370;120;403;430;417;379;469;165;313;506;339;219;502;187;130;432;36;17;70;389;462;263;320;102;411;359;378;426;516;329;514;296;106;67;503;242;247;500;89;471;310;264;421;478;522;324;256;373;188;386;376;521;443;377;425;410;470;183;287;155;260;412;361;321;491;458;355;446;477;395;280;363;387;202;444;490;253;362;512;201;138;510;330;113;224;375;488;340;350;360;252;179;317;526;288;524;213;449;369;303;346;157;457;302;312;400;261;438;295;277;505;507;249;192;513;170;434;487;474;472;73;61;161;342;498;465;391;239;508;140;427;365;511;230;300;415;294;374;197;278;385;206;127;244;366;406;420;1;156;88;464;489;517;
Period 1:
Room No. 0 :
Period 2:
Room No. 0 :166;159;26;151;34;115;96;195;268;461;13;318;72;162;289;112;168;473;177;431;208;433;291;298;319;343;452;332;345;384;408;63;419;18;322;141;284;455;125;515;94;98;251;347;257;79;216;262;364;160;390;422;484;286;142;501;299;305;409;482;497;259;220;234;460;485;494;492;66;414;93;265;114;218;148;348;309;453;80;
Period 3:
Room No. 0 :15;20;43;22;290;56;37;467;394;16;269;76;44;405;178;107;306;402;479;144;133;308;198;71;147;105;39;81;210;335;281;315;204;267;454;447;352;245;101;173;418;240;293;35;383;451;476;223;392;499;279;368;326;372;97;200;99;349;121;207;
Period 4:
Room No. 0 :
Period 5:
Room No. 0 :297;193;276;32;82;122;327;184;59;266;75;445;217;214;14;84;273;45;2;153;381;19;163;176;316;480;205;185;74;367;57;131;283;41;314;258;181;83;397;328;371;167;428;116;229;388;475;86;
Period 6:
Room No. 0 :189;69;180;53;47;77;109;325;211;55;85;149;450;108;58;496;351;49;92;292;357;111;52;134;254;459;196;152;334;150;423;42;243;145;87;215;117;
Period 7:
Room No. 0 :
Period 8:
Room No. 0 :146;27;10;520;100;172;380;4;46;199;331;285;175;135;91;233;6;
Period 9:
Room No. 0 :12;33;50;274;3;231;51;203;182;119;227;225;128;466;62;136;194;241;190;255;228;
Period 10:
Room No. 0 :
Period 11:
Room No. 0 :504;169;48;5;30;124;11;
Period 12:
Room No. 0 :401;38;23;25;21;246;248;
Period 13:
Room No. 0 :
Period 14:
Room No. 0 :333;31;7;123;8;
Period 15:
Room No. 0 :301;9;24;
Period 16:
Room No. 0 :212;
Period 17:
Room No. 0 :
Period 18:
Room No. 0 :272;
Period 19:
Room No. 0 :
