Period 0:
Room No. 0 :352;481;367;131;101;104;211;331;132;267;443;410;360;99;374;500;264;147;459;495;195;426;197;463;278;390;354;465;69;363;203;282;309;508;291;359;490;397;250;497;446;380;386;484;486;510;492;505;239;475;376;503;295;223;1;298;498;442;489;415;353;340;279;355;301;96;50;200;117;
Period 1:
Room No. 0 :440;193;421;385;314;441;219;477;316;451;124;417;430;205;265;392;448;274;399;456;402;356;327;506;424;461;257;286;361;479;478;435;471;401;120;256;133;3;18;
Period 2:
Room No. 0 :164;344;373;470;323;350;73;493;375;34;299;491;425;54;445;7;228;474;196;181;275;139;45;227;277;324;307;253;141;188;273;334;388;238;
Period 3:
Room No. 0 :13;62;76;242;348;125;343;472;214;300;476;106;258;215;294;171;155;379;306;283;289;312;103;102;341;169;454;437;318;
Period 4:
Room No. 0 :439;368;95;184;509;377;458;400;414;462;49;221;438;391;384;237;394;434;263;261;460;280;220;345;396;485;174;19;23;494;
Period 5:
Room No. 0 :108;85;29;40;243;372;83;179;36;365;32;452;94;236;56;163;284;422;190;162;313;332;346;370;212;
Period 6:
Room No. 0 :86;135;28;297;455;70;404;432;207;116;158;467;150;156;254;225;364;249;469;464;248;447;387;369;431;149;244;
Period 7:
Room No. 0 :487;82;423;339;444;134;288;496;151;168;177;31;113;51;241;398;
Period 8:
Room No. 0 :58;4;24;20;389;161;92;52;270;189;427;326;405;403;483;406;216;501;90;59;137;231;473;292;180;
Period 9:
Room No. 0 :38;393;143;138;112;126;57;64;129;111;362;130;159;46;413;315;412;6;259;
Period 10:
Room No. 0 :502;233;468;268;304;202;226;305;511;246;329;466;310;118;146;418;2;411;436;
Period 11:
Room No. 0 :251;35;41;77;63;429;351;176;84;311;122;420;74;281;209;43;266;232;260;165;91;107;224;287;153;382;347;
Period 12:
Room No. 0 :79;89;30;222;114;67;44;272;157;115;357;109;336;255;48;210;39;235;296;167;10;252;
Period 13:
Room No. 0 :201;142;450;338;308;320;78;152;504;55;381;319;27;72;
Period 14:
Room No. 0 :11;15;37;321;87;80;407;166;234;335;194;408;271;75;173;302;229;218;325;182;
Period 15:
Room No. 0 :47;154;61;9;230;105;262;290;100;419;199;378;145;170;140;433;293;449;349;333;183;358;
Period 16:
Room No. 0 :198;98;5;245;88;366;148;276;383;42;121;204;128;416;206;303;208;26;213;480;488;
Period 17:
Room No. 0 :192;240;33;123;25;178;395;317;175;285;
Period 18:
Room No. 0 :185;14;342;60;97;110;93;144;457;371;247;186;136;482;22;328;499;507;
Period 19:
Room No. 0 :187;17;8;160;409;71;12;269;322;66;191;127;337;172;217;428;453;330;
