Period 0:
Room No. 0 :470;211;426;446;348;182;77;252;15;292;461;503;355;394;90;358;382;489;450;7;384;156;458;106;294;510;463;492;339;502;268;410;33;242;1;392;476;227;142;275;479;231;411;232;475;295;340;239;376;298;353;498;442;486;505;386;279;301;415;465;484;223;331;474;305;193;195;
Period 1:
Room No. 0 :438;454;311;401;396;167;136;493;441;459;282;435;421;318;287;261;478;49;220;191;141;319;359;399;363;361;345;471;368;477;449;497;473;248;273;398;395;456;278;221;485;244;190;110;28;
Period 2:
Room No. 0 :86;222;34;52;187;425;507;159;56;63;289;416;387;444;308;436;414;177;480;208;400;237;327;439;423;225;482;360;390;299;453;424;264;494;
Period 3:
Room No. 0 :22;42;99;107;47;46;119;54;307;125;249;85;139;290;128;284;300;346;469;509;199;375;481;274;82;356;297;467;341;350;
Period 4:
Room No. 0 :315;202;433;385;462;216;168;508;468;336;343;316;140;448;490;265;329;259;440;379;393;309;18;217;23;402;111;148;
Period 5:
Room No. 0 :32;277;122;61;37;179;281;437;97;254;75;70;495;50;215;500;166;380;371;250;370;219;397;460;413;
Period 6:
Room No. 0 :209;10;155;285;135;35;98;83;149;181;74;488;192;229;354;235;338;427;226;132;464;366;406;496;233;280;173;
Period 7:
Room No. 0 :286;430;391;171;104;238;198;432;24;84;113;431;349;
Period 8:
Room No. 0 :19;408;13;67;116;218;428;212;96;214;506;504;312;283;71;276;258;137;160;184;291;334;434;
Period 9:
Room No. 0 :11;352;163;76;105;243;369;130;269;228;176;335;201;263;245;256;188;51;253;272;108;328;288;194;271;197;407;420;246;124;
Period 10:
Room No. 0 :165;451;196;388;325;304;491;472;53;64;365;150;
Period 11:
Room No. 0 :72;88;69;31;45;351;94;303;344;174;267;117;257;405;487;92;270;210;175;205;180;310;511;377;367;95;483;200;144;
Period 12:
Room No. 0 :60;138;57;203;80;30;40;357;114;326;372;134;186;115;183;121;102;422;313;241;381;68;247;501;
Period 13:
Room No. 0 :170;224;38;16;81;2;330;403;185;
Period 14:
Room No. 0 :9;342;62;3;93;147;25;27;324;362;466;293;234;87;499;389;417;323;145;314;158;
Period 15:
Room No. 0 :79;73;89;157;364;66;26;143;296;154;162;452;36;260;109;457;43;172;332;320;255;164;
Period 16:
Room No. 0 :58;55;152;321;337;347;133;383;91;189;447;373;302;59;266;374;206;4;404;39;
Period 17:
Room No. 0 :20;207;41;12;146;8;
Period 18:
Room No. 0 :29;17;322;169;429;178;409;6;161;419;48;120;236;78;333;445;151;251;306;262;101;
Period 19:
Room No. 0 :127;21;118;14;112;418;153;126;103;131;123;240;129;455;230;213;204;412;317;443;378;
