Period 0:
Room No. 0 :502;40;317;329;162;361;441;475;169;394;438;431;181;499;318;492;87;163;454;280;496;425;180;274;94;216;256;209;202;401;430;287;102;459;151;223;254;399;461;241;139;436;186;353;375;355;273;403;359;319;259;327;505;376;298;446;415;463;503;410;331;510;386;301;486;239;295;498;484;426;442;279;340;465;489;1;194;74;96;372;493;
Period 1:
Room No. 0 :225;253;237;367;255;398;477;495;497;421;141;384;324;248;400;471;473;456;506;316;393;379;261;305;479;490;220;439;311;207;47;73;
Period 2:
Room No. 0 :347;58;17;445;148;110;264;130;211;36;352;117;199;238;363;417;395;423;72;509;190;129;469;200;370;210;460;219;268;197;369;99;345;478;391;428;483;91;443;
Period 3:
Room No. 0 :285;389;152;9;38;132;3;308;302;170;338;433;411;380;149;381;449;142;82;335;427;419;246;309;49;354;406;315;
Period 4:
Room No. 0 :275;440;265;195;414;39;390;392;491;485;448;397;481;221;44;32;52;79;20;168;458;
Period 5:
Room No. 0 :204;34;35;258;14;6;150;116;164;455;77;145;334;165;336;341;153;452;294;250;462;296;487;476;468;244;284;283;196;504;300;57;378;
Period 6:
Room No. 0 :37;46;218;19;93;269;198;276;71;277;191;371;229;175;137;193;450;332;365;271;413;466;307;358;282;464;402;76;173;
Period 7:
Room No. 0 :474;313;205;288;224;508;385;373;90;266;231;424;64;97;88;187;85;
Period 8:
Room No. 0 :67;62;4;75;312;470;109;63;272;158;299;343;291;104;108;30;121;278;80;457;155;377;106;356;511;507;201;
Period 9:
Room No. 0 :342;50;25;453;10;127;192;333;113;42;344;124;306;184;122;357;396;286;326;156;350;407;51;235;349;
Period 10:
Room No. 0 :330;292;435;323;188;68;98;251;222;41;472;252;
Period 11:
Room No. 0 :27;103;135;23;159;81;157;328;2;233;212;214;339;408;240;161;263;270;260;143;247;257;444;416;368;
Period 12:
Room No. 0 :11;447;119;404;54;126;206;262;348;405;208;172;304;160;388;500;228;314;289;366;480;297;185;321;
Period 13:
Room No. 0 :16;65;118;
Period 14:
Room No. 0 :21;29;18;387;213;56;115;409;12;59;114;310;322;84;203;189;217;360;337;362;412;501;226;
Period 15:
Room No. 0 :22;60;24;89;78;105;147;48;420;351;320;154;140;182;183;429;100;467;482;144;128;488;267;
Period 16:
Room No. 0 :8;70;174;33;383;178;166;293;26;232;112;28;249;281;136;227;
Period 17:
Room No. 0 :133;15;138;111;179;83;125;
Period 18:
Room No. 0 :61;86;230;123;55;95;290;215;374;325;171;167;434;437;242;418;236;
Period 19:
Room No. 0 :5;177;53;45;31;131;146;245;92;243;364;451;432;494;303;101;43;346;120;382;234;69;422;176;107;134;
