Period 0:
Room No. 0 :356;91;258;279;339;172;288;480;316;273;454;393;162;235;266;338;386;180;515;501;498;441;419;517;290;409;261;354;410;332;435;519;489;321;418;370;401;522;494;530;482;468;284;263;460;465;83;499;134;1;443;447;312;
Period 1:
Room No. 0 :21;57;295;
Period 2:
Room No. 0 :171;104;267;392;81;336;463;2;502;230;210;417;509;113;466;518;383;361;308;511;475;448;471;523;525;408;485;398;403;379;462;492;510;214;142;
Period 3:
Room No. 0 :407;196;6;225;524;472;488;173;239;209;493;404;445;405;402;431;140;322;238;198;269;388;500;299;428;437;490;521;278;176;451;364;252;
Period 4:
Room No. 0 :233;301;163;94;355;
Period 5:
Room No. 0 :73;127;300;334;125;110;245;294;385;87;528;481;289;311;516;317;487;505;400;137;268;326;433;292;352;328;380;396;512;366;184;168;
Period 6:
Room No. 0 :24;95;152;124;343;265;192;72;236;96;456;369;119;497;464;241;193;221;491;479;357;507;276;
Period 7:
Room No. 0 :5;61;368;378;203;99;55;318;
Period 8:
Room No. 0 :60;3;373;249;108;429;281;358;205;371;331;154;342;50;533;496;520;260;387;484;
Period 9:
Room No. 0 :7;287;189;156;84;70;244;227;529;208;280;191;274;283;204;444;442;382;217;473;
Period 10:
Room No. 0 :346;424;228;212;197;32;39;76;
Period 11:
Room No. 0 :65;52;117;477;272;302;457;430;421;220;461;164;495;224;394;459;377;337;175;
Period 12:
Room No. 0 :41;75;136;138;159;211;476;215;397;469;506;413;446;474;150;478;275;324;
Period 13:
Room No. 0 :42;82;11;106;360;
Period 14:
Room No. 0 :384;18;158;223;92;219;242;341;153;439;320;359;100;350;376;436;
Period 15:
Room No. 0 :122;188;365;348;59;157;367;304;79;206;307;182;467;306;414;254;257;423;170;470;243;483;449;375;452;
Period 16:
Room No. 0 :201;9;234;178;167;103;105;374;195;305;161;514;406;531;213;353;344;325;
Period 17:
Room No. 0 :120;17;277;179;145;151;
Period 18:
Room No. 0 :10;319;329;12;262;253;58;185;422;69;255;486;48;335;285;416;438;327;146;527;
Period 19:
Room No. 0 :35;44;177;63;237;102;31;323;390;297;347;513;411;508;399;526;
Period 20:
Room No. 0 :207;115;259;296;141;77;282;28;
Period 21:
Room No. 0 :27;199;381;246;36;112;415;143;270;248;453;434;256;
Period 22:
Room No. 0 :56;130;186;33;71;349;340;78;330;333;101;174;412;391;216;351;
Period 23:
Room No. 0 :30;114;240;190;132;
Period 24:
Room No. 0 :232;194;85;286;45;303;62;298;293;139;309;166;504;313;432;147;
Period 25:
Room No. 0 :29;67;315;116;200;314;271;425;181;123;389;426;363;
Period 26:
Room No. 0 :247;231;54;202;93;149;111;440;503;
Period 27:
Room No. 0 :89;160;47;532;187;291;264;362;458;420;455;345;395;450;
Period 28:
Room No. 0 :25;53;49;251;90;118;133;107;131;310;222;
Period 29:
Room No. 0 :155;4;22;126;229;250;128;135;144;226;427;
