Period 0:
Room No. 0 :304;161;187;418;286;336;519;424;415;482;525;266;253;322;252;195;368;35;430;42;445;232;342;353;192;280;313;432;513;437;330;411;102;355;505;261;493;158;422;
Period 1:
Room No. 0 :442;306;438;478;502;329;409;506;206;308;366;463;491;457;361;139;515;394;500;381;395;479;517;524;202;416;389;93;267;127;283;58;49;390;
Period 2:
Room No. 0 :196;130;118;275;51;272;277;136;328;81;223;461;446;487;6;240;318;290;354;402;393;490;216;373;250;284;486;371;384;
Period 3:
Room No. 0 :159;76;162;52;273;82;235;311;468;377;63;299;262;11;271;191;512;452;469;189;431;514;483;387;147;212;406;439;412;495;364;180;376;370;
Period 4:
Room No. 0 :523;287;448;369;449;289;398;497;507;441;499;344;312;222;385;22;297;99;175;335;62;213;522;208;
Period 5:
Room No. 0 :40;31;83;245;110;321;106;169;188;391;454;233;134;302;508;231;327;152;516;349;320;462;
Period 6:
Room No. 0 :15;18;117;79;258;17;166;197;109;511;237;455;183;71;340;178;481;317;96;315;140;433;241;
Period 7:
Room No. 0 :447;503;345;307;428;476;396;496;429;269;417;484;298;488;66;107;123;114;255;68;121;69;177;453;7;142;305;
Period 8:
Room No. 0 :281;21;8;91;470;270;168;392;350;143;282;351;294;521;295;179;165;186;400;301;436;167;363;323;210;220;
Period 9:
Room No. 0 :36;55;12;41;164;135;4;219;137;214;380;296;50;285;388;346;276;65;116;382;
Period 10:
Room No. 0 :352;520;465;509;357;435;170;407;434;303;238;372;399;460;334;485;331;84;173;359;194;153;440;72;314;218;86;185;450;427;129;
Period 11:
Room No. 0 :98;20;24;64;90;172;227;274;309;494;319;333;408;467;217;375;367;205;226;104;259;126;360;
Period 12:
Room No. 0 :144;19;56;103;60;184;119;279;246;95;70;425;251;120;156;88;518;456;386;410;459;501;
Period 13:
Room No. 0 :73;443;444;256;316;265;358;181;292;356;1;243;145;108;25;176;190;75;85;132;288;477;221;404;224;201;
Period 14:
Room No. 0 :34;209;2;155;111;148;242;74;338;57;14;182;526;211;157;198;160;293;339;115;379;466;413;451;362;492;
Period 15:
Room No. 0 :27;13;77;263;113;48;67;112;78;239;236;260;138;228;105;244;383;348;480;405;489;324;475;38;341;
Period 16:
Room No. 0 :234;28;16;203;128;59;92;423;474;248;347;365;403;199;337;101;510;401;421;125;343;154;257;325;504;
Period 17:
Room No. 0 :264;420;471;89;146;397;97;29;94;291;54;464;326;215;268;458;39;
Period 18:
Room No. 0 :53;133;163;47;9;225;124;254;374;149;151;414;473;141;472;80;32;44;229;247;498;278;
Period 19:
Room No. 0 :61;10;5;43;378;122;26;150;426;332;204;207;174;249;419;310;200;171;230;300;
