Period 0:
Room No. 0 :450;69;354;52;488;395;333;487;276;443;335;275;179;403;434;465;419;182;415;427;197;359;321;423;189;373;524;366;300;506;75;478;184;438;250;512;412;479;409;413;422;48;243;91;
Period 1:
Room No. 0 :449;174;468;147;522;385;84;389;330;388;514;27;82;62;14;204;
Period 2:
Room No. 0 :102;351;47;254;87;377;153;456;367;210;441;310;223;440;356;286;265;76;417;400;231;500;320;303;352;338;45;492;61;270;510;138;399;520;341;165;299;486;63;302;491;477;387;
Period 3:
Room No. 0 :455;192;46;92;346;132;378;471;350;236;253;235;420;525;105;99;33;258;499;393;509;79;120;66;167;448;489;88;206;505;281;426;154;495;
Period 4:
Room No. 0 :293;519;238;369;483;508;493;161;280;336;170;145;475;513;470;252;152;164;230;10;129;502;
Period 5:
Room No. 0 :42;282;332;26;169;429;117;188;240;65;162;485;264;135;408;382;111;150;410;521;358;503;191;34;304;71;402;421;177;244;247;
Period 6:
Room No. 0 :205;17;24;81;371;163;108;269;186;130;104;1;268;172;318;171;215;35;433;494;442;311;347;38;348;78;249;363;451;139;216;290;
Period 7:
Room No. 0 :307;342;406;464;416;424;375;6;39;232;234;89;242;90;381;343;
Period 8:
Room No. 0 :13;36;8;166;295;122;283;380;155;274;398;436;284;251;96;241;362;457;315;459;432;294;490;308;379;405;368;511;116;337;73;
Period 9:
Room No. 0 :3;146;56;144;273;316;327;190;94;15;233;158;435;431;257;142;288;143;246;32;127;49;312;136;201;329;
Period 10:
Room No. 0 :292;428;460;407;404;339;291;41;386;185;148;121;157;16;
Period 11:
Room No. 0 :25;114;106;60;12;72;245;151;85;365;70;80;5;501;220;504;401;397;454;218;279;458;496;517;360;
Period 12:
Room No. 0 :55;54;100;98;9;355;447;133;462;228;261;225;128;344;461;383;194;305;340;430;463;272;68;518;446;187;414;476;497;328;
Period 13:
Room No. 0 :345;229;326;159;50;411;149;112;200;110;309;516;297;
Period 14:
Room No. 0 :466;28;7;453;175;263;313;31;101;19;18;160;396;219;331;474;467;437;376;439;481;40;507;484;372;319;260;
Period 15:
Room No. 0 :11;23;103;196;20;425;131;64;473;77;374;248;445;324;384;224;349;209;323;325;259;523;217;482;222;364;125;469;
Period 16:
Room No. 0 :29;119;83;118;298;109;239;267;391;207;183;134;95;86;137;498;115;306;277;289;357;317;480;113;390;418;444;472;287;180;
Period 17:
Room No. 0 :221;213;227;211;301;198;2;361;44;
Period 18:
Room No. 0 :57;4;22;168;392;53;255;141;199;334;370;526;93;212;452;74;322;181;126;140;178;202;256;51;271;214;394;173;
Period 19:
Room No. 0 :21;203;43;353;59;97;285;58;296;515;278;67;124;226;195;266;176;107;237;123;314;156;208;262;
