Period 0:
Room No. 0 :258;198;504;468;1;136;196;173;498;271;512;357;123;375;393;398;366;410;516;133;515;195;500;533;496;499;444;492;501;441;354;409;517;475;522;530;490;525;386;261;462;401;10;456;
Period 1:
Room No. 0 :131;182;314;390;73;157;40;
Period 2:
Room No. 0 :307;188;58;300;127;505;400;371;214;502;91;170;431;328;288;528;408;448;452;380;413;231;454;489;519;426;487;299;451;427;79;150;367;
Period 3:
Room No. 0 :14;491;87;141;493;335;108;419;349;443;436;485;381;325;510;467;404;134;269;411;76;417;463;403;414;392;166;497;460;346;306;
Period 4:
Room No. 0 :22;200;250;185;93;
Period 5:
Room No. 0 :97;339;333;43;481;494;449;45;168;277;422;81;302;391;187;203;457;350;486;263;405;450;292;308;509;378;389;385;338;326;418;313;383;420;184;396;78;
Period 6:
Room No. 0 :201;75;112;162;219;395;476;281;199;273;241;369;135;442;327;520;337;507;358;146;270;
Period 7:
Room No. 0 :32;23;295;424;148;
Period 8:
Room No. 0 :68;160;62;223;189;125;242;268;212;282;210;482;204;309;319;254;526;305;122;432;
Period 9:
Room No. 0 :303;9;70;316;235;115;147;83;336;194;323;473;437;284;220;472;213;506;221;379;479;428;511;257;438;
Period 10:
Room No. 0 :13;251;228;152;84;96;
Period 11:
Room No. 0 :74;128;42;429;439;226;90;372;224;464;222;192;276;126;382;435;
Period 12:
Room No. 0 :33;99;116;262;145;359;191;412;260;321;311;453;205;285;151;331;255;523;
Period 13:
Room No. 0 :297;169;301;322;110;296;80;
Period 14:
Room No. 0 :60;120;175;88;248;324;415;434;229;3;524;207;180;466;488;102;447;215;483;531;480;521;
Period 15:
Room No. 0 :17;65;44;384;440;344;227;532;163;387;377;430;529;72;421;236;243;298;513;518;234;252;416;230;478;363;361;
Period 16:
Room No. 0 :64;111;287;11;178;237;105;139;238;470;176;459;341;423;278;334;388;332;
Period 17:
Room No. 0 :240;274;356;117;31;118;256;233;89;
Period 18:
Room No. 0 :34;158;155;132;153;320;527;477;394;402;156;100;348;
Period 19:
Room No. 0 :30;130;190;24;286;458;161;186;264;330;310;455;495;253;216;471;465;
Period 20:
Room No. 0 :101;2;329;193;154;69;
Period 21:
Room No. 0 :35;159;94;347;121;445;114;164;353;355;259;265;362;374;352;140;
Period 22:
Room No. 0 :183;52;63;407;232;246;92;249;291;397;351;197;312;208;
Period 23:
Room No. 0 :174;53;294;217;181;106;50;272;149;289;245;
Period 24:
Room No. 0 :86;209;202;143;364;167;290;206;71;317;425;343;275;
Period 25:
Room No. 0 :37;27;129;144;433;279;360;474;283;399;508;280;137;142;484;
Period 26:
Room No. 0 :211;57;244;177;138;113;107;
Period 27:
Room No. 0 :218;8;304;373;179;376;247;503;345;446;342;370;
Period 28:
Room No. 0 :46;4;239;15;48;461;124;318;171;266;340;406;172;
Period 29:
Room No. 0 :28;5;365;267;315;293;514;55;469;119;
