Period 0:
Room No. 0 :432;87;160;78;329;456;129;343;391;282;352;452;483;504;323;496;217;492;286;355;386;199;298;469;426;275;
Period 1:
Room No. 0 :395;417;194;467;166;486;20;339;419;150;201;50;333;434;382;124;380;138;310;184;
Period 2:
Room No. 0 :353;45;213;369;260;224;428;433;212;479;367;415;12;222;283;437;510;466;392;359;348;493;362;140;480;464;461;
Period 3:
Room No. 0 :234;132;364;269;152;159;334;385;507;248;485;357;158;316;172;236;405;216;300;423;301;375;295;
Period 4:
Room No. 0 :341;489;498;225;256;319;262;154;226;441;189;509;396;356;164;63;302;361;381;412;414;303;126;484;242;
Period 5:
Room No. 0 :145;185;292;203;100;37;451;85;398;235;195;338;94;455;447;506;440;67;311;505;407;446;
Period 6:
Room No. 0 :238;13;259;307;346;351;315;448;312;444;47;255;131;443;502;240;400;231;314;223;403;
Period 7:
Room No. 0 :453;476;475;420;366;249;457;91;495;410;200;363;246;168;304;430;258;163;11;487;371;205;508;376;
Period 8:
Room No. 0 :56;73;297;337;308;95;60;101;183;468;252;482;250;112;421;389;141;511;473;
Period 9:
Room No. 0 :76;245;151;418;280;229;146;7;105;413;501;288;427;406;136;370;488;289;445;439;
Period 10:
Room No. 0 :241;462;477;309;331;133;293;10;65;500;197;401;463;328;431;287;490;402;147;322;72;106;503;
Period 11:
Room No. 0 :43;374;273;182;135;96;239;436;40;330;388;102;175;228;261;379;470;125;191;253;397;345;
Period 12:
Room No. 0 :19;79;291;349;202;134;110;230;373;144;173;169;465;372;89;27;442;
Period 13:
Room No. 0 :320;497;268;204;210;257;378;88;471;344;59;354;186;122;247;130;18;46;438;
Period 14:
Room No. 0 :21;52;416;318;422;22;277;263;290;174;336;408;276;491;220;435;472;340;92;
Period 15:
Room No. 0 :44;36;167;221;270;80;393;181;383;266;458;478;450;350;237;139;390;481;474;99;324;
Period 16:
Room No. 0 :16;211;74;143;176;281;409;68;178;155;279;264;232;384;156;254;278;459;
Period 17:
Room No. 0 :321;424;335;399;219;425;53;325;162;116;190;368;377;460;305;296;274;299;306;153;1;128;137;
Period 18:
Room No. 0 :114;171;157;26;209;342;165;177;70;193;326;327;104;449;494;265;180;313;233;
Period 19:
Room No. 0 :84;75;48;188;77;93;215;317;206;358;429;121;198;332;365;272;208;196;
