Period 0:
Room No. 0 :451;421;166;136;192;472;358;197;228;113;277;71;293;308;118;340;148;325;500;66;387;299;262;157;39;153;170;471;510;350;444;416;459;302;354;411;249;442;216;393;490;174;121;317;356;355;140;477;513;462;517;156;409;514;145;139;376;280;321;70;
Period 1:
Room No. 0 :508;432;468;484;512;210;466;441;495;506;227;58;
Period 2:
Room No. 0 :448;74;85;80;257;35;34;400;377;322;123;342;286;447;352;304;51;189;336;4;367;147;323;454;401;129;306;272;435;428;229;381;405;329;482;522;177;373;398;307;345;379;252;389;478;402;493;309;247;504;89;
Period 3:
Room No. 0 :253;169;155;95;61;208;419;348;395;525;501;190;518;414;488;460;211;48;185;285;282;219;188;5;467;276;415;420;429;214;202;256;289;161;479;154;509;413;505;385;173;464;60;330;331;224;
Period 4:
Room No. 0 :503;326;417;515;128;42;369;443;28;
Period 5:
Room No. 0 :240;226;57;69;279;392;516;92;16;130;73;213;474;386;203;204;343;431;489;254;412;231;371;380;295;403;82;305;366;496;424;290;497;499;339;363;165;486;238;406;364;251;492;487;362;372;93;320;
Period 6:
Room No. 0 :246;112;54;105;314;383;182;98;120;434;29;394;425;511;422;20;455;485;215;149;76;397;196;519;311;410;334;461;502;223;347;278;15;491;337;407;524;181;475;193;
Period 7:
Room No. 0 :469;449;45;8;
Period 8:
Room No. 0 :44;198;36;25;521;296;108;255;221;351;22;77;141;453;243;237;294;269;457;222;64;297;244;187;458;241;217;438;65;498;324;315;151;1;59;
Period 9:
Room No. 0 :50;99;52;18;426;164;183;248;250;33;341;298;390;378;382;125;483;446;178;88;338;313;138;259;526;427;465;300;281;63;430;353;450;470;264;476;7;268;199;
Period 10:
Room No. 0 :11;10;
Period 11:
Room No. 0 :87;124;21;37;206;195;209;114;43;275;399;258;301;235;520;318;270;312;176;284;357;391;344;404;452;267;84;368;261;
Period 12:
Room No. 0 :31;46;291;263;144;245;423;507;316;159;103;175;271;86;445;287;418;104;375;134;360;303;437;201;440;119;236;75;
Period 13:
Room No. 0 :100;160;55;2;
Period 14:
Room No. 0 :62;333;116;41;67;40;72;274;143;97;370;310;47;110;167;242;266;388;480;212;17;456;96;132;292;359;436;
Period 15:
Room No. 0 :180;13;463;27;12;90;78;200;68;158;205;473;102;232;162;319;163;433;365;94;126;186;137;
Period 16:
Room No. 0 :328;53;115;26;184;111;127;32;14;384;335;133;234;288;374;146;131;260;494;346;
Period 17:
Room No. 0 :19;122;49;225;30;101;56;
Period 18:
Room No. 0 :23;152;194;171;3;408;207;135;220;24;106;172;142;81;91;230;327;332;
Period 19:
Room No. 0 :218;6;168;150;83;79;38;9;233;117;439;109;481;361;239;273;179;523;349;107;265;283;191;396;
