Period 0:
Room No. 0 :116;214;450;85;175;373;73;194;298;288;75;383;235;106;164;120;243;357;267;77;25;173;403;251;74;320;225;165;391;417;247;463;361;181;67;369;526;259;274;87;249;354;222;256;153;112;104;379;416;395;503;342;285;352;234;337;420;513;385;200;151;81;232;389;392;323;142;345;280;289;367;496;505;370;155;174;244;508;252;338;512;446;495;324;483;524;493;396;183;490;474;401;262;521;462;168;439;376;312;374;398;486;408;377;500;348;293;322;501;427;114;426;311;502;171;129;296;326;425;313;356;525;157;497;435;441;302;303;154;138;102;1;79;472;522;509;318;228;170;121;277;399;192;283;404;137;434;362;457;270;407;428;365;263;156;375;88;50;470;101;518;307;469;317;341;506;113;339;107;278;132;130;498;360;188;275;449;430;86;511;444;410;414;300;253;460;458;421;315;179;378;437;221;371;330;468;517;487;485;492;201;429;329;340;127;400;424;239;282;516;465;260;507;440;325;412;415;284;287;187;488;321;143;442;105;295;242;491;140;355;489;514;197;387;224;406;
Period 1:
Room No. 0 :
Period 2:
Room No. 0 :494;37;477;2;178;26;335;456;191;515;124;265;45;510;255;217;471;96;202;226;402;141;346;331;443;359;229;62;504;499;432;223;363;159;394;390;176;481;261;347;366;219;213;433;461;215;184;233;147;290;451;476;453;306;328;36;264;209;268;448;162;358;148;473;368;64;343;206;523;304;305;218;459;349;519;126;464;216;204;308;29;393;158;334;65;117;72;336;230;364;286;438;422;479;478;
Period 3:
Room No. 0 :41;152;4;316;520;467;119;40;43;309;332;111;15;445;145;327;447;271;409;292;294;273;248;455;484;241;227;353;60;118;211;418;195;372;186;167;70;269;3;482;203;5;125;350;89;196;42;110;388;299;161;386;382;480;238;220;71;279;66;
Period 4:
Room No. 0 :
Period 5:
Room No. 0 :103;475;180;31;35;333;8;149;199;314;319;84;405;397;384;276;246;150;207;52;344;466;381;94;281;109;423;131;97;7;454;413;208;431;231;177;139;57;19;76;452;
Period 6:
Room No. 0 :297;30;190;93;98;108;18;38;166;236;205;92;258;237;411;59;61;14;54;250;10;254;136;291;80;133;310;83;257;189;17;144;436;
Period 7:
Room No. 0 :
Period 8:
Room No. 0 :16;23;185;48;91;380;301;122;240;351;245;11;266;210;419;34;182;63;56;68;
Period 9:
Room No. 0 :51;47;128;198;212;163;6;115;135;90;49;55;39;32;123;160;82;
Period 10:
Room No. 0 :
Period 11:
Room No. 0 :58;9;44;100;78;22;134;
Period 12:
Room No. 0 :272;53;46;146;12;172;
Period 13:
Room No. 0 :
Period 14:
Room No. 0 :193;99;24;20;27;95;
Period 15:
Room No. 0 :169;28;21;
Period 16:
Room No. 0 :69;13;
Period 17:
Room No. 0 :
Period 18:
Room No. 0 :33;
Period 19:
Room No. 0 :
