Period 0:
Room No. 0 :388;393;56;126;72;383;384;235;279;499;423;310;22;460;324;342;500;442;389;421;313;141;219;286;
Period 1:
Room No. 0 :380;471;422;28;
Period 2:
Room No. 0 :202;4;32;301;462;253;483;216;372;158;495;426;502;93;477;251;331;374;457;364;354;300;
Period 3:
Room No. 0 :434;68;233;19;346;110;194;37;439;361;104;456;395;311;314;413;256;441;504;475;408;317;
Period 4:
Room No. 0 :114;208;17;
Period 5:
Room No. 0 :25;240;118;161;257;125;64;190;394;259;223;369;348;345;432;187;416;430;254;455;
Period 6:
Room No. 0 :82;247;155;277;44;330;264;212;368;351;349;476;451;469;139;498;482;465;
Period 7:
Room No. 0 :381;116;20;
Period 8:
Room No. 0 :309;49;167;237;365;302;450;403;315;458;433;398;322;425;376;473;370;428;400;206;387;40;
Period 9:
Room No. 0 :13;270;136;447;238;146;195;75;232;320;99;305;486;427;362;
Period 10:
Room No. 0 :444;508;15;14;52;
Period 11:
Room No. 0 :51;94;296;225;58;492;292;290;357;329;414;489;419;218;464;268;285;249;358;
Period 12:
Room No. 0 :5;101;85;179;137;144;163;446;333;86;273;203;307;445;303;467;222;
Period 13:
Room No. 0 :350;344;30;
Period 14:
Room No. 0 :2;107;61;145;102;196;424;352;377;409;429;288;239;308;436;294;326;335;478;454;359;
Period 15:
Room No. 0 :213;74;162;98;435;130;69;410;438;265;367;181;185;38;437;284;415;339;
Period 16:
Room No. 0 :33;108;299;217;65;255;227;382;334;356;230;323;501;412;506;117;275;
Period 17:
Room No. 0 :505;319;355;220;12;
Period 18:
Room No. 0 :111;9;97;29;109;242;360;291;184;157;124;488;417;318;298;493;89;297;
Period 19:
Room No. 0 :3;27;140;490;79;280;470;210;312;180;143;440;267;379;71;347;390;472;250;
Period 20:
Room No. 0 :328;340;321;55;91;
Period 21:
Room No. 0 :87;373;73;197;123;228;497;262;392;459;391;132;363;209;496;401;282;
Period 22:
Room No. 0 :131;83;24;77;245;221;449;171;507;411;463;503;234;199;295;327;
Period 23:
Room No. 0 :88;21;
Period 24:
Room No. 0 :80;63;39;48;175;96;338;192;127;325;341;269;406;172;138;170;
Period 25:
Room No. 0 :90;59;266;229;95;248;169;397;134;191;448;304;399;272;494;378;316;128;
Period 26:
Room No. 0 :47;45;
Period 27:
Room No. 0 :43;6;193;386;375;103;243;26;366;148;271;418;260;176;205;
Period 28:
Room No. 0 :35;23;54;159;215;337;164;182;198;407;188;452;468;485;173;
Period 29:
Room No. 0 :113;42;
Period 30:
Room No. 0 :112;150;70;281;154;207;396;487;479;183;385;484;156;336;1;353;
Period 31:
Room No. 0 :119;121;81;274;18;287;244;165;214;224;293;168;263;461;261;443;
Period 32:
Room No. 0 :62;10;226;133;46;105;204;343;306;231;474;276;147;332;
Period 33:
Room No. 0 :8;
Period 34:
Room No. 0 :60;78;7;100;246;84;283;189;278;236;151;480;481;466;
Period 35:
Room No. 0 :34;11;142;53;115;431;402;491;106;258;241;405;160;
Period 36:
Room No. 0 :76;420;
Period 37:
Room No. 0 :41;66;177;16;122;57;453;289;404;371;201;211;120;
Period 38:
Room No. 0 :36;186;178;129;92;252;50;
Period 39:
Room No. 0 :31;149;67;166;153;152;174;200;135;
