Period 0:
Room No. 0 :423;258;496;196;404;459;351;172;500;189;26;483;441;420;490;278;395;338;446;228;428;215;308;269;512;357;409;261;522;491;383;401;392;519;468;437;415;530;515;393;207;1;346;499;386;350;356;
Period 1:
Room No. 0 :6;150;156;378;132;
Period 2:
Room No. 0 :34;208;457;291;502;374;229;520;163;492;488;284;427;299;270;263;354;479;452;475;336;445;170;463;521;313;431;398;402;252;531;375;517;405;442;343;425;
Period 3:
Room No. 0 :11;55;41;133;474;493;342;453;466;333;532;319;106;198;411;410;485;448;471;138;176;281;518;489;501;
Period 4:
Room No. 0 :218;92;381;390;8;
Period 5:
Room No. 0 :74;104;211;214;50;290;81;306;510;264;403;439;328;312;387;529;524;523;467;355;462;516;447;443;166;
Period 6:
Room No. 0 :13;497;199;142;267;210;84;288;139;391;341;254;260;292;487;87;235;507;494;134;470;444;
Period 7:
Room No. 0 :22;315;240;181;125;97;
Period 8:
Room No. 0 :68;183;212;349;434;370;135;339;206;352;469;367;526;331;273;266;503;305;238;413;382;380;465;326;451;486;257;180;
Period 9:
Room No. 0 :65;83;255;231;251;21;440;127;131;300;173;430;525;317;340;298;385;184;243;513;482;100;
Period 10:
Room No. 0 :294;141;287;64;248;112;
Period 11:
Room No. 0 :43;88;105;73;168;187;167;458;511;309;325;400;115;416;152;417;418;366;454;
Period 12:
Room No. 0 :80;20;148;421;297;200;122;280;279;140;505;429;153;358;213;438;456;450;332;353;276;
Period 13:
Room No. 0 :384;149;111;54;209;259;
Period 14:
Room No. 0 :295;39;164;514;12;397;101;61;75;268;110;330;146;533;221;460;478;379;424;473;
Period 15:
Room No. 0 :89;2;123;303;219;362;195;373;265;241;506;275;498;244;102;230;406;327;414;361;433;224;509;426;234;
Period 16:
Room No. 0 :10;86;347;136;316;217;407;157;249;464;422;119;527;58;302;
Period 17:
Room No. 0 :368;33;98;277;154;262;
Period 18:
Room No. 0 :60;108;202;103;182;175;253;232;371;504;365;348;396;449;408;
Period 19:
Room No. 0 :44;7;472;171;93;177;121;377;344;216;190;31;508;161;321;388;363;
Period 20:
Room No. 0 :147;237;174;35;289;63;40;197;
Period 21:
Room No. 0 :71;178;47;194;72;143;151;226;236;477;191;205;359;114;
Period 22:
Room No. 0 :85;225;126;57;314;28;286;311;160;419;145;435;399;436;
Period 23:
Room No. 0 :90;329;242;70;144;193;282;62;159;
Period 24:
Room No. 0 :19;82;293;185;310;94;256;283;271;360;476;250;372;
Period 25:
Room No. 0 :42;246;239;66;364;76;322;245;369;204;484;455;116;345;285;162;481;
Period 26:
Room No. 0 :227;186;109;117;318;272;301;59;
Period 27:
Room No. 0 :37;16;96;129;203;124;324;334;79;461;220;480;495;137;
Period 28:
Room No. 0 :52;304;32;3;247;113;323;307;337;394;389;376;528;432;
Period 29:
Room No. 0 :29;4;45;107;188;155;274;128;192;335;320;412;222;
