Period 0:
Room No. 0 :94;469;364;144;207;439;9;336;489;446;328;263;500;491;338;356;192;380;275;415;355;292;493;169;309;180;450;476;181;161;311;438;506;156;392;213;188;453;
Period 1:
Room No. 0 :5;48;36;
Period 2:
Room No. 0 :4;416;315;475;449;152;412;217;226;238;101;160;325;375;483;289;386;470;384;359;444;365;313;492;378;371;508;398;503;462;256;239;109;255;
Period 3:
Room No. 0 :206;117;133;60;468;74;354;402;254;232;202;352;445;155;287;507;245;460;171;418;121;406;278;496;424;480;478;401;51;141;
Period 4:
Room No. 0 :258;6;193;62;120;105;65;131;
Period 5:
Room No. 0 :12;73;127;179;40;505;196;221;170;358;407;167;80;286;484;473;414;458;419;301;261;457;158;253;304;456;421;326;442;511;374;214;
Period 6:
Room No. 0 :19;128;187;27;486;229;382;368;235;89;55;307;257;466;340;79;324;300;399;440;353;494;298;390;246;218;265;430;410;498;334;391;283;
Period 7:
Room No. 0 :96;119;47;45;84;
Period 8:
Room No. 0 :49;61;139;134;26;383;71;262;42;126;411;225;463;186;314;140;106;464;370;341;266;459;237;363;321;323;125;485;474;
Period 9:
Room No. 0 :118;243;68;387;162;138;130;405;318;163;461;176;329;82;173;277;272;454;367;366;495;388;426;361;147;190;381;205;231;
Period 10:
Room No. 0 :91;107;7;112;404;30;
Period 11:
Room No. 0 :28;32;108;18;281;241;312;451;267;172;288;87;195;432;472;135;210;259;305;268;343;400;377;
Period 12:
Room No. 0 :20;293;56;271;452;223;317;211;403;93;228;224;425;502;129;408;443;490;339;244;330;194;103;279;166;471;331;216;164;417;299;252;
Period 13:
Room No. 0 :177;137;57;113;29;351;
Period 14:
Room No. 0 :41;69;342;394;362;208;297;395;294;269;81;240;88;436;509;184;428;350;433;447;477;510;345;497;264;
Period 15:
Room No. 0 :44;67;104;199;77;174;251;437;247;467;434;154;124;332;242;209;178;369;8;219;482;376;423;
Period 16:
Room No. 0 :10;123;53;409;479;37;39;198;185;157;282;250;99;333;142;260;337;335;191;274;165;296;427;
Period 17:
Room No. 0 :285;97;151;90;3;393;215;43;
Period 18:
Room No. 0 :100;145;230;146;70;24;322;316;249;373;389;295;248;86;78;488;372;441;220;168;
Period 19:
Room No. 0 :13;64;34;189;35;75;200;203;348;201;175;431;448;310;291;422;487;204;92;
Period 20:
Room No. 0 :52;83;320;136;143;115;149;54;
Period 21:
Room No. 0 :17;31;102;233;59;63;98;182;360;132;270;397;284;501;429;465;357;
Period 22:
Room No. 0 :11;303;114;66;153;290;504;197;222;308;111;385;116;306;379;276;396;420;327;273;
Period 23:
Room No. 0 :346;76;159;150;413;85;122;227;14;110;
Period 24:
Room No. 0 :72;95;38;22;234;58;1;148;435;236;481;280;50;319;302;183;455;344;349;499;347;212;
