Period 0:
Room No. 0 :137;261;139;183;38;415;366;94;358;533;420;511;485;456;524;254;340;435;386;421;388;504;371;333;530;338;469;
Period 1:
Room No. 0 :97;34;
Period 2:
Room No. 0 :476;57;201;253;354;493;347;3;164;531;400;213;441;87;532;507;459;331;477;468;450;
Period 3:
Room No. 0 :249;111;4;36;438;424;193;430;314;263;529;379;496;442;514;409;516;473;185;
Period 4:
Room No. 0 :43;210;11;45;93;
Period 5:
Room No. 0 :115;248;44;238;121;361;513;240;509;302;401;108;387;276;500;304;447;252;
Period 6:
Room No. 0 :27;321;143;286;236;414;195;519;498;393;339;385;515;470;317;212;491;494;303;432;402;460;418;330;
Period 7:
Room No. 0 :79;147;5;138;
Period 8:
Room No. 0 :98;46;106;355;244;352;431;257;389;425;281;487;426;488;492;517;363;395;284;265;483;377;
Period 9:
Room No. 0 :47;63;118;42;258;322;404;506;439;423;495;235;269;334;375;123;486;279;525;403;462;328;443;
Period 10:
Room No. 0 :50;220;107;16;
Period 11:
Room No. 0 :75;59;262;209;215;176;382;166;360;345;289;526;287;221;405;463;184;
Period 12:
Room No. 0 :85;91;40;119;145;187;429;131;505;413;191;521;224;490;266;408;306;520;499;448;482;356;
Period 13:
Room No. 0 :223;35;
Period 14:
Room No. 0 :70;76;13;373;376;196;168;159;315;293;348;394;501;528;270;198;457;
Period 15:
Room No. 0 :15;142;178;396;101;436;260;216;453;282;146;475;81;392;239;472;454;242;368;398;344;226;489;
Period 16:
Room No. 0 :180;120;7;461;267;158;378;129;327;428;273;412;362;296;114;512;
Period 17:
Room No. 0 :9;132;181;
Period 18:
Room No. 0 :8;124;62;283;189;167;205;343;369;478;383;523;451;452;479;419;503;374;336;156;
Period 19:
Room No. 0 :155;56;23;148;247;411;232;278;365;467;474;390;522;508;434;
Period 20:
Room No. 0 :458;74;225;31;
Period 21:
Room No. 0 :73;67;301;152;144;290;83;300;268;222;399;125;416;406;341;203;427;397;
Period 22:
Room No. 0 :21;28;149;177;211;497;353;255;192;48;502;359;518;380;291;
Period 23:
Room No. 0 :66;170;80;
Period 24:
Room No. 0 :24;65;311;84;527;173;1;160;230;274;313;250;357;256;275;437;202;
Period 25:
Room No. 0 :14;117;100;309;78;288;298;171;337;86;140;92;280;471;186;
Period 26:
Room No. 0 :33;207;233;53;
Period 27:
Room No. 0 :88;179;122;182;52;446;342;204;134;316;190;325;410;271;480;
Period 28:
Room No. 0 :51;217;175;2;455;200;165;135;208;384;241;433;391;292;264;422;481;
Period 29:
Room No. 0 :103;20;231;218;
Period 30:
Room No. 0 :127;71;77;109;128;370;277;214;197;367;17;465;
Period 31:
Room No. 0 :37;49;104;329;227;162;272;332;126;484;285;99;381;449;351;234;510;466;
Period 32:
Room No. 0 :18;169;110;310;105;297;174;312;324;228;364;464;163;299;440;445;
Period 33:
Room No. 0 :417;54;141;55;
Period 34:
Room No. 0 :26;96;82;19;259;90;102;307;130;346;
Period 35:
Room No. 0 :41;69;245;61;151;154;294;150;72;326;320;444;305;372;
Period 36:
Room No. 0 :206;199;116;246;30;
Period 37:
Room No. 0 :12;237;68;113;133;219;153;318;319;188;349;
Period 38:
Room No. 0 :29;323;112;194;243;161;295;308;251;350;335;407;
Period 39:
Room No. 0 :95;136;58;89;157;172;229;
