Period 0:
Room No. 0 :104;19;74;372;449;275;343;291;254;481;4;21;346;318;251;71;361;105;377;205;397;299;221;382;233;131;508;374;424;345;311;307;516;513;439;171;500;524;429;179;498;435;400;300;157;342;505;360;174;507;253;403;437;321;249;410;472;469;192;391;341;339;415;493;376;491;468;442;277;330;427;404;324;514;312;154;522;329;387;156;113;102;338;287;430;278;417;295;140;444;88;187;457;242;280;406;260;398;296;458;1;337;170;373;396;511;440;389;421;399;470;503;486;490;487;495;288;
Period 1:
Room No. 0 :261;183;358;365;306;474;478;143;308;145;66;367;520;193;434;78;106;405;118;364;224;263;302;284;38;423;137;467;232;418;323;461;243;294;394;
Period 2:
Room No. 0 :276;227;234;75;126;64;231;116;95;125;378;255;425;151;32;347;117;408;317;
Period 3:
Room No. 0 :189;20;111;212;432;177;207;455;127;315;355;310;62;194;41;80;460;138;252;48;501;
Period 4:
Room No. 0 :90;348;226;438;395;359;173;87;509;220;223;197;29;334;450;366;426;385;259;264;480;216;282;158;120;309;465;336;383;239;518;199;502;521;370;413;369;289;497;446;371;448;7;506;
Period 5:
Room No. 0 :246;297;92;128;44;16;515;271;250;93;123;146;504;
Period 6:
Room No. 0 :144;34;499;39;335;136;63;24;471;200;362;485;447;445;265;98;172;161;
Period 7:
Room No. 0 :349;155;313;76;79;132;107;350;148;258;43;409;230;94;314;414;452;466;112;489;305;208;392;479;322;375;165;129;451;238;473;218;167;357;195;402;352;
Period 8:
Room No. 0 :8;33;456;184;2;45;26;211;135;169;49;393;356;201;
Period 9:
Room No. 0 :175;206;12;13;121;100;133;273;35;141;51;168;182;431;519;
Period 10:
Room No. 0 :214;81;441;381;185;482;328;77;84;483;256;363;488;142;285;270;245;419;286;164;492;147;247;82;241;279;368;298;454;209;453;269;512;379;130;
Period 11:
Room No. 0 :160;180;56;181;384;422;163;37;27;401;436;30;89;464;217;443;459;
Period 12:
Room No. 0 :333;46;110;228;229;59;320;162;332;159;257;103;293;42;
Period 13:
Room No. 0 :139;188;386;186;316;219;411;281;484;517;351;525;86;354;222;388;510;268;420;304;412;326;235;85;463;73;60;523;210;244;213;283;262;476;462;40;18;
Period 14:
Room No. 0 :54;91;190;390;96;115;5;202;122;301;83;61;17;380;428;353;3;
Period 15:
Room No. 0 :119;101;134;50;28;407;72;150;10;236;70;225;114;196;248;433;
Period 16:
Room No. 0 :240;237;109;198;23;53;494;97;526;331;475;215;325;477;149;153;272;
Period 17:
Room No. 0 :178;327;416;496;108;274;340;303;31;67;
Period 18:
Room No. 0 :9;22;15;166;57;152;99;52;191;292;36;344;65;203;124;
Period 19:
Room No. 0 :266;25;6;68;47;290;319;267;204;14;176;11;69;55;
