Period 0:
Room No. 0 :511;321;350;441;51;390;185;32;164;161;334;474;377;385;76;332;395;60;248;362;469;394;326;387;506;272;465;491;275;324;481;480;436;
Period 1:
Room No. 0 :352;147;300;80;43;243;111;122;153;134;34;
Period 2:
Room No. 0 :312;370;109;365;133;33;302;211;438;457;314;500;427;335;295;489;372;440;202;475;505;378;6;165;392;463;259;478;485;175;253;225;
Period 3:
Room No. 0 :44;230;293;46;291;477;108;22;437;322;373;443;186;221;204;383;323;419;381;496;424;1;63;296;286;129;180;408;459;508;423;207;442;446;
Period 4:
Room No. 0 :64;198;89;146;170;114;112;55;143;103;
Period 5:
Room No. 0 :279;152;62;56;118;376;78;504;343;283;315;214;360;258;238;232;451;347;95;357;341;399;510;298;502;397;268;94;430;338;311;
Period 6:
Room No. 0 :219;104;167;126;445;93;509;67;297;260;200;456;79;414;349;327;479;407;411;124;398;355;493;484;396;452;228;342;
Period 7:
Room No. 0 :290;278;12;110;369;320;18;227;205;37;45;70;
Period 8:
Room No. 0 :28;284;420;128;223;189;26;305;366;105;282;488;285;393;229;301;176;391;310;413;492;226;388;344;292;453;
Period 9:
Room No. 0 :100;39;169;75;262;41;125;144;264;382;250;433;403;218;461;356;364;274;363;432;345;245;183;417;400;386;166;208;
Period 10:
Room No. 0 :247;73;87;236;74;156;190;346;16;177;288;
Period 11:
Room No. 0 :66;234;23;374;251;184;339;168;240;107;466;178;141;422;507;316;458;354;171;375;367;50;270;241;273;501;340;331;503;410;102;319;402;
Period 12:
Room No. 0 :35;237;84;86;123;233;17;421;330;72;99;329;271;468;256;325;119;361;389;188;450;470;455;216;482;498;277;257;210;
Period 13:
Room No. 0 :90;157;174;187;222;36;203;213;209;404;14;
Period 14:
Room No. 0 :29;337;113;148;54;163;307;199;173;10;212;428;449;244;494;91;197;195;136;472;287;359;194;495;368;439;201;486;
Period 15:
Room No. 0 :20;53;215;96;154;193;117;303;308;97;371;242;447;224;137;416;358;309;57;434;263;191;266;487;401;462;231;353;412;252;299;418;265;235;384;497;473;140;
Period 16:
Room No. 0 :15;281;471;83;38;120;181;239;127;162;69;379;206;289;294;406;328;476;101;280;467;155;304;483;499;
Period 17:
Room No. 0 :88;21;135;276;246;116;220;65;336;317;139;
Period 18:
Room No. 0 :3;77;151;142;158;380;145;182;409;179;59;261;429;333;444;454;132;431;426;
Period 19:
Room No. 0 :2;48;115;71;313;131;269;351;150;138;425;405;217;121;172;159;318;460;306;254;348;464;490;415;448;196;435;
