Period 0:
Room No. 0 :97;286;445;211;187;147;414;391;276;183;272;452;340;442;190;458;394;278;1;422;490;389;224;383;392;344;470;500;467;259;288;465;202;364;83;428;315;421;397;427;432;342;456;199;496;493;290;331;291;284;433;169;401;221;305;170;499;455;127;387;436;408;471;348;385;345;355;369;181;423;446;161;57;64;
Period 1:
Room No. 0 :81;65;39;
Period 2:
Room No. 0 :4;245;102;29;450;177;316;201;218;379;413;304;478;406;264;360;346;254;376;453;439;257;468;495;396;485;328;248;454;339;333;336;171;444;498;460;207;370;366;114;192;400;332;
Period 3:
Room No. 0 :91;148;32;275;258;241;494;42;354;289;285;357;128;337;476;349;431;384;150;152;508;419;94;55;481;473;415;223;381;323;309;464;462;411;373;297;261;184;457;390;504;
Period 4:
Room No. 0 :88;146;5;80;
Period 5:
Room No. 0 :196;24;405;93;417;240;416;472;350;374;233;230;425;237;358;437;96;175;27;130;327;269;482;219;312;298;292;367;353;388;317;449;116;
Period 6:
Room No. 0 :208;35;100;28;239;475;217;37;164;179;268;491;220;173;108;440;393;168;506;231;222;174;488;125;124;301;380;
Period 7:
Room No. 0 :92;31;44;40;104;
Period 8:
Room No. 0 :16;180;159;132;426;182;489;330;503;246;443;274;205;477;209;321;157;166;310;234;2;235;480;505;229;295;319;303;
Period 9:
Room No. 0 :11;118;145;420;149;48;66;163;232;377;200;189;282;334;251;99;206;378;308;210;155;135;279;139;255;430;368;299;300;293;
Period 10:
Room No. 0 :153;18;226;14;13;
Period 11:
Room No. 0 :151;311;141;318;59;98;122;260;487;352;253;142;466;78;249;72;76;95;434;256;497;451;74;138;469;441;
Period 12:
Room No. 0 :19;106;86;158;273;329;45;198;483;197;112;395;47;463;372;225;418;314;186;194;280;399;307;486;204;238;262;
Period 13:
Room No. 0 :77;126;267;43;103;
Period 14:
Room No. 0 :71;54;119;140;109;17;438;110;283;236;459;203;250;62;410;326;407;302;294;212;382;
Period 15:
Room No. 0 :107;87;61;492;111;137;227;51;398;347;120;136;178;123;213;361;185;484;306;362;322;479;244;143;
Period 16:
Room No. 0 :26;7;101;60;133;247;216;296;84;271;435;343;363;154;162;359;270;341;501;176;502;
Period 17:
Room No. 0 :105;188;228;89;131;
Period 18:
Room No. 0 :82;121;10;191;56;6;281;113;41;68;277;242;134;172;117;448;447;424;
Period 19:
Room No. 0 :52;90;36;320;165;46;325;266;351;461;287;365;338;404;356;
Period 20:
Room No. 0 :79;3;160;69;195;386;156;
Period 21:
Room No. 0 :129;263;34;23;53;167;21;409;324;375;265;507;
Period 22:
Room No. 0 :30;73;214;63;70;193;429;85;252;474;402;313;335;403;
Period 23:
Room No. 0 :67;12;75;243;144;371;38;33;215;412;
