Period 0:
Room No. 0 :354;412;501;315;384;345;28;108;156;332;209;428;358;74;182;76;395;228;148;32;475;434;206;174;400;279;132;370;317;418;302;379;238;85;113;179;117;476;436;509;481;373;263;189;127;361;149;502;352;406;449;277;391;311;404;192;498;522;321;458;338;508;491;288;330;468;430;312;398;442;337;493;503;287;339;278;396;157;275;280;469;457;511;399;295;102;507;470;439;242;249;410;88;324;296;253;487;342;376;440;187;140;516;424;505;500;435;427;154;417;421;329;403;170;387;415;1;472;513;429;300;490;514;437;341;444;374;307;495;360;524;260;171;389;486;
Period 1:
Room No. 0 :407;267;173;304;375;392;232;221;363;518;347;464;523;348;371;298;460;422;202;197;526;416;111;438;350;320;420;377;381;224;450;175;290;137;195;120;492;35;474;303;448;322;340;465;326;201;323;409;37;71;
Period 2:
Room No. 0 :26;105;423;20;364;276;8;44;426;401;246;447;519;335;336;248;240;388;223;
Period 3:
Room No. 0 :11;110;68;359;254;297;286;19;17;104;59;52;70;343;301;265;512;233;163;349;225;310;
Period 4:
Room No. 0 :106;270;97;2;443;372;405;497;459;480;283;357;220;131;143;433;216;284;467;454;226;218;73;259;318;471;506;483;213;45;229;362;289;264;385;129;282;346;251;386;183;262;244;142;145;365;517;
Period 5:
Room No. 0 :368;515;520;3;58;47;325;15;292;115;200;81;125;56;166;215;48;255;151;461;414;
Period 6:
Room No. 0 :116;43;34;25;6;162;18;57;351;393;42;87;98;334;118;217;82;133;236;
Period 7:
Room No. 0 :499;139;177;402;239;147;204;309;219;285;94;256;446;306;84;479;234;161;63;186;355;164;353;394;80;455;141;294;525;425;482;114;494;431;305;382;188;473;77;451;
Period 8:
Room No. 0 :331;13;456;51;27;383;100;261;146;308;90;14;38;160;121;488;
Period 9:
Room No. 0 :123;227;40;180;128;135;466;5;316;23;313;138;269;91;504;390;
Period 10:
Room No. 0 :397;126;184;299;181;158;271;243;462;210;67;478;252;112;235;328;273;366;89;484;178;222;153;36;167;165;510;496;489;356;247;230;369;
Period 11:
Room No. 0 :30;75;274;72;65;10;411;152;258;211;198;193;109;214;176;237;
Period 12:
Room No. 0 :21;134;39;78;119;83;22;69;29;241;49;380;327;199;172;452;367;101;
Period 13:
Room No. 0 :150;453;208;281;419;107;207;268;130;257;432;441;314;93;463;521;
Period 14:
Room No. 0 :333;378;31;41;144;408;319;12;344;7;96;64;122;293;66;291;
Period 15:
Room No. 0 :212;50;79;194;185;250;46;92;445;169;124;477;413;60;203;86;245;168;191;136;
Period 16:
Room No. 0 :55;24;9;33;62;231;205;99;196;485;
Period 17:
Room No. 0 :
Period 18:
Room No. 0 :266;190;159;61;95;155;54;53;16;103;
Period 19:
Room No. 0 :272;4;
