Period 0:
Room No. 0 :71;97;99;136;458;309;294;486;123;431;382;417;191;212;475;345;500;463;435;510;271;50;415;424;473;374;356;142;505;438;196;492;231;183;295;493;498;347;156;165;
Period 1:
Room No. 0 :88;25;177;220;351;
Period 2:
Room No. 0 :30;432;433;259;443;403;5;146;195;171;108;370;140;354;315;249;508;268;386;292;214;279;483;452;365;274;338;476;311;385;375;502;186;408;
Period 3:
Room No. 0 :4;160;323;33;487;205;127;224;467;367;289;269;264;464;280;442;410;122;121;275;369;301;348;363;150;421;469;197;219;457;
Period 4:
Room No. 0 :44;72;86;17;199;64;
Period 5:
Room No. 0 :55;42;358;286;344;9;105;436;494;143;208;173;227;238;350;341;450;226;425;506;170;329;391;278;446;277;169;84;420;
Period 6:
Room No. 0 :22;34;92;131;272;109;336;305;327;260;390;459;203;495;111;334;290;444;366;125;361;75;1;485;489;496;497;255;484;384;282;257;511;
Period 7:
Room No. 0 :20;307;96;27;80;201;
Period 8:
Room No. 0 :36;65;223;254;241;439;133;300;102;266;234;355;322;218;445;331;481;270;229;381;147;453;456;
Period 9:
Room No. 0 :13;116;47;184;155;243;235;360;440;198;181;394;251;399;246;434;164;471;265;250;482;461;401;211;503;388;57;491;324;
Period 10:
Room No. 0 :10;153;61;114;43;
Period 11:
Room No. 0 :70;168;112;447;106;163;380;32;178;242;352;468;281;330;332;232;397;144;501;239;161;472;308;412;393;298;276;310;166;441;414;402;
Period 12:
Room No. 0 :81;41;68;343;141;29;340;364;245;339;423;296;217;490;317;449;130;460;328;462;426;74;480;151;287;
Period 13:
Room No. 0 :51;98;182;202;40;174;256;342;115;39;91;
Period 14:
Room No. 0 :35;46;23;176;152;94;95;448;470;188;263;474;284;478;437;395;466;314;507;465;509;
Period 15:
Room No. 0 :54;14;45;90;407;230;499;145;303;302;222;252;213;304;240;119;362;175;225;325;154;67;216;392;428;400;204;427;
Period 16:
Room No. 0 :3;16;267;179;103;63;162;78;346;409;411;180;312;371;377;357;313;359;288;237;299;372;
Period 17:
Room No. 0 :404;89;418;228;83;6;12;37;126;
Period 18:
Room No. 0 :28;137;79;31;157;207;209;337;185;82;233;26;389;396;368;349;124;321;
Period 19:
Room No. 0 :159;8;247;320;87;107;187;236;132;189;221;454;373;210;319;455;190;376;194;406;253;378;
Period 20:
Room No. 0 :38;56;167;62;24;192;
Period 21:
Room No. 0 :69;135;19;104;58;138;215;158;258;128;488;318;193;306;335;416;398;504;405;479;129;379;316;283;
Period 22:
Room No. 0 :2;118;53;93;261;85;172;244;297;262;48;326;101;139;430;422;333;477;59;451;387;
Period 23:
Room No. 0 :134;100;77;285;49;383;76;149;
Period 24:
Room No. 0 :73;200;11;60;113;148;117;110;413;206;248;273;120;429;419;353;293;291;
