Period 0:
Room No. 0 :225;45;116;466;211;407;215;441;341;34;132;82;180;93;519;459;374;324;397;315;354;420;506;372;486;508;88;71;416;453;457;376;424;483;432;411;444;356;412;487;510;200;524;336;373;513;199;468;514;409;492;498;250;
Period 1:
Room No. 0 :297;398;299;479;399;422;512;490;493;389;288;442;522;364;48;26;59;
Period 2:
Room No. 0 :318;30;192;291;378;415;29;162;323;511;471;76;475;509;278;10;305;231;177;182;171;111;467;448;503;525;20;303;431;449;505;112;205;226;309;
Period 3:
Room No. 0 :349;230;185;430;24;4;261;312;94;128;387;174;275;480;259;496;520;348;329;325;219;294;321;178;394;79;222;450;363;476;345;477;306;515;406;495;462;121;233;83;
Period 4:
Room No. 0 :377;369;484;491;367;100;307;3;36;81;126;164;140;
Period 5:
Room No. 0 :172;25;464;16;146;23;173;436;523;385;170;78;403;201;494;298;383;269;433;68;168;96;384;154;342;263;360;526;451;344;287;463;400;311;404;465;326;328;197;
Period 6:
Room No. 0 :31;61;110;62;101;257;95;251;152;184;255;284;454;426;183;97;313;256;198;478;304;229;381;295;375;443;244;497;289;418;191;283;470;401;
Period 7:
Room No. 0 :135;330;238;500;242;5;22;
Period 8:
Room No. 0 :49;64;176;145;53;108;141;65;74;151;188;58;485;223;296;347;1;130;195;521;202;481;264;249;280;232;320;488;469;391;473;300;460;252;434;417;361;254;282;104;
Period 9:
Room No. 0 :123;38;150;167;236;333;42;15;371;334;446;91;379;224;461;427;302;268;129;507;489;270;419;260;237;388;310;158;142;290;516;425;331;517;410;395;438;343;366;207;240;
Period 10:
Room No. 0 :19;17;98;429;502;292;
Period 11:
Room No. 0 :86;127;267;99;54;12;50;337;408;293;439;327;386;338;147;316;428;352;166;332;359;447;35;209;382;308;210;319;179;362;52;139;339;138;187;317;
Period 12:
Room No. 0 :2;279;60;70;44;27;143;213;14;340;175;402;120;80;370;119;281;32;458;437;358;286;165;189;253;227;274;194;265;
Period 13:
Room No. 0 :133;273;276;117;39;
Period 14:
Room No. 0 :160;11;57;7;47;314;335;153;125;392;435;40;456;452;115;482;241;85;501;161;277;405;124;355;421;72;216;63;107;
Period 15:
Room No. 0 :13;21;365;66;114;103;144;285;149;84;322;186;87;196;414;228;102;218;243;77;217;472;351;221;440;518;353;73;157;220;266;
Period 16:
Room No. 0 :109;28;37;122;33;55;159;204;235;301;203;246;190;69;212;156;357;455;131;393;118;113;271;390;396;
Period 17:
Room No. 0 :346;18;92;90;
Period 18:
Room No. 0 :6;9;106;474;105;67;499;89;272;239;248;169;46;234;137;51;423;413;258;214;134;504;
Period 19:
Room No. 0 :245;8;43;163;56;155;380;181;350;41;368;75;247;148;262;136;445;206;208;193;
