Period 0:
Room No. 0 :71;160;415;253;21;476;428;459;202;329;495;306;437;254;447;281;340;348;488;335;390;156;299;
Period 1:
Room No. 0 :303;2;143;332;174;262;29;170;
Period 2:
Room No. 0 :167;418;131;189;472;226;407;291;455;494;312;403;206;434;408;95;470;346;361;288;465;239;454;469;478;
Period 3:
Room No. 0 :15;62;135;166;152;336;252;422;389;383;200;130;276;445;449;471;355;433;500;504;310;425;477;349;209;423;
Period 4:
Room No. 0 :249;406;444;38;108;275;14;145;117;27;460;490;
Period 5:
Room No. 0 :198;431;67;34;302;169;103;106;269;385;489;342;308;429;370;172;432;421;498;368;483;464;
Period 6:
Room No. 0 :127;242;457;44;140;55;37;379;150;88;196;397;391;354;382;286;328;321;333;292;
Period 7:
Room No. 0 :278;499;7;100;168;184;136;283;320;395;
Period 8:
Room No. 0 :203;97;199;293;11;325;285;501;118;344;323;191;387;78;273;461;339;396;392;
Period 9:
Room No. 0 :175;23;74;266;427;141;91;373;458;164;307;257;404;316;436;411;61;475;298;
Period 10:
Room No. 0 :492;59;111;232;274;32;142;57;197;456;
Period 11:
Room No. 0 :81;48;3;28;420;163;446;238;363;259;443;347;193;154;507;399;401;384;
Period 12:
Room No. 0 :158;9;73;377;72;126;211;107;227;486;165;284;502;480;497;481;393;322;451;485;
Period 13:
Room No. 0 :506;217;65;84;185;8;388;210;430;287;
Period 14:
Room No. 0 :79;121;182;358;77;216;350;60;487;282;237;301;424;381;353;317;341;508;327;294;345;493;
Period 15:
Room No. 0 :22;45;304;26;240;162;466;417;402;183;453;201;177;280;258;372;482;
Period 16:
Room No. 0 :90;194;120;188;448;378;12;176;218;260;224;367;214;207;376;219;236;261;
Period 17:
Room No. 0 :413;223;75;151;147;208;146;409;364;343;52;
Period 18:
Room No. 0 :51;116;17;110;357;289;133;31;244;352;181;215;398;503;374;400;
Period 19:
Room No. 0 :4;93;186;50;149;243;366;267;414;265;375;155;438;442;452;380;440;313;369;
Period 20:
Room No. 0 :42;360;1;153;412;256;125;337;94;33;83;
Period 21:
Room No. 0 :87;137;128;102;148;271;277;371;56;450;318;251;359;319;419;300;220;505;314;
Period 22:
Room No. 0 :66;326;213;18;112;405;86;157;69;255;311;229;221;416;467;96;
Period 23:
Room No. 0 :365;92;115;324;247;159;161;124;109;
Period 24:
Room No. 0 :105;13;10;180;58;46;270;187;338;435;473;394;204;272;192;463;
Period 25:
Room No. 0 :24;171;144;113;68;190;295;85;386;246;230;484;479;173;178;290;
Period 26:
Room No. 0 :195;36;41;47;64;132;441;296;
Period 27:
Room No. 0 :89;43;104;76;235;362;122;241;334;233;410;309;228;225;491;439;330;426;
Period 28:
Room No. 0 :20;82;231;263;268;264;234;279;351;245;179;315;496;462;139;331;99;250;297;468;
Period 29:
Room No. 0 :25;70;212;248;474;98;134;356;205;63;305;222;138;
