12 16 20 25 
21 

12 

24 
26 





20 25 
26 
18 
2 12 



21 

3 21 
9 12 20 25 
20 
12 

9 15 20 
2 15 
12 20 25 
20 25 
2 25 
13 18 
19 
9 19 
15 
12 25 
0 
10 18 
15 
2 12 
19 
21 
19 
2 18 25 
0 19 
7 
2 7 19 

12 


18 
0 20 25 
9 12 15 
2 12 18 25 
12 15 
2 20 25 
9 18 
15 18 

2 20 




18 
16 
16 25 
8 8 20 
18 
20 
2 20 
8 
0 15 24 

2 15 25 
15 20 25 
7 18 
18 21 
2 
15 

25 
2 5 
5 15 
18 19 

19 
13 18 
9 20 25 
19 

9 15 
0 
0 
16 19 
19 
15 18 
2 18 25 
7 19 
16 21 
25 
12 15 25 
2 12 
2 9 20 25 
0 12 16 25 

0 9 16 25 
9 15 25 
20 
21 
15 18 

2 18 25 
7 19 
19 
0 25 
18 


19 
19 

20 25 
20 25 
15 15 18 
7 
2 5 
12 16 18 25 
2 12 

25 
2 12 20 
19 
7 8 
0 
15 20 25 
19 
9 12 25 
21 
2 20 
18 21 
6 
12 15 
7 19 

19 21 
2 5 20 


7 19 
0 12 16 18 25 
2 15 
2 15 
9 15 16 25 
7 19 
7 8 
15 20 25 

19 
2 12 16 18 25 
18 
19 
2 12 18 25 

7 

2 15 18 25 
0 9 
12 
8 25 


18 21 
13 
6 

12 
0 7 

24 


5 16 
7 
25 
5 16 


25 


0 18 

1 4 
16 25 
18 

25 

18 


4 18 24 
4 18 
16 
3 
4 
4 18 

24 

4 
0 0 16 20 25 
9 25 
25 
24 
25 
24 
1 3 

16 
4 
25 

25 
18 


3 17 20 
25 
2 


25 

7 
8 
7 16 
4 
0 24 
3 
21 25 

25 
25 
4 26 


0 8 8 
4 
25 
3 23 
25 
0 24 
24 

10 17 
18 
25 
24 
25 
25 
25 

16 


25 
25 

25 
2 24 

26 

13 

0 
18 
18 

18 
16 

13 

24 
25 



25 
25 

19 
18 

1 
23 
0 25 
2 12 
16 
25 

16 

3 
2 
3 
4 24 
18 
4 26 
18 
24 
7 19 
7 18 
23 
0 7 8 
2 25 
2 
0 7 8 
18 
26 
23 

18 24 

25 
18 18 

2 
25 
7 24 

0 18 

24 
25 
18 
2 25 
3 
12 
6 
4 

1 

25 
12 

13 




16 18 


13 
4 
3 
13 16 
10 13 
25 
18 
25 
23 
6 8 

4 26 
8 8 


25 
7 8 
0 7 8 
8 16 
8 
25 
23 26 
18 
18 
3 23 
18 
2 
2 12 
3 26 
4 

4 

12 
7 11 

18 
12 

25 
23 26 
12 

25 
23 25 


18 
13 

6 24 

25 


3 25 
25 
25 

25 
13 
26 

3 
4 8 15 
26 

5 6 11 
21 25 

4 26 
0 9 16 25 

12 

0 7 8 
25 
16 16 18 

1 4 10 
0 
1 5 14 
23 
7 8 8 8 
0 7 8 
0 7 
4 26 
7 8 8 
0 8 8 


7 8 
16 
2 
7 8 
1 4 18 
0 

12 
25 
0 8 
17 
25 

7 
0 7 8 
4 
13 


13 
6 
0 7 8 
18 

8 

13 16 
8 24 

6 



6 
5 6 24 

18 21 
5 6 

1 6 
25 

2 


24 
17 19 
17 
17 19 21 
3 17 19 

6 17 19 
9 17 
6 17 19 
17 19 
17 
17 20 
17 
6 17 19 
5 
6 17 19 
2 


4 24 
10 17 21 
2 6 24 
7 
21 
2 6 24 


10 17 
6 10 19 

17 
3 3 19 
21 
3 17 
5 6 
1 
18 
18 
6 19 
6 6 24 
6 8 11 
18 18 24 
4 18 18 
10 21 
24 
24 
6 8 
17 20 
6 
17 19 
10 18 
3 

2 6 6 21 

3 17 19 
17 20 
6 6 11 16 


10 
15 19 
21 
6 19 
17 19 
17 19 20 
17 20 
16 

10 21 
10 17 
18 18 24 
10 
8 21 
6 17 19 
17 
3 
10 16 19 20 

7 19 21 
19 
6 17 19 
10 20 



6 8 16 
17 
10 17 
3 9 12 
10 

4 
3 
17 19 20 

21 
18 24 
16 
18 
10 19 21 21 
2 6 

6 8 11 

6 11 

21 
6 
16 21 
3 16 16 
17 

3 17 
6 10 19 
18 
10 
3 17 20 
17 19 
7 
10 17 

18 
17 20 

6 17 
7 
18 
21 21 
17 
10 17 20 

6 10 
19 
17 19 
17 
6 
6 11 
6 6 
6 8 11 
7 
17 20 
6 17 19 


9 
24 
6 24 

6 10 19 
19 21 
7 
5 6 
5 18 
5 
17 19 
10 17 20 
6 17 19 20 


21 

17 
16 24 
10 17 

17 20 
12 17 
3 17 
18 21 24 
16 20 
24 
17 
16 
6 19 
17 
7 16 20 
9 17 20 


6 16 

6 
7 12 

10 17 20 
6 17 19 20 
5 
0 7 21 
3 10 22 
19 
17 20 20 

6 8 11 
18 21 
10 19 
6 17 
8 17 20 
17 20 
10 
16 
19 21 
9 17 20 
0 18 
18 

16 
24 
3 
6 11 14 

6 6 
10 21 
16 24 
10 17 
0 16 
0 7 
7 
0 10 
7 
17 20 
3 9 17 20 

18 21 
10 11 
3 10 19 21 
3 17 
17 20 
3 17 20 
3 19 
10 
3 17 19 20 
3 11 
2 6 6 
7 

6 11 
3 5 19 
6 17 

3 17 
3 21 
19 20 
24 
21 24 
17 19 20 
6 17 19 20 
6 11 
7 17 
3 24 
6 11 
3 9 17 
0 21 
6 6 11 16 
6 17 20 
2 24 
6 8 16 
17 19 20 
3 6 19 
6 10 17 19 20 
0 8 10 
6 16 
6 11 
6 8 11 
19 
10 

17 20 
3 11 12 19 
2 6 19 
6 19 
16 
16 18 24 
5 14 
18 
17 20 
6 17 19 20 
16 24 
17 20 
1 11 

17 19 20 
10 19 
18 21 
9 19 
4 

6 11 
17 
3 24 
6 19 
10 17 
17 20 
17 19 20 
24 
10 18 
3 16 24 
16 24 
6 11 

8 18 24 
6 19 21 
21 
10 19 
24 
18 24 
11 16 
19 
18 
21 
6 

6 19 19 
6 
17 19 
8 
6 11 
18 18 

10 17 20 
24 
6 10 
18 
6 6 11 

6 6 19 
17 
3 11 
3 17 
3 6 10 19 
3 11 12 
19 
10 21 
3 9 19 
14 19 
8 24 
6 11 19 20 
17 
7 
6 16 
2 6 
3 9 12 
21 
18 
10 19 21 
3 24 
16 
16 24 
3 
18 24 
3 17 20 
6 
9 17 20 

6 

18 24 
3 3 
0 3 21 
18 24 


10 21 
3 19 21 
2 6 
18 21 24 
7 16 
5 

6 11 19 
3 

18 24 
3 24 
16 18 
2 6 24 
12 16 24 
6 
3 19 
3 
5 6 11 16 

7 10 

20 
19 
19 
24 
10 18 
10 16 
3 
5 6 11 
19 

6 20 


24 24 
19 
6 8 11 
3 10 17 19 
3 8 
16 16 21 21 


6 

6 
17 20 

10 17 20 
17 
6 17 20 
6 11 
10 17 
16 24 
8 16 

17 20 
16 24 
0 18 
10 

6 17 20 
3 19 
10 17 20 
10 

16 20 
8 


6 11 

6 11 
21 
2 25 
8 
24 
8 14 
6 11 
6 11 
6 11 
6 11 
1 6 11 
6 11 
6 11 
1 6 11 
6 11 
6 11 
6 11 
6 11 
6 11 
6 11 
6 11 
6 11 
6 11 
6 11 
11 
8 
2 9 18 

1 6 11 
8 8 8 
16 20 

6 11 
6 11 

21 
24 


14 
8 
8 

0 




3 
10 

6 
3 


12 
12 21 
5 16 
4 
4 18 





24 
17 
17 
23 
23 
23 
1 
1 
1 
1 
1 
1 
1 
1 
1 
1 
1 
1 
1 
1 
19 



6 
6 21 
6 26 
0 

9 19 
7 16 
6 16 
7 16 21 24 
9 19 

9 
6 9 
9 
8 14 16 

6 
4 6 
7 
16 
16 16 24 
3 9 
6 
8 14 20 
11 12 
16 24 
16 20 
9 
19 
9 16 19 
6 
7 8 24 
9 19 
16 16 
16 20 
16 

9 
7 16 
19 
3 


7 10 16 24 
7 16 
6 

16 
20 
9 
4 9 19 
16 24 
7 16 
9 
4 14 16 
9 19 
6 
7 12 16 
0 
9 

7 24 
6 8 
9 
16 16 20 
7 
9 10 19 
6 
8 14 18 
7 24 
9 
10 

12 
16 24 
16 16 
4 16 
9 19 
9 19 20 
7 16 

6 
3 

9 
5 9 19 
6 7 
16 24 
7 16 
9 19 
16 
14 16 24 
6 7 
8 14 
16 
9 
7 9 19 
10 
9 19 
11 19 
19 

12 16 
9 19 
19 
9 16 19 
7 12 16 
14 20 
9 16 
6 9 19 
6 
9 19 
6 
16 20 24 
0 7 16 
9 
6 
11 
16 16 
7 9 

4 7 
12 
9 9 19 

9 
7 16 
19 
19 
9 
8 
16 
6 
6 

9 10 16 19 

16 24 
0 8 14 
7 16 24 
6 7 
19 
6 7 
19 
0 16 
8 14 16 
6 14 
6 
6 
9 19 

16 24 
3 24 
9 
9 
9 19 
3 


9 
6 
9 19 

6 16 
3 
12 

16 16 
6 
16 16 
6 
9 19 
14 16 20 
6 

6 8 
6 14 
6 
7 16 
6 
3 5 
16 24 
9 19 
4 7 16 24 
3 4 9 19 
8 
9 16 19 
9 19 

3 20 
6 11 12 
9 10 19 
9 16 

10 
9 19 
7 16 19 

9 
6 
6 9 
19 
19 
7 16 
16 


19 
16 
8 

1 24 
16 20 24 
4 16 
4 9 19 
0 8 
8 16 20 
16 
16 
6 11 
6 16 
16 
9 
0 7 16 
0 
0 16 
16 16 20 
3 7 16 24 
7 16 
24 
7 12 
9 19 
16 16 

24 
6 21 
3 
6 16 
6 12 16 
6 8 
8 
7 20 24 
9 

16 16 
7 21 

14 16 
11 
6 9 19 
16 20 

7 
16 20 
7 16 24 
19 
16 20 24 
16 21 
7 16 


8 
4 16 
12 
12 
4 16 19 

9 12 19 
16 

1 8 14 19 
7 
16 20 24 
7 24 
3 9 
16 16 


16 
8 

9 19 
9 
9 19 
9 19 
7 16 
4 16 
20 
8 
9 
6 9 19 

3 9 19 
16 
19 

6 
16 21 24 
16 
16 
6 
9 16 
16 
1 16 
7 16 20 24 
6 
3 
9 19 
16 16 
3 16 

3 
16 20 
9 19 
9 
7 16 21 24 
4 16 
6 16 
8 
6 7 
9 19 
19 
16 20 
9 19 
7 
6 
6 20 
9 
9 19 
7 16 
9 
0 16 16 20 
19 
12 
6 
16 
16 
16 16 
21 
16 16 20 
9 9 
7 
6 16 
16 20 
11 19 
7 16 
16 
9 

9 19 
5 9 19 
9 10 19 
9 
16 
7 16 
16 16 20 
7 
6 
16 16 20 
3 24 
16 16 20 
16 
16 
19 
9 19 
9 11 
6 9 19 
16 
6 8 
16 24 
3 
3 
6 
6 

16 
3 
16 
0 5 


7 
6 7 
1 11 

4 7 
16 16 
0 
16 16 
16 21 
6 16 
7 16 20 
6 9 19 
16 
4 9 19 20 
19 
8 16 20 
16 16 

8 16 20 
6 
19 
16 
3 9 
6 
16 
9 19 
8 16 
9 9 19 
8 16 20 
16 
16 20 24 24 
16 20 
7 16 20 
7 20 24 
6 7 12 
16 
16 
7 24 
16 16 20 
4 16 
16 16 20 
9 
6 16 
16 
9 10 12 19 
3 
16 
10 16 24 
16 24 
10 

7 20 
4 6 
16 24 
16 
7 16 
9 19 
9 19 
16 24 

16 16 
6 
3 16 
6 
16 20 
16 16 20 24 

16 
6 8 
3 
9 19 
8 16 20 
16 24 
16 16 20 
3 12 
16 16 20 
0 
16 20 
16 20 
8 16 20 
8 16 20 
16 
16 20 
12 
8 14 
20 
20 
9 
5 6 14 16 
8 

1 

16 
16 
16 
2 7 16 
2 
2 7 
16 
10 
8 12 
6 20 
12 
6 
12 
24 
8 
0 
16 
5 


0 12 14 
20 
5 6 
0 



1 10 
2 
3 15 
10 11 24 
7 8 
12 16 
7 
15 
25 
25 
6 
12 
4 10 
7 
25 

14 
1 
9 19 
14 
8 
14 

5 16 

1 19 

4 24 
21 

20 
5 16 
8 14 
4 16 
2 
8 12 14 16 
7 9 16 
7 
9 19 
6 
19 
8 16 20 
16 
6 9 
6 
7 16 24 
9 19 
7 16 
7 16 
6 8 
6 8 
0 

9 12 19 
19 
6 

6 
6 
7 16 
6 
7 16 
6 
10 16 
9 10 16 19 
14 
9 9 
7 16 

4 16 
9 
9 
5 

16 
18 

16 24 
16 

16 20 
7 16 
8 14 
3 19 
8 
9 
6 

7 16 
18 
3 19 
6 

9 12 19 
16 16 20 24 
16 
16 
16 
16 20 




7 
6 

20 



25 

14 
3 28 
6 13 17 
11 20 

11 20 
25 28 
17 
25 28 
4 18 
20 
28 
3 21 25 28 
10 17 
17 
17 
10 17 
17 
11 20 
2 12 17 
15 20 
3 8 11 
14 
3 4 
12 17 
25 
10 
10 17 
12 17 
10 17 
14 
17 
3 25 
17 20 
3 
3 11 
17 
12 14 
12 
25 
5 17 23 

14 
4 
7 7 15 
12 
10 17 
20 
3 



15 20 
4 25 28 
1 20 
4 20 
20 
4 25 28 
25 
15 20 
25 
12 
25 
11 20 
11 20 
3 4 25 

25 
3 11 
12 
25 28 
3 4 25 28 
15 20 
17 
17 
20 
3 11 
3 4 28 
20 22 
3 4 25 
4 
25 
3 28 
20 
20 
3 28 
7 
3 11 
20 
25 
7 

11 

3 25 
7 
4 25 28 
8 20 
15 20 
7 15 
25 
3 25 
11 20 
15 20 
3 11 
3 28 
25 

20 

25 28 
20 
7 
11 20 
25 28 
12 
15 20 
3 6 25 
3 25 28 
11 20 
6 13 17 

20 
3 11 
4 17 25 
25 28 
12 

17 
12 
3 12 
20 26 
3 
5 12 
25 28 
25 
11 
20 

4 28 
3 11 21 
28 
8 15 20 
3 11 

7 
25 28 
4 28 
3 11 
25 
4 25 
3 4 25 28 
4 25 28 
0 3 
7 18 
25 
23 25 
25 
28 
3 28 
25 28 
20 
3 6 25 28 
11 20 
25 
11 20 
4 25 28 
8 15 20 

25 
17 
25 

3 11 
25 
12 12 
20 
11 
3 25 
3 25 28 
3 11 21 
3 25 28 
17 
3 25 28 
20 
4 17 
15 20 
17 
4 18 
20 
11 20 
3 
3 11 
25 
3 11 
11 20 

25 
20 22 
6 
25 
15 20 
7 7 
7 11 
3 25 28 
15 20 
3 11 
4 20 
25 
11 
1 8 20 
28 
7 7 
8 15 20 
15 20 

8 20 
25 
7 7 15 
3 11 12 

12 14 
3 21 
17 
17 
7 11 
15 20 
11 20 
25 
8 15 20 
12 

11 
10 17 
7 
22 
15 20 
25 28 
12 
16 24 
1 8 20 
15 20 
3 25 
22 
12 
3 11 
17 
4 25 28 
11 20 
11 20 
15 20 
4 25 28 
17 
17 
25 28 
12 
17 
17 
3 11 
11 
22 


17 
8 20 
20 
17 
3 4 25 
25 
6 13 17 
25 

3 11 
17 
23 27 
4 25 
12 
28 
17 
11 22 
22 
20 22 
8 15 20 
6 13 17 
3 11 
3 4 28 
3 11 
17 
15 20 
25 28 
3 4 25 
3 25 
7 7 
3 11 
7 
25 
4 25 
6 13 17 
6 13 17 
20 
3 11 
3 25 
20 22 
4 25 
11 20 
11 20 
11 
15 20 
12 
17 
20 
11 20 
15 20 
17 

8 15 20 
20 
3 7 15 21 
7 

28 
17 
6 13 17 
25 28 
11 20 
17 
6 13 17 
17 
11 20 
3 11 
3 11 


20 
14 
1 8 20 
7 7 
11 20 
20 22 
8 20 

4 
12 
15 20 

11 20 
7 11 
3 11 
17 
3 6 23 
20 
11 20 
28 
6 13 17 
17 
10 17 
17 
17 
27 
11 20 
23 
17 
4 25 28 
12 
4 7 

11 
7 
11 20 

11 20 

6 13 17 
11 22 
7 7 18 
19 
3 11 

15 20 
3 11 
6 13 17 
7 18 
3 6 23 
3 11 
6 13 17 
17 

3 11 
3 11 
7 15 
3 6 11 
6 13 17 
22 
3 11 
22 
25 
20 
3 11 
5 17 
12 
7 
4 25 
11 20 
17 
25 
14 
3 4 
3 25 28 
12 16 
3 11 
11 20 
6 13 17 
7 
17 
15 20 
17 
6 13 17 
8 20 
14 
15 20 
25 
12 14 
12 


6 13 17 
4 25 28 
12 
6 13 17 
14 
15 
22 
3 11 12 
20 
12 12 
1 15 20 
3 11 12 
14 
20 
12 
20 
11 20 
6 13 17 
22 
7 15 
12 
12 
12 
6 13 17 
25 
20 
28 
17 
17 
15 20 
12 
10 17 
10 17 
10 17 

14 
6 13 17 
15 20 
7 18 
27 
20 
28 
6 13 17 
25 28 
7 
22 
3 11 
3 28 
12 
11 20 
25 
25 
7 24 

10 12 
12 
11 20 
3 4 28 
25 
7 7 
17 
17 
17 
17 


12 
3 11 
3 25 
23 27 
27 
6 13 17 
3 20 
3 25 28 
25 
8 20 23 
8 12 
4 20 
12 
17 
7 7 15 

3 11 
12 
12 
20 
3 11 
6 13 17 

6 13 17 
7 
6 13 17 
12 
7 15 
0 12 

12 
7 
7 
3 11 


4 15 
4 25 
17 
11 
3 11 
3 11 
6 13 17 
17 
6 13 17 
25 

20 
7 
15 20 
11 20 
4 20 
8 15 20 
15 20 
28 
3 25 
1 20 
11 20 
8 15 20 
7 15 
15 20 
3 25 
15 20 

15 20 

28 
14 
12 
12 14 
17 
12 
12 14 
17 
17 
11 
8 15 20 
12 
12 12 

11 
8 20 


17 
17 
17 
17 
7 11 15 

15 20 

12 

17 
17 
11 20 
11 20 
7 11 



17 
10 17 

3 6 23 
16 
28 
24 

0 3 6 23 
12 
10 17 
3 6 23 23 

16 24 
11 21 
8 12 
3 6 23 
20 
6 16 24 
27 

17 27 
12 19 27 
0 3 6 23 
0 3 6 23 
4 12 
0 8 
6 19 

12 

21 
23 

1 
1 


1 
1 
1 
1 
1 
1 


1 
6 19 
3 6 23 
24 


10 17 
3 6 23 
3 6 23 

3 6 23 
23 
19 

8 15 
10 17 
0 3 6 23 



23 27 
23 

27 
10 17 

24 
12 
12 



12 

4 
21 



3 



28 
12 27 


0 17 

28 
16 24 
3 6 23 
23 
10 17 
16 24 

0 3 6 23 
3 6 23 
3 6 12 23 
3 6 23 
28 
7 

3 6 23 





10 17 
3 6 23 
12 

0 3 6 23 
4 
16 24 
21 




16 
12 
27 
10 17 
3 6 8 23 

17 27 
12 24 

28 
12 
16 17 19 24 
23 
4 
3 6 23 
15 16 24 
3 
0 3 6 23 
15 
15 
2 23 27 
27 

10 17 
7 
10 17 

3 6 23 23 

0 3 6 23 
4 


15 
3 6 23 

12 

28 
0 3 6 23 

24 
3 4 6 23 
12 24 
15 24 
3 6 23 
4 
12 17 27 

3 6 23 
10 12 
12 24 
9 16 24 

28 
3 6 23 
24 
23 
4 
7 



3 
10 17 


3 6 23 

3 6 23 
17 27 

28 
4 
28 
10 17 
6 17 
7 15 
24 
3 6 19 23 23 
3 
3 6 12 23 
3 12 19 27 
8 
8 16 24 
23 27 
3 6 23 
15 24 
12 12 
10 17 


3 19 27 
27 
16 24 
5 6 19 
27 
14 

23 27 
12 24 
3 6 23 
4 
24 
21 
0 3 6 23 
4 16 24 24 
10 17 
10 17 


4 
24 
3 6 23 

3 6 23 
3 16 24 
3 6 23 

3 4 
12 21 
10 17 

15 

28 

4 
21 
15 21 



4 21 

4 
16 17 
21 
3 6 23 
23 
0 3 6 23 
3 6 23 
10 17 


3 6 12 23 

3 6 23 
0 3 6 23 
19 27 
3 6 23 
3 23 27 
0 3 6 23 

4 16 24 24 
3 6 23 

3 6 23 

3 6 23 
7 


3 
16 24 






17 20 27 
27 



10 17 
4 17 
12 17 27 
23 27 
7 
8 
27 
7 24 
0 3 6 23 
10 17 
17 27 

7 20 
7 24 
3 6 23 

3 6 23 
7 15 
12 21 
23 
12 

7 

15 24 

0 3 6 23 

23 27 

12 
3 6 23 23 
10 17 
27 
12 

21 

23 23 27 
19 27 
24 
3 6 23 
28 
27 
27 
0 3 6 23 

0 3 6 23 
17 27 
27 



10 17 
27 
3 6 23 
12 
2 21 


27 
3 6 23 

23 
3 6 23 

16 17 24 
6 12 27 
12 


0 3 6 23 
21 
27 

21 

12 27 

3 12 21 28 
0 3 6 23 

23 27 

8 

10 17 
10 17 

20 


0 3 6 23 
27 
3 6 23 
17 27 
0 3 6 23 


12 17 27 
24 
24 
27 
12 

12 
24 
12 17 20 27 
10 17 


12 17 27 
0 

0 3 6 23 
12 17 27 
27 
0 3 6 23 
3 6 23 
23 27 
23 
23 
3 
0 3 6 23 
12 27 
3 11 
8 11 15 

3 
12 27 
3 6 23 
12 

3 6 23 
12 
23 23 27 
6 16 19 
19 
27 

24 
16 24 

10 17 

10 17 
3 
0 3 6 23 
3 
4 23 27 
3 6 23 

24 

23 27 
3 6 23 
23 
10 17 
4 
10 17 
10 17 
10 17 
3 6 23 
23 
10 17 

12 
3 

3 6 23 

2 27 
27 
19 
10 17 

3 16 24 

12 24 
23 
23 
23 27 

19 27 
10 17 

23 
23 
12 

21 

10 17 
27 
3 6 23 
0 3 6 23 

17 20 27 
27 
27 

1 
12 24 

12 21 27 

3 6 23 
11 12 
0 3 6 23 

17 27 
12 
6 12 
27 
17 27 
20 

7 15 21 
23 27 
3 6 23 
17 20 27 
12 



12 
23 
7 8 
12 17 27 

19 
19 27 
27 
3 6 23 
23 
27 



11 


12 

12 
6 8 19 
12 
3 6 23 


23 27 
23 27 
0 3 6 23 
12 
23 

23 


27 
23 
24 

3 23 
24 
27 
12 
11 13 

19 

10 17 
0 3 6 23 
4 



23 
19 
11 12 
20 

17 
12 24 

12 
27 
10 17 
8 11 
20 





15 24 
12 24 


0 3 6 23 
7 15 
4 16 24 24 
10 17 
24 
23 
10 17 


10 17 
23 
10 17 

7 15 
17 27 

12 
12 
12 


23 

23 

27 
10 17 
12 
12 27 
16 24 
4 23 27 
4 20 

27 
2 
3 
10 12 24 
23 27 




10 17 

23 27 
10 17 
20 
6 27 
7 15 
20 
23 

6 12 
20 
10 17 
0 19 
23 
17 
3 11 
25 
12 
25 
7 
3 11 
3 11 
12 
8 

1 



0 3 6 23 
10 17 
0 19 
27 
17 21 
25 28 
27 
0 3 6 23 
3 6 23 
10 17 
20 
4 16 24 24 
20 
6 24 
4 16 24 24 
4 16 24 24 
4 16 24 24 
4 16 24 24 
19 24 
20 
4 16 24 24 
4 16 24 24 
20 
4 16 24 24 
20 
4 4 12 24 
4 16 24 24 
8 11 
20 
4 16 24 24 
19 24 
4 16 24 24 
20 
20 
8 8 
4 16 24 24 
4 16 24 24 
12 
4 16 24 24 
4 20 
8 8 
11 17 
4 4 12 24 
4 16 24 24 
4 16 24 24 
20 
20 
6 24 
20 
4 24 
17 
4 16 24 24 
20 
8 11 
20 
4 17 
2 20 
6 20 

4 16 24 24 
21 24 28 
16 20 
4 16 24 24 
17 
4 16 24 24 
4 16 24 24 
4 16 24 24 
4 16 24 24 
8 11 
4 16 24 24 
7 8 16 
4 16 24 24 
20 

4 16 24 24 
4 16 24 24 
4 16 24 24 
1 8 11 20 
1 20 
4 4 12 24 
10 11 20 21 
4 16 24 24 
14 20 
20 
20 
20 
4 24 
4 16 24 24 
8 
17 24 
17 
21 24 
19 24 24 
4 16 24 24 
4 16 24 24 
24 
1 12 
20 
20 
4 16 24 24 
1 16 20 
17 
19 20 
4 8 
4 16 24 24 




20 24 
20 
20 24 

4 16 24 24 
19 20 
8 8 10 
9 17 
20 
7 16 20 
4 24 
4 16 24 24 
20 
20 
0 12 24 
8 21 
20 
4 17 
11 12 
19 20 
17 

14 20 

8 8 
17 
4 16 24 24 

4 20 24 
4 16 24 24 
18 24 
4 16 24 24 
20 

4 16 24 24 
20 
20 24 
4 16 24 24 
4 16 24 24 
20 24 
4 16 24 24 
4 20 
4 24 
17 
17 
4 16 24 24 
14 20 
17 
8 24 
8 16 
11 16 20 
1 24 
4 17 

4 24 
4 4 12 24 
4 16 24 24 
4 16 24 24 
4 16 24 24 
20 20 
1 20 
19 20 
20 
4 16 24 24 
1 12 19 

4 4 12 24 
4 16 24 24 
20 
18 24 
4 17 
17 
4 16 24 24 
8 17 
4 16 24 24 
20 
20 

20 20 
4 16 24 24 
20 
2 10 24 
4 16 24 24 
17 
8 8 

4 16 24 24 
4 16 24 24 
4 16 24 24 
10 17 
4 16 24 24 
4 16 24 24 
20 
4 16 24 24 
4 16 24 24 
24 
0 4 24 
8 24 
20 
20 
4 16 24 24 
17 
1 12 19 
17 
1 20 
17 
20 
4 16 24 24 
4 16 24 24 
16 20 24 
17 
16 24 
4 16 24 24 
17 
0 20 
4 16 24 24 
4 16 24 24 
16 24 
24 
4 16 24 24 
4 16 24 24 
18 24 
4 16 24 24 
20 

20 
4 16 24 24 
4 16 24 24 
4 16 24 24 
4 16 24 24 
4 16 24 24 
17 24 
17 
4 16 24 24 
17 
19 24 
20 21 
24 
20 
14 20 
20 
4 16 24 24 
1 8 14 
17 
8 20 
4 16 24 24 

4 17 
4 16 24 24 
16 20 
20 
2 17 
4 16 24 24 
4 4 12 24 
20 
17 
4 16 24 24 
4 6 24 
20 
17 
20 
4 8 
1 7 16 20 
4 16 24 24 
4 16 20 
14 20 
11 20 21 
10 17 
17 
17 
17 
17 21 24 
17 
0 24 
8 24 
17 

20 
0 19 
4 17 
20 
3 20 

0 19 
8 16 24 
20 
11 
1 20 
0 19 
3 17 
2 17 
8 20 
4 16 24 24 
1 4 20 
8 
4 16 24 24 
20 
20 
20 21 
4 16 24 24 
9 20 
4 4 12 24 

20 
4 16 24 24 

20 
17 
17 
4 7 16 24 
0 19 
20 
16 20 
20 
17 
8 11 
17 
4 4 12 24 
8 20 
1 11 
8 8 
17 17 20 
20 

20 
20 
4 16 24 24 
14 17 
11 17 
17 
11 19 
11 17 

4 16 24 24 
16 20 
1 11 12 

2 11 
8 11 
0 19 
11 12 
20 
1 19 
17 

9 20 24 
20 
1 11 
20 
4 16 24 24 
4 4 12 24 
4 16 24 24 
4 4 12 24 
8 8 14 
4 16 24 24 
20 
20 
11 12 19 
8 8 
7 20 
12 
1 12 
20 
17 
4 4 12 24 
4 16 24 24 
0 19 
12 
0 19 
17 21 
4 20 
1 10 20 
17 

4 16 24 24 
2 17 24 

1 19 
11 14 17 20 

4 24 

17 
17 20 
20 20 
17 
1 20 
0 19 
11 
0 19 
20 
0 19 
0 19 
17 19 
20 

8 14 20 
4 16 24 24 
0 19 
17 
0 19 
12 20 
4 16 24 24 

10 17 
8 
1 12 
0 19 
7 20 

17 
1 12 20 
12 16 
20 
17 
4 16 24 24 
20 20 
20 
20 
11 20 21 
8 11 
10 17 
4 16 24 24 

1 11 12 
1 20 
17 
17 
1 8 
16 20 
7 20 
17 
17 
0 19 
17 

17 
4 16 24 24 
12 17 
4 16 24 24 
4 16 24 24 
17 24 

20 
1 12 
1 10 24 27 
4 16 24 24 
4 16 24 24 

3 17 
0 19 
17 
4 20 
8 12 20 
4 4 12 24 
20 
16 20 
8 24 
1 8 
4 16 24 24 
1 11 12 
4 16 24 24 
8 11 
20 
20 
4 16 24 24 
1 8 
12 
0 24 
17 
8 11 
12 21 24 
4 16 24 24 
4 16 24 24 
1 11 
20 22 
0 24 
11 12 
8 
0 19 
8 11 
11 12 
1 11 19 
17 
1 18 
17 
0 11 

4 16 24 24 
11 12 16 16 
17 
11 12 
4 16 24 24 
20 
17 
8 12 
4 20 
20 
12 
8 11 
4 16 24 24 
8 
8 11 


8 12 
20 
4 16 24 24 
17 
3 16 20 

4 8 
1 11 12 
20 
20 
17 21 
11 12 
17 
1 6 19 

17 17 
4 16 24 24 
1 11 12 
17 
17 
17 
20 
20 
4 16 24 24 
1 11 12 
8 11 
16 17 

4 16 24 24 
1 11 
8 8 
2 11 12 
20 

20 
16 20 
0 19 
8 8 
24 
0 19 
17 
11 12 
12 
8 
8 11 

4 20 

17 
17 
1 17 
1 11 
12 
8 11 
4 16 24 24 

4 16 24 24 

24 
3 17 
24 
1 20 20 
4 16 24 24 
10 17 
20 
8 11 
19 20 

4 17 
8 10 11 
18 24 
12 
10 17 21 
3 17 
24 
20 
8 8 
20 
8 23 
0 2 12 23 24 
2 19 
8 
27 
1 6 11 
2 8 16 
12 
7 
12 
2 6 12 23 

27 
2 6 23 
0 11 
6 6 
18 
24 
10 
20 
7 12 21 
7 
12 15 
10 15 
12 
23 27 
3 6 12 23 
23 27 
10 17 


7 15 
3 11 
12 23 27 
10 17 
10 
5 17 
12 20 24 
27 
24 24 
5 17 23 
17 23 
27 
17 23 
17 
4 16 19 24 
4 16 24 24 
20 
4 16 24 24 
17 
4 19 24 
6 12 23 
4 16 24 24 
4 16 24 24 
5 
4 16 24 24 
17 
4 16 24 24 
20 20 
5 
17 22 
4 16 24 24 
5 23 
4 16 24 24 
5 17 23 
5 23 
4 16 24 24 
4 16 24 24 
4 16 24 24 
4 24 
4 16 24 24 
5 23 
4 24 
4 16 24 24 
4 16 24 24 
4 16 24 24 
3 28 
4 16 24 24 
4 16 24 24 
4 16 24 24 
5 
17 
1 17 
17 
17 
17 
10 17 
5 23 

12 23 
17 
17 
20 
17 
16 20 
20 21 
8 8 
20 
4 24 28 
12 
12 
1 11 19 
1 12 
1 12 

1 11 16 20 
5 23 
7 24 
10 24 
3 4 24 28 
20 
24 
10 24 
24 
20 24 
1 24 
1 24 
24 
8 14 20 
14 20 
14 20 
20 

20 
20 
20 
20 
23 
20 21 24 
20 21 
20 
20 

1 20 
16 20 
20 
7 16 20 
0 19 
0 19 


11 
1 
1 12 
1 12 
1 11 
5 23 
20 
3 6 
17 23 
15 28 
5 23 
17 
20 
12 20 
5 23 
20 
20 
3 11 
6 23 
17 20 23 
5 6 17 27 
4 24 
1 12 

17 23 
10 
10 23 27 
3 24 28 
5 20 
17 23 
3 24 28 
3 24 28 
3 6 23 
3 6 12 23 
20 
1 
1 
1 
1 
1 
4 16 24 24 

12 
8 8 14 
8 8 14 
1 
6 13 
6 13 
6 13 
6 13 
6 13 
6 13 
6 13 
6 13 
6 13 
6 13 
6 13 
6 13 
6 13 
1 
6 13 
1 
1 
1 
6 13 
20 

3 20 
3 
3 20 
12 20 
12 20 
20 








0 19 
24 
24 
2 8 
8 
2 
2 
2 
2 
2 
2 
8 
2 
2 
10 
15 24 
2 7 12 18 
20 

3 8 
4 16 
5 10 
2 7 18 
4 
1 17 

0 16 
4 
2 7 12 18 
13 15 
1 2 7 18 

16 
3 10 12 15 16 27 
4 
8 
5 
2 7 9 18 
1 1 
2 7 12 18 

4 
13 
5 10 
4 
4 
5 10 
2 7 12 18 
4 
2 4 13 
0 12 

1 20 26 
13 
17 
1 20 
11 

2 7 12 18 
3 8 
15 
1 1 
12 16 
19 20 20 
3 8 
16 
19 20 21 
4 16 
16 
12 
19 20 
12 
1 20 
7 
3 8 
1 20 
2 16 26 
4 19 20 
19 20 20 
8 
20 
2 7 16 
3 8 
16 
3 4 7 9 20 
2 3 7 18 
2 7 12 18 
4 

19 20 20 
2 
2 7 12 18 
2 7 12 18 

2 7 18 



0 

8 

4 
3 8 
4 8 
3 8 
16 
2 7 12 18 
4 19 20 
6 
19 20 20 
2 7 12 18 
11 
8 16 
3 8 
16 

2 26 
2 16 
3 8 
12 16 
16 
27 
19 20 20 

3 8 
8 16 
2 20 
2 7 12 18 
2 16 26 
2 7 12 18 
6 

16 
8 
8 16 
12 
8 
3 8 
1 9 17 23 
8 

2 7 12 18 
2 7 12 18 
19 20 
2 7 18 

0 16 

7 
16 
19 20 
2 6 
1 20 

16 
2 8 16 
2 16 
2 7 12 18 
2 7 12 18 
3 8 
2 26 
19 20 20 
2 7 12 18 
4 8 

16 
3 8 
4 19 20 
3 8 

2 7 12 18 
2 7 12 18 
6 
2 20 
16 

7 
16 
12 
2 16 
1 20 
19 20 
3 8 
2 7 12 18 
3 8 
2 7 12 18 
2 20 
10 
4 8 
2 7 12 18 
8 
3 8 

17 
2 7 12 18 
4 6 8 
2 26 
12 16 
1 9 17 23 
19 20 20 
13 
12 
3 8 

2 7 12 18 
19 20 20 27 
19 20 
1 9 26 
8 
8 
2 4 13 
2 7 9 18 
2 7 12 18 
2 7 12 18 
2 
26 

2 7 9 18 
12 

16 
3 8 
1 26 
2 7 12 18 

2 7 12 18 
1 17 
12 
2 7 12 18 
2 7 9 18 
7 
10 
4 
1 26 
4 8 
2 7 18 
3 8 
7 
2 6 16 
4 
1 20 26 
2 7 12 18 
3 8 
16 
3 8 
9 25 
3 8 
2 7 12 18 
3 8 
16 
16 
4 
12 

2 
2 7 12 18 
3 8 
4 27 
2 7 12 18 
4 19 20 
19 20 20 


16 
19 20 22 
16 
13 
2 7 12 18 

21 

4 19 20 
2 16 
3 8 
2 20 
20 
4 19 20 
13 
8 

2 
14 
6 
2 7 12 18 

3 7 9 20 
12 
10 
8 
12 16 
2 7 12 18 
3 8 
3 8 
16 
6 17 

2 20 
3 8 
2 13 
3 8 
2 6 
2 7 12 18 
2 7 12 18 

3 8 
1 9 26 
24 
2 7 12 18 
19 20 20 
2 7 12 18 
4 19 20 
12 
2 16 26 
19 20 20 
3 8 
3 8 
4 8 11 
7 
16 
3 8 

14 
3 8 
2 7 12 18 

16 
3 8 
2 7 12 18 
3 8 
12 
17 
3 8 
2 7 18 
16 
12 
2 7 12 18 
19 20 
3 8 

19 20 
2 26 
2 4 13 
19 20 

4 
5 5 9 

19 20 20 
4 
3 8 
2 4 13 
3 8 
2 7 12 18 
12 
3 8 

3 8 
2 7 12 18 
7 
2 7 12 18 
14 
3 8 
3 8 
3 8 
3 8 
3 8 
3 8 
2 7 12 18 

2 7 12 18 

2 7 12 18 
16 
1 1 
2 7 12 18 
27 
1 2 7 18 
3 8 
12 
1 1 
12 
15 16 18 
3 8 
3 8 
3 8 
7 
16 
16 
2 7 12 18 
3 7 9 20 
19 20 20 
16 
1 2 7 18 
20 
19 20 20 
3 8 
2 4 13 

17 
2 4 13 
8 
4 
10 
3 8 
2 20 
4 8 16 
9 20 
3 8 
12 
3 8 
2 7 12 18 
2 7 10 18 
2 7 12 18 
2 20 
16 
3 8 
12 16 
15 24 
3 7 9 20 
1 20 26 
3 8 
2 7 12 18 

13 
12 16 
19 20 20 
16 
3 8 
8 
2 7 12 18 
3 7 9 20 
2 7 12 18 
2 13 
7 
19 20 

12 

8 

3 7 9 20 
7 
27 
2 7 12 18 
0 12 
1 26 
7 

4 
7 
16 
15 
3 8 
8 
2 7 12 18 
3 8 
3 8 
2 7 12 18 
3 8 
2 7 12 18 
19 20 20 
16 
19 20 20 
3 8 
19 20 20 
1 9 26 
3 7 12 20 
12 
12 
2 6 21 
19 20 20 
1 1 

1 26 
3 7 9 20 
3 8 
2 7 12 18 
2 7 12 18 
4 
12 
17 
8 
24 
4 19 20 
12 
8 16 
2 7 12 18 
3 8 
15 
12 
2 7 12 18 
19 20 20 
1 9 17 


2 7 12 18 
2 7 12 18 
7 
3 8 

16 
10 

12 
3 8 
12 
19 20 
4 19 20 
2 7 12 18 
19 20 20 
2 7 12 18 
2 7 12 18 
3 8 
16 
12 
3 8 
7 
3 8 
2 13 
12 
12 16 
2 16 

3 8 
3 8 
16 
12 
4 8 
1 9 26 
2 7 12 18 
8 
12 
1 26 
2 7 12 18 
15 

19 20 
3 8 
19 20 20 



5 9 9 
3 8 
13 
3 8 
10 
2 16 
2 7 12 18 
2 7 12 18 
3 8 
12 24 
19 20 20 

2 7 12 18 

2 7 12 18 

16 
0 
19 20 20 
19 20 24 
2 7 12 18 
1 20 
2 7 12 18 
2 7 12 18 
3 8 
7 
13 15 
12 
19 20 20 
0 8 
2 8 

12 
19 20 20 
19 20 21 
4 20 
13 


3 8 
12 
1 26 

12 16 
2 7 12 18 
1 2 7 18 
19 20 20 
8 
15 
19 20 20 
15 
8 
2 7 12 18 

12 
3 8 
20 
16 

3 8 
3 8 
8 
3 8 
13 
12 
3 8 
3 8 
1 21 27 
1 20 26 
3 8 
8 
2 7 12 18 
19 20 20 
13 

2 13 

12 

3 8 
3 8 
3 8 
3 8 
3 8 
2 7 12 18 
20 
1 2 7 18 
12 
4 19 20 
2 7 12 18 

12 
1 2 7 18 
19 20 
2 4 13 
3 8 
12 
12 
5 
1 20 
12 
10 

15 
10 
10 
12 

7 
4 15 20 
12 15 20 
19 20 20 
5 8 

19 20 21 
12 16 

4 19 20 
2 7 12 18 
2 12 
12 
4 19 20 
13 
17 

14 
12 
19 20 20 
7 
8 
19 20 
19 20 21 
19 20 20 
10 
12 

5 10 
8 
12 
12 
2 7 12 18 
12 
5 10 

2 7 7 18 
16 
17 

4 19 20 

4 16 
15 
9 20 
21 
5 
5 21 

19 
7 
5 21 21 
27 
11 
2 12 
0 6 15 
6 
0 6 
0 
0 6 
0 6 15 
0 6 
21 21 23 
19 
9 21 
21 25 
15 24 27 

19 21 
24 
12 24 
20 27 
11 

7 
3 6 
11 
2 12 
5 5 
11 
27 
11 
9 20 
15 24 
5 9 
19 
11 
27 
16 19 
1 24 
11 
12 24 
12 24 
11 
5 9 
5 21 
2 12 
7 24 
7 
7 
11 
9 20 
9 20 
11 
7 
19 
11 
21 25 

11 
7 
20 27 
27 
11 
5 9 
5 
12 24 
21 27 
21 25 
9 25 
2 12 
11 
7 
11 
21 25 
7 
7 
6 12 15 16 20 
11 
11 18 
9 20 
11 
8 12 
2 12 
7 
7 
7 8 
27 
11 
2 12 
7 27 
27 
11 
12 
19 
24 
11 
12 
7 
5 21 
11 
9 20 
12 
15 24 
3 6 
27 
2 12 
11 
20 27 
11 
2 12 
2 12 
7 
2 12 
12 24 
24 
21 25 
20 
7 
7 
9 20 
5 19 
12 
5 9 25 
6 11 
2 12 
11 
7 

5 20 
11 18 
20 27 
11 
7 
20 
11 
11 12 15 20 
27 
7 
11 24 
27 
11 
20 27 
11 
11 
12 21 
0 4 
19 
7 
2 12 
11 
9 21 22 
27 
2 12 
7 
7 
7 
7 
11 18 
5 9 21 
20 
27 
21 
27 

11 
5 
10 
11 
24 
11 
11 18 
7 
2 12 
7 
5 9 21 
11 
2 12 
3 6 23 
9 20 
12 24 
11 
3 6 
20 27 
9 
11 
2 12 
7 18 
12 24 
20 27 
20 27 
11 
20 
0 
5 19 
24 

5 21 25 
4 12 24 
0 4 12 27 
20 27 
11 
5 25 
11 
11 
12 24 
12 24 
11 
11 
20 27 
11 
2 12 
27 
2 12 
27 
27 
21 23 
21 
27 
7 
7 8 17 
11 
15 27 
20 27 
5 
5 21 
18 
11 
27 
6 11 
11 27 
4 24 
20 27 
7 21 
11 
21 

24 
5 9 9 
5 
7 
11 
7 
7 
2 12 
7 24 
2 12 
7 
7 
20 27 
20 
0 4 27 
2 12 
11 
11 
2 12 
2 12 
4 12 24 
2 12 
0 4 21 
27 
2 12 
20 
5 9 
11 
2 12 
2 12 
7 
11 
5 5 
2 12 
7 
0 4 27 
7 

20 27 
11 12 15 20 
11 
7 
7 
21 
15 24 
11 
7 
7 
9 21 
9 20 
5 21 
7 

9 21 

19 24 

11 
5 25 
7 
21 25 
11 
27 
24 
9 20 
27 
20 27 
7 
7 
5 21 25 
7 
11 
5 9 
2 12 
12 15 20 
19 27 
27 
9 20 
4 24 
7 
2 12 
9 20 
7 
5 9 9 
5 9 
2 12 
7 
7 
11 
9 20 
5 21 25 
20 27 
2 12 
9 20 
11 
19 21 23 
11 
7 
20 27 
9 20 
7 12 
7 
7 
24 
5 9 21 
7 
7 
7 
0 4 
7 27 
27 
1 8 
3 6 
2 12 
12 15 27 

11 
20 27 
7 27 
1 8 
2 12 
9 20 
27 
11 
27 
11 
2 12 
20 
20 
11 
20 
20 
20 27 
0 
11 
20 
7 
11 

19 21 23 
2 12 
27 
9 20 
27 
2 12 
2 12 
7 
9 20 
9 20 
5 21 25 
0 
24 
2 12 
12 24 

2 12 
7 
12 24 
2 12 
7 
7 
2 12 
11 27 
2 12 
12 15 20 
11 12 15 20 
7 
20 
2 12 
2 12 
5 9 21 
3 6 
5 25 
20 27 
7 
20 

24 
4 10 15 27 
15 24 
7 
2 12 
5 21 
5 9 
19 
5 
7 
11 
7 
7 
7 
11 
2 12 
20 27 
11 12 15 20 
7 
24 
21 23 
2 12 
20 27 
7 
24 
2 12 
2 12 
7 
2 12 
2 12 
9 20 
0 4 27 
12 24 
7 
27 
2 12 
27 
19 
24 
2 12 
24 
2 12 
2 12 
11 24 
2 12 
7 
27 
7 
20 27 
7 18 
7 
24 
0 
24 
9 20 
2 12 

2 12 
7 19 
2 12 
7 
9 21 25 
7 
20 27 
11 
2 12 
2 12 
2 12 
27 
0 
2 12 
4 
2 12 
11 
11 
20 27 
2 12 
21 25 
24 
9 20 
7 22 
5 21 
2 12 
2 12 
20 
24 
11 
11 
11 
12 24 
11 
7 27 
25 
20 27 
7 
12 15 27 
19 
28 
7 
9 25 
5 9 21 
7 
21 25 
19 
20 27 
24 
2 12 
2 12 
19 21 23 
2 12 

5 21 21 
21 23 
24 
2 12 
2 12 
0 4 12 15 20 
2 12 
15 24 
20 
7 
7 
27 
9 20 
11 
5 25 
7 
2 12 
20 27 
11 
2 7 8 
12 24 
24 
9 20 
15 24 
9 25 
20 27 
2 12 
5 21 25 
7 
12 15 27 
7 
0 
3 27 
7 
2 12 
24 
27 
11 
2 12 
0 
19 
5 9 
11 24 

5 9 21 
2 12 
20 
11 
19 
8 8 
5 21 25 
19 
24 
4 10 15 18 27 
5 
7 
2 12 
5 25 
12 24 
21 25 
11 
2 12 
7 
5 21 25 
21 23 
15 27 

2 12 
20 
19 
7 27 
4 24 
2 12 
11 18 
11 
19 
27 
1 4 18 20 27 
0 4 12 15 20 
7 
7 
11 12 15 20 
21 25 
7 
20 27 
20 27 
5 25 
2 12 
2 12 
19 21 23 
6 12 15 20 
5 21 
7 
2 12 
12 15 20 
25 
12 24 24 
2 12 
27 
11 
24 
20 
7 27 
5 5 21 
7 18 
5 21 
15 24 
9 21 
19 
27 
5 9 
3 4 10 17 
5 
21 25 
24 
5 25 
7 
7 
5 21 25 
20 27 

20 27 
2 12 
21 23 
22 27 
5 21 25 
20 
5 5 25 
11 
7 
11 18 
11 
0 
2 12 
7 
7 
21 25 
8 11 
21 
5 9 
24 
2 12 
27 
2 12 
25 
7 
2 12 
2 12 
2 12 
27 
6 12 15 20 
15 24 
7 
11 12 15 20 
20 27 
5 25 
15 24 
9 21 25 
5 9 
5 21 25 
11 18 
3 21 23 

1 19 24 
11 
20 27 
21 25 
5 
2 12 
5 
7 27 
20 27 
27 
5 19 
2 12 
12 
2 12 
5 
4 24 
27 
7 
19 21 
27 
12 15 20 
5 9 
5 19 
5 9 9 
4 24 
19 
21 25 
2 12 
19 21 23 
9 9 
5 9 21 
11 
21 23 
7 27 
5 21 
2 7 8 
24 
7 
19 
15 24 
12 24 
7 
2 12 
9 20 
12 15 27 
15 24 
15 24 
10 12 15 18 27 
20 
20 
5 5 
7 16 
19 
5 5 25 
6 12 15 20 
0 
27 
12 24 

7 
7 
15 27 
0 
15 24 
5 25 
7 
7 
20 27 
27 
19 
21 23 
5 9 
20 27 
2 12 
20 27 
27 
2 12 
5 9 
2 12 
24 
5 5 
5 21 25 
21 22 23 
4 24 
0 
5 
2 12 
5 21 
5 21 
21 
5 5 9 
2 12 
2 12 
2 12 
11 
2 12 
19 
19 21 23 
20 27 
9 20 
24 
12 15 20 
27 
19 
11 
2 12 
7 
2 12 
24 
24 
24 
24 
24 
24 
24 
24 
24 
24 
24 
24 
24 
24 
24 





24 

24 
24 
24 
24 
6 28 
7 14 28 
0 8 
7 14 28 
4 10 16 19 
0 3 10 28 
2 7 8 
4 7 10 15 27 
7 14 28 
28 
28 
8 
2 7 8 
0 28 
7 14 28 
0 
28 
4 4 10 15 27 
10 12 15 18 27 
7 8 
4 10 12 15 18 27 

28 
7 14 28 
0 8 
24 28 
28 
0 28 
7 8 20 
0 
2 7 8 
10 12 15 27 
3 4 10 28 
7 8 20 
0 3 10 28 
2 7 8 
7 8 
4 
7 14 28 
4 16 19 
4 10 12 15 27 
7 14 28 
4 10 24 
4 16 19 
7 8 20 
2 7 8 
10 12 15 21 27 
4 10 12 15 18 27 
28 
4 10 16 19 27 
7 8 
8 
28 
7 8 17 
4 16 19 19 
28 
7 8 
7 8 17 
2 7 8 
6 7 8 
0 28 
2 7 8 
2 7 8 
0 3 10 28 
3 10 12 28 
4 7 8 10 15 27 
0 28 
7 14 28 
17 
28 
2 7 8 
7 14 28 
28 
8 
6 28 
7 14 28 
0 3 10 28 
4 7 8 10 15 27 
0 3 10 28 
7 14 28 
0 28 
8 
8 
0 24 
7 14 28 
4 10 15 27 
4 7 8 24 
7 14 28 
2 7 8 
0 
10 12 15 27 
10 12 15 27 
2 7 8 
4 10 15 27 
3 4 10 28 
3 4 10 27 
10 12 15 18 27 
7 14 28 
4 10 16 19 27 
7 14 28 
7 8 
7 8 
2 7 8 
3 4 10 15 16 27 
7 8 
7 14 28 
28 
3 4 10 28 
7 8 17 
3 4 10 17 
3 10 28 
7 8 
7 8 
6 7 8 
7 14 28 
3 4 10 17 
2 7 8 
17 
4 16 19 
4 10 12 15 27 
0 7 8 
3 4 10 15 16 27 
7 8 
3 4 4 10 27 
7 14 28 
28 
2 7 8 
0 3 10 28 
4 10 16 19 27 
4 6 10 15 27 
2 7 8 
4 10 16 19 27 
4 10 16 19 27 
0 28 
6 7 8 
28 
7 8 
3 4 10 28 
0 3 10 28 
0 3 10 28 
28 
24 28 
10 28 
4 7 10 15 27 
7 8 10 
2 
12 
2 
28 
28 
3 4 4 10 27 
4 10 15 27 
7 14 28 
0 3 10 28 
7 14 28 
2 7 8 
12 16 19 
4 7 8 10 15 27 
4 10 15 27 
0 8 
7 8 20 
7 8 
2 7 8 
1 4 4 24 
7 8 14 
7 8 
3 4 10 17 
3 4 10 17 
4 10 15 27 

0 28 
4 10 15 27 
2 7 8 
2 7 8 
3 4 10 28 
4 4 10 15 27 
4 7 8 10 15 27 
6 28 
0 28 
4 10 16 19 27 
4 16 19 
6 10 12 15 27 
0 3 10 28 
2 7 8 
6 28 
2 7 8 
3 4 10 28 
7 8 
4 4 10 15 27 
4 7 8 10 15 27 
10 12 15 27 
7 8 20 
4 16 19 
0 28 
28 
10 12 15 27 
7 8 
4 10 15 27 
7 8 
4 16 19 
0 28 
7 8 20 
10 12 15 18 27 
7 8 17 
7 14 28 
24 28 
7 8 
4 10 16 19 27 
4 10 15 27 
7 14 28 
2 24 
7 14 28 
10 12 15 27 
4 10 15 27 
10 12 15 27 
4 10 12 15 27 
12 16 19 28 
7 14 28 

0 3 28 
7 14 28 
4 16 19 28 
4 16 19 
4 6 10 15 27 
10 12 15 21 27 
16 19 28 
3 4 10 28 
4 10 15 27 
7 8 
3 4 10 15 16 27 
4 16 19 
8 
0 28 
4 
7 8 
3 7 8 15 
7 8 
7 8 
7 8 
6 10 12 15 27 
2 7 8 
4 7 8 10 15 27 
10 12 15 18 27 
7 14 28 
4 10 15 27 
16 19 20 
10 12 15 18 27 
2 7 8 
2 7 8 
1 7 8 21 
2 7 8 
0 28 
4 7 8 10 15 27 
8 8 
1 16 19 
10 12 15 27 
4 16 19 19 
8 
7 14 28 
8 
10 12 15 27 
0 28 
3 4 10 15 16 27 
0 28 
0 24 
8 
4 10 16 19 27 

10 12 15 27 
7 8 
10 12 15 18 27 
7 8 
7 8 18 27 
2 4 7 8 27 
10 15 21 27 
4 16 19 
4 16 19 

3 4 10 15 16 27 
4 16 19 28 
7 8 20 
4 10 12 15 27 
3 4 10 28 
16 19 
2 7 8 
7 8 17 
1 24 
3 10 12 15 16 27 
6 28 
28 
28 
0 28 
24 
3 10 28 
4 4 16 19 
8 
10 12 15 27 
24 28 
7 14 28 
28 
7 8 
6 28 
3 4 10 28 
7 14 28 
8 
10 12 15 18 27 
28 
0 3 10 28 
8 
3 4 10 28 
4 4 10 15 18 27 
7 8 

7 8 15 27 
3 4 10 28 
7 8 20 
8 
7 8 
4 
7 14 28 
7 14 28 
3 4 10 28 
7 8 17 
4 16 19 
7 14 28 
0 28 
4 10 16 19 27 
4 10 12 15 18 27 
28 
2 8 

4 10 15 18 27 
7 14 28 
0 8 
7 14 28 
4 16 19 19 
4 6 10 15 27 
16 19 28 
0 3 10 28 

8 
4 7 10 15 27 
10 12 14 15 27 
4 
3 4 10 15 16 27 
7 8 17 
4 
4 16 19 
4 10 16 19 27 
28 
16 19 

8 12 
16 19 
28 
4 16 19 
16 19 
28 
4 16 19 
1 24 
7 14 28 
7 8 
0 3 10 28 
19 24 
7 8 
7 10 12 15 27 
4 
7 14 28 

1 2 7 8 
0 3 10 28 
3 10 28 
0 28 
7 14 28 
24 
3 4 4 10 27 
0 3 10 28 
7 8 19 
0 3 10 28 
4 16 19 
7 8 

10 12 15 18 27 
4 4 10 15 18 27 
4 10 12 15 27 
24 
7 8 
7 14 28 
0 28 
3 4 10 15 16 27 
4 10 16 19 27 
17 
4 10 16 19 27 
28 
7 14 28 
7 14 28 
10 12 15 18 27 
0 28 
7 14 28 
4 16 19 
28 
12 
4 16 19 
28 
3 10 28 
0 28 
4 16 19 
4 7 8 10 15 27 
4 10 15 27 
10 12 16 19 27 
17 
7 14 28 
8 
3 10 28 
19 24 

4 16 19 
7 8 
4 16 19 
2 7 8 
7 14 28 
4 10 15 27 
7 14 28 
4 4 10 15 18 27 
0 3 10 28 
2 7 8 
3 4 10 17 
0 28 
4 16 19 19 
10 12 15 18 27 
7 10 12 15 27 
3 4 10 28 
3 4 10 17 
4 10 16 19 27 
2 24 
3 4 10 28 
0 3 10 28 
0 28 
7 8 20 
4 16 19 
0 28 
7 14 28 
7 8 20 
7 8 20 
28 

10 12 15 27 
4 15 16 19 
7 8 20 
4 10 12 15 18 27 
1 8 
7 14 28 
4 16 19 
1 8 
7 14 28 
10 11 12 15 27 
1 8 
4 16 19 
0 3 10 28 
28 
8 20 
7 8 
4 16 19 28 
7 14 28 
4 10 15 27 
3 4 10 28 
7 14 28 
7 8 
4 16 19 
4 10 15 18 27 

28 
28 
7 14 28 
0 3 10 28 
7 14 28 
3 4 10 17 
28 
7 8 20 
7 14 28 
3 4 10 28 
10 12 15 20 27 
3 10 12 15 16 27 
7 8 
7 8 10 15 27 
28 
0 28 
3 4 10 15 16 27 
7 14 28 
2 7 8 
4 10 15 27 
4 7 10 15 27 
3 4 10 15 16 27 
4 10 12 15 18 27 
7 14 28 
2 7 8 
4 16 19 
8 
4 16 19 
24 
6 28 
28 
3 10 12 15 18 27 
4 4 10 15 18 27 
0 28 
4 4 10 15 18 27 
3 4 4 10 27 

28 
7 8 
4 16 19 
0 24 28 
4 10 16 19 27 
0 3 10 28 

4 10 15 27 
4 10 15 27 
0 28 
0 3 10 28 
7 8 17 
7 8 20 
28 
8 
7 8 18 
2 7 8 
7 8 17 
4 10 16 19 27 
4 4 16 19 
0 3 10 28 
4 10 15 18 27 
7 14 28 
7 14 28 
7 14 28 
4 10 16 19 27 
2 7 8 
4 10 16 19 
4 10 15 18 27 
16 19 

28 
7 14 28 
0 8 
2 7 8 
21 
3 10 12 15 16 27 
4 16 19 
0 28 
4 16 19 
2 7 8 27 
4 8 
4 4 10 15 18 27 
4 10 15 18 21 27 
2 7 8 
4 16 19 

6 28 
3 4 10 15 16 27 
17 
2 7 8 
28 
4 16 19 21 
7 8 17 
7 8 
0 8 
4 7 8 10 15 27 
7 8 
3 8 24 
7 8 20 

7 14 28 
4 16 19 27 
7 14 28 
24 28 

16 19 28 
10 12 15 27 
12 16 