5
7 
5
18 
1

1

2

2
0 18 
1

2

2

2

2

2

4

4

3
0 3 
2
4 
1

2

1

5
8 18 
3

5
1 
4

3
1 
3

4
18 
5
1 
3
1 
5
7 
4

3
7 
3
3 7 
4
7 
5
7 
5

4

2

5
18 
3
1 
3
1 
6
22 
5
18 
3

5
7 
4

5
22 
5

5
7 18 1 
5
8 1 
4
8 
1
7 
5
18 
5
7 
3

5
7 
4
1 
4

5

3

3
1 
2
8 
3
18 1 
4
7 8 saa 8 7 A916163264
1 
2
1 
3
7 7 saa 7 7 A916192666

3
1 9 
4

5
0 7 13 1 
5
3 0 
4

5
1 
4
1 8 
3

4

2

5

4
7 
5
21 1 
4
1 
1
4 
3
1 
4
1 
3
0 13 
4
8 
3
7 
6
1 
5
7 8 saa 8 7 A916307019
1 
4

3
3 
5

5
22 
4
1 
5
1 
5
7 1 
3

5
22 
4
22 
5
1 
4
1 
6
20 
4
8 1 
4
18 1 
5

4
1 8 
4

5

4

4

5
7 
5
7 22 
4
1 
5
1 
1
7 
4

6
22 
4
7 22 
5
7 
5
18 
4

5
8 
5

4

2
0 21 
3

5
7 7 saa 7 7 A916631648

5
1 
5
7 
3
1 
5

4

3
1 
3
1 
4
8 
4

6
3 5 1 
4
8 1 
4

4

4

5
18 
4
1 8 
5
18 
5
22 22 saa 22 22 A916922557

4
2 1 
6

5
7 7 saa 7 7 A916942083
8 saa 8 7 A916942083
1 
6
1 
4
7 8 saa 8 7 A917032538

5
8 
5
7 8 saa 8 7 A917109357
1 
5

5

2

4
1 8 
5
7 
6

5
3 5 1 
4
7 
1

5

5

5
18 1 
5
22 
5

6
18 21 0 2 
4
22 
1
7 
6
7 
2

2

3
5 13 
2

1

5
18 
2

5
18 22 
1

1

4
0 3 5 
2

4
18 18 saa 18 18 A918765477

1

2

3
17 
6

1

2
17 
3
4 
1

3
7 13 
1

1

3
9 
3

5

3
0 7 13 
2
9 
2
0 18 
3
7 13 1 
3
3 
2
1 9 
3

1

3
9 
3
9 
2

3
9 
3

2
9 13 
2
0 
2

3
6 21 
1

5

5
11 13 21 1 
3
7 13 1 
4
0 
3
13 
3

4
18 
2
8 
5
7 
2

3
7 13 1 
1

2
13 1 
4
0 3 
4
0 
2
0 0 saa 0 0 A920149614

4
11 20 
5
7 11 13 1 
2
4 
1
3 
1

3
7 13 1 
1

2
1 
3
7 18 
4

2

4

4
7 
3
13 21 1 
1

3
7 13 1 
3
13 1 
4

2
7 18 
2

7
0 3 18 0 
3

2
13 
4
9 
3
13 1 
3

3
8 
2
7 1 
4
4 7 11 14 
3
3 8 
2
13 1 
2

3
7 13 
3
7 13 1 
3
7 13 1 
2
1 
4
0 
1
1 
3
18 1 
3
7 13 1 
4
7 13 21 
1

4
7 13 1 
2
4 
2
4 
4

1

1

1
4 
2

3
1 9 
3
9 
1

3
8 10 
3

3

2

1

2

3
13 1 
2

1
3 
3
18 
2
7 13 
3
3 13 
1
21 
5
2 20 22 
2
9 
1
4 
3

3
9 
4
0 7 13 
2
4 
2
17 
2
13 1 
3
4 
3

2
8 
4
9 
2
4 
3
9 
3

3
10 
3

3
3 18 
2

5
18 22 
4
3 7 
3
9 
5
0 5 
4
7 13 1 
1
4 
5
0 3 5 
2
9 
5
7 9 1 
3
9 
3
3 
3
10 18 
2
0 
3
0 13 1 
4
3 10 18 
3
8 
2
9 
4
7 13 18 
4
14 1 
2
7 1 
3
1 9 
2
1 
2

3
13 1 
3
0 10 18 
4
11 13 1 
3
9 
2

1

2

2
7 1 
3
18 
3
7 1 
2
13 1 
1

1

3
18 
2

2

4
7 1 
1

4
10 18 
2
0 18 
3
4 
3
18 
3
4 
3
9 
5
7 
3
18 
1
13 
3
9 
2
7 13 
3
9 
4
5 10 
4
3 7 18 
4

5
3 18 
4
7 18 1 
1

2
13 1 
5
3 5 
5
0 3 5 
4

1

3
7 13 1 
4

2
9 
3
3 18 
4
9 
3
1 9 
1
4 
2
4 
4
9 
3

2

2

4
3 7 18 
2

3
1 
2
1 
3
3 
1

4
7 18 1 
5
7 7 saa 7 7 A921352022

4

1

1
1 
4
7 13 18 1 
5
7 13 1 
1

3
0 18 
3
0 3 18 
2

2

2

2
4 
2
13 
1

2

3
13 
3
7 13 1 
4
7 7 saa 7 7 A921937036

4
0 21 2 
3
11 13 1 
2
18 
4
9 18 
4

3
9 
4
3 
4

2
18 
6
0 
3
13 21 1 
1

4

5
7 
2

2

1

6
0 3 5 
3
7 13 1 
4
0 10 
1

5

3
7 
8
0 4 13 16 
3
9 
6
3 5 0 
5
0 5 
3
0 3 5 
4

6
3 5 
6
0 3 0 
2

2
4 
5
3 5 18 
4

2
4 
4
3 5 
5
3 
4
0 7 18 
3

1

4
7 13 1 
6
0 7 1 
6
7 11 
3
7 13 1 
1

3
21 
5
0 5 
3

3
18 
4
0 7 
4
7 18 1 
2

5
0 18 
5
0 3 5 
3
1 9 
2

4
3 18 
1

5
7 
5
3 18 
4
0 
3
10 2 
2
1 
1
21 
1

3

5

4
18 
5

3

1
21 
3
10 
3
13 1 
3
4 
1
4 
2
18 
2
0 
3
18 
6
2 7 11 20 
3
11 17 
5
7 7 saa 7 7 A930065229
11 
6
1 7 11 20 
4
0 18 0 
4
11 17 20 
4
7 11 17 
5
11 20 22 
6
11 20 22 
5
5 7 11 
6
11 20 
5
7 11 
5
11 20 22 
2
22 
5
11 20 22 
1
4 
2
0 
3
4 
4
0 
4
4 7 11 14 
4
4 
1

4
7 
4
4 4 saa 4 4 A930729996

4
21 21 saa 21 21 A930743970
2 
1
8 
3
11 17 21 
5
2 14 20 
4
18 
4
11 
5
1 7 20 
4
21 
5
7 7 saa 7 7 A931121997
11 
5
0 
5
18 
6
3 18 
6
3 18 
6
0 2 20 22 
5
4 2 
5
0 5 10 
6
3 10 18 18 saa 18 18 A931552733

4
0 3 10 
4
4 7 14 
4
18 
3
18 
5
0 
6
11 20 21 0 2 
6
10 18 
5
11 20 22 
4
3 14 21 
6
2 7 21 0 2 
2
21 
4
4 21 
4
14 17 18 
5
1 11 20 
4
7 11 20 
6
0 10 17 
4
14 21 
1
21 
5
2 14 21 
3
17 
2
21 
5
20 22 
4
11 17 20 
5
11 17 20 20 saa 20 20 A935063013

4
11 17 20 
2
5 21 
2
21 
5
4 7 14 14 saa 14 14 A935068111
17 
4
4 11 14 
4
3 10 18 
4
4 
5
5 7 14 18 
4
11 20 
3
11 17 
4
7 
5
9 10 saa 10 9 A935086595
17 21 
1

3
7 
3
21 
5
11 20 22 
4
14 16 21 
4
11 17 
4
14 0 
1
21 
6
0 0 saa 0 0 A935111587
10 
4
11 14 17 
3
11 21 
5
7 7 saa 7 7 A935118586

4
14 17 21 21 saa 21 21 A935129124

4
14 21 
3
21 
6
2 18 21 0 2 
6
2 11 17 20 20 saa 20 20 A935140417

3

2
21 21 saa 21 21 A935142112

6
3 7 18 18 saa 18 18 A935142628

4
17 18 
5
3 
6
2 4 7 14 20 21 
4
4 4 saa 4 4 A935149568

4
18 21 
5
0 5 10 
1
21 
4
0 10 21 
1
0 
4
0 7 14 
3
14 22 
5
0 7 22 
4
0 17 
2
11 
1

5
7 7 saa 7 7 A935166679
11 
5
2 14 20 
4
3 
4
14 21 
5
7 11 20 
5
11 20 
5
0 21 0 2 
5
4 7 11 14 
2

4
3 
5
11 20 
3
9 
4
7 11 
3
14 1 
6
7 10 18 
4
7 21 
3
11 
6
11 14 20 
2
0 21 
4
4 14 
4
3 14 
6
11 20 22 
3
11 17 
3
21 
6
0 0 saa 0 0 A935221440

4
4 
5
0 5 10 
1

6
7 11 17 20 
5
7 11 20 22 
1
21 
5
14 18 
2
11 21 
4
18 
5
0 0 saa 0 0 A935254493

5
0 7 14 17 
4
4 14 20 
4
7 17 
3
21 0 
5

4
3 14 17 22 
1

5
3 11 20 
6
4 11 14 20 
5
11 20 20 saa 20 20 A935282913

3
21 
4
3 17 21 
5
7 14 17 18 
4

1
11 
4
0 5 18 
5
7 11 14 
3
14 
5
11 20 2 
7
11 18 
4
11 
4
7 10 14 18 
5
9 10 saa 10 9 A935314742
14 18 
3
4 
3
11 
3
0 
5
2 20 
3
7 11 
4
0 10 
5
7 11 17 20 
4
0 14 
4
17 
4
17 21 
2
21 
7
0 4 10 16 
2

2
21 
5
11 14 20 
5
11 20 20 saa 20 20 A935347810

1
22 
4
7 
5
14 
4
2 17 20 
4
10 11 saa 11 10 A935365504
20 
2
21 
5
0 5 10 
4
3 7 14 
4
2 17 20 21 
4
7 11 
3
5 11 20 
5
7 11 20 
4
14 17 21 1 
6
0 17 21 0 2 
5
7 
4
7 11 17 20 
4
3 18 
5
3 7 18 
1
21 
3
17 18 
4
7 18 18 saa 18 18 A935419494

6
2 21 2 
6
0 10 13 
4
4 
3

4
7 14 
4
18 18 saa 18 18 A935436620

3
11 17 21 
5
0 17 
2

3
14 1 
4
17 21 
2

4
11 20 2 
6
7 7 saa 7 7 A935464003
7 saa 7 7 A935464003
11 20 
3

4
3 7 14 
5
14 21 
5
1 7 20 21 
5
7 11 
4
7 11 20 
5
7 11 20 2 
5
2 7 20 
4

5
1 11 17 20 20 saa 20 20 A935484908

3
7 
4
4 
5
21 0 2 
2
0 21 
6
0 0 saa 0 0 A935492914
10 
6
1 20 
4
7 11 
2
21 
5
7 7 saa 7 7 A935499555
11 
5
7 14 17 18 
6
2 20 20 saa 20 20 A935505476
22 
5
3 18 22 
4
7 21 
6
11 20 20 saa 20 20 A935513149

5
11 20 20 saa 20 20 A935513242

4
0 10 
3
7 11 
6
0 2 18 21 2 
5
0 10 
6
7 7 saa 7 7 A935547731
7 saa 7 7 A935547731
11 
3
21 
6
0 10 17 
6
0 11 20 
4
4 4 saa 4 4 A935611009

5
5 
6
2 11 17 20 20 saa 20 20 A935617942

5
1 20 
6
7 11 20 20 saa 20 20 A935636611

4
5 17 21 
4
17 21 
5
0 10 14 
5
0 5 10 
4
18 
4
14 18 21 
6
18 
4
11 17 20 
5
7 11 
5
2 4 20 22 
6
0 2 20 0 2 
3
0 
4
10 14 18 
3
13 
5
3 18 
5
7 11 20 
6
2 11 20 20 saa 20 20 A935797439

3
18 18 saa 18 18 A935807439

5
7 11 20 
6
13 18 21 0 
1
21 
4
11 20 
3
21 
6
3 7 18 18 saa 18 18 A935855636

6
2 7 17 20 
4
0 18 0 
6
0 7 18 21 0 2 
5
0 10 
3
7 11 
3
18 18 saa 18 18 A935921584

4
2 17 20 
4
11 17 21 
4
11 20 
5
7 11 20 
3
18 18 saa 18 18 A935966910

4
10 21 
4
2 18 
5
18 18 saa 18 18 A935973413

6
0 0 saa 0 0 A935975130
10 
5

4
10 18 
5
2 20 21 
4
7 
5
0 21 
3
4 
6
3 7 18 
6
0 10 17 
5
2 20 
4
3 7 18 
4
7 14 18 
3
4 
4
18 21 
6
2 20 22 
3
4 
6
11 20 22 
5
5 18 21 2 
5
0 10 21 
4
3 10 
2

5
11 14 20 
2
0 18 
5
4 14 
5
3 
6
0 0 saa 0 0 A936258025
10 
5
18 
6
2 4 20 
4
11 
4
7 18 
5
7 7 saa 7 7 A936359252
11 
6
1 20 
5
7 
6
0 18 21 0 2 
5
7 18 
6
1 7 17 20 
6
0 13 
4
5 18 
6
0 10 10 saa 10 10 A936444422

2
11 14 
1

5
17 
3
4 
5
7 7 saa 7 7 A936482114

3
2 21 21 saa 21 21 A936511768

5
3 18 
4
7 
4
2 7 18 0 
3
0 
4
18 18 saa 18 18 A936537034
0 
5
3 7 
6
3 7 18 18 saa 18 18 A936569976

4
11 20 
2
6 20 
5
7 11 17 20 
4
14 17 18 
5
0 18 
5
18 21 
6
3 18 18 saa 18 18 A936625043

4
7 
4
2 7 
5
3 7 18 18 saa 18 18 A936661432

2
21 
1
21 
6
4 7 14 
6
1 7 20 0 
3
4 
4
7 10 18 
4
5 21 
6
0 10 0 
6
0 7 18 21 0 2 
5
0 10 
3
21 
2
21 
4
0 3 18 
6
0 2 18 21 2 
4
3 9 18 
4
4 
6
18 
2
6 20 
6
1 17 20 22 0 
6
2 18 21 0 2 
6
0 17 
6
0 7 18 21 0 2 
4
14 21 
3

4
20 21 0 
4
1 
2

5
3 18 18 saa 18 18 A937238662

4
3 14 21 
4
21 
6
0 2 18 21 0 2 
6
0 
6
20 21 22 saa 22 21 A937397833
0 2 
2
21 
4
6 10 18 20 
5

5
0 21 0 2 
5
18 18 saa 18 18 A937549557

6
0 21 0 2 
5
0 5 10 
4
1 11 20 21 
6
2 22 0 2 
5
0 7 17 21 
2
17 
1
6 
5

5
0 21 2 
6
0 10 0 2 
4
11 17 20 
2
21 
4
11 14 20 
5
11 0 
5
7 11 20 
5
0 10 
3
7 11 
5
18 18 saa 18 18 A938183402
0 
6
10 17 
2
0 21 
4
11 20 
2
0 18 
5
3 18 
3
4 14 
1
21 
5
7 11 20 
6
2 20 22 2 
5
4 11 14 20 
4
4 14 
1
21 
2
0 10 
3
10 
3

2
21 
4
0 10 
2

4
0 10 
2
21 
4
4 7 13 1 
2

1

3
13 
2
0 10 
2
0 10 
2
0 10 
2
0 10 
4
0 10 
2
0 10 
2
0 10 
4
0 10 
2
0 10 
2
0 10 
2
0 10 
2
0 10 
2
0 10 
2
0 10 
2
0 10 
2
0 10 
2
0 10 
2
0 10 
2

2

6
8 1 
1

4
0 10 
6
3 0 
3
9 10 saa 10 9 A939966244
0 
2
4 
2
0 10 
2
0 10 
1
8 
3
7 14 
6
0 18 21 0 2 
2
21 
1
21 
3
0 13 
2

2

2
17 
3
4 
2
0 10 
4
0 
2
4 
2
8 
2
7 
4
21 
4
9 
1

4

3
0 
4
0 9 
1

3
7 21 
5
0 17 
4
4 8 
4
0 3 
1

3

1

2

1

1

6
6 10 21 
5
6 10 21 
3
4 12 20 
2
12 20 
5
2 12 20 
4
13 0 
4
13 0 
4
13 0 
4
13 0 
4
13 0 
4
13 0 
2
0 
4
13 0 
4
13 0 
4
13 0 
4
13 0 
4
13 0 
2
0 
4
13 0 
3
11 
1
7 
5
4 7 
2
7 
2
0 
4
0 21 
3
10 
1

3
17 
5
5 11 11 saa 11 11 A940011142
0 
4
5 11 0 
4
5 6 20 
4
5 21 
5
5 11 11 saa 11 11 A940011429
0 
5
13 21 21 saa 21 21 A940011474
0 
4
11 11 saa 11 11 A940011533
0 
4
6 11 18 20 
4
11 
6
13 17 
6
3 13 18 21 0 
3
6 20 
2
0 20 
4
5 20 
4
5 20 21 
5
5 9 
3
11 0 
3
5 6 20 
6
0 13 18 
3
6 21 
4
0 
3
9 10 saa 10 9 A940012334
18 
5
5 11 11 saa 11 11 A940012378
18 0 
5
5 11 0 
6
0 11 11 saa 11 11 A940012459
11 saa 11 11 A940012459
0 
2
6 20 
5
20 
5
5 11 11 saa 11 11 A940012600
0 
4
0 5 
5
5 10 20 
6
0 13 17 0 
3
5 18 
5
7 11 17 0 
5
5 11 0 
5
5 11 18 0 
3

2
18 
2

5
5 
5
5 
3
6 20 
5
0 21 
3
5 20 
4
5 18 18 saa 18 18 A940013489

3
11 11 saa 11 11 A940013593
0 
6
3 11 11 saa 11 11 A940013674
11 saa 11 11 A940013674
15 0 
4
5 18 21 
4
5 11 0 
5
11 11 saa 11 11 A940013755
17 0 
6
0 3 13 15 17 
5
11 11 saa 11 11 A940013870
17 0 
3
6 20 
5
5 6 
5
0 13 21 
5
5 11 11 saa 11 11 A940014132
18 0 
4
6 13 0 
5
0 
3
5 6 20 
5
5 11 11 saa 11 11 A940014349
18 0 
5
0 9 10 saa 10 9 A940014350
18 
5
20 
6
11 11 saa 11 11 A940014408
11 saa 11 11 A940014408
18 0 
3
20 
6
0 1 saa 1 0 A940014523
4 13 
4
20 
5
5 11 11 saa 11 11 A940014589
18 0 
3

4
5 11 18 0 
3
1 
5
5 20 0 
3
0 9 
5
0 0 saa 0 0 A940014741

5
11 11 saa 11 11 A940014811
17 0 
6
11 11 saa 11 11 A940014833
11 saa 11 11 A940014833
18 0 
5
5 17 
4
17 18 
3
20 21 
3
5 
2

4
11 11 saa 11 11 A940015069
0 
6
11 11 saa 11 11 A940015128
11 saa 11 11 A940015128
22 0 
3
6 20 
3
9 18 
4
5 5 saa 5 5 A940015265
18 
6
5 11 11 saa 11 11 A940015298
11 saa 11 11 A940015298
18 0 
3
5 20 
6
0 5 10 13 
4
6 20 20 saa 20 20 A940015519

7
0 10 13 
3
5 
3
11 11 saa 11 11 A940015623
0 
6
11 11 saa 11 11 A940015715
11 saa 11 11 A940015715
20 0 
3

5
5 11 11 saa 11 11 A940015748
0 
5
11 17 0 
5
11 11 saa 11 11 A940015818
17 0 
3
0 21 
4
0 5 21 
5
5 11 11 saa 11 11 A940015977
11 saa 11 11 A940015977
0 
4
5 11 0 
6
3 5 11 11 saa 11 11 A940016147
11 saa 11 11 A940016147
0 
5
5 
6
0 0 saa 0 0 A940016309
3 13 18 
5
5 11 11 saa 11 11 A940016310
20 
6
11 11 saa 11 11 A940016424
11 saa 11 11 A940016424
0 
1
20 
5
5 11 11 saa 11 11 A940016561
18 0 
2
20 
5
9 10 saa 10 9 A940016619
18 20 
5
0 5 
3
11 11 saa 11 11 A940016712
0 
3
6 20 
6
7 13 21 0 
4
0 5 20 
5
11 20 0 
4
5 
5
3 15 20 
4
1 20 
6
7 11 11 saa 11 11 A940017166
17 0 
6
0 13 21 0 
3
11 11 saa 11 11 A940017258
0 
5
0 20 
5
5 11 11 saa 11 11 A940017432
0 
4
5 11 0 
3
11 11 saa 11 11 A940017476
0 
5
5 13 21 0 
3
0 5 21 
4
3 6 20 
4
6 20 20 saa 20 20 A940017649

4
21 
6
0 11 11 saa 11 11 A940017812
11 saa 11 11 A940017812
0 
3
20 21 
5
5 18 20 
6
0 0 saa 0 0 A940017960
13 
5
5 18 
4
6 20 
4
5 11 0 
4
6 20 20 saa 20 20 A940018118

4
5 11 0 
5
0 3 5 20 
6
0 6 10 13 
4
0 13 20 
4
6 20 
3
6 20 
5
5 11 11 saa 11 11 A940018576
0 
3

4
5 
3
20 
5
5 11 11 saa 11 11 A940018680
18 0 
5
5 11 11 saa 11 11 A940018705
0 
5
5 11 11 saa 11 11 A940018749
0 
2
20 
2
14 
2
21 
5
7 11 17 0 
3
6 20 
5
5 11 11 saa 11 11 A940018945
11 saa 11 11 A940018945
0 
2

3
0 6 20 
3
2 
3
1 
3
21 
3
0 9 
3
6 20 
4
0 9 18 
4
6 20 0 
5
11 11 saa 11 11 A940019425
11 saa 11 11 A940019425
0 
6
0 10 13 17 18 
4
3 6 20 21 
2
5 18 
4
0 20 
4
6 13 20 
3
6 20 
3
5 21 
4
6 20 
3
22 
3
5 20 
5
11 11 saa 11 11 A940020166
17 0 
5
3 5 15 
6
0 11 11 saa 11 11 A940020258
11 saa 11 11 A940020258
0 
5
5 13 21 0 
6
0 5 11 11 saa 11 11 A940020421
11 saa 11 11 A940020421
0 
5
5 11 11 saa 11 11 A940020683
18 0 
3
21 
4
18 
4
6 6 saa 6 6 A940020786
20 
6
11 11 saa 11 11 A940020993
11 saa 11 11 A940020993
18 0 
5
0 11 11 saa 11 11 A940021059
14 0 
2
21 
3
21 
5
5 11 11 saa 11 11 A940021141
11 saa 11 11 A940021141
0 
5
5 
6
0 7 13 21 0 
5
5 11 11 saa 11 11 A940021266
18 0 
3
6 20 
4
6 11 11 saa 11 11 A940021381
20 
4
11 17 0 
4
5 11 0 
4
5 11 0 
2
5 21 
4
5 18 
1
21 
3

3
5 21 
5
5 
4
5 11 18 0 
6
13 18 21 0 
5
9 10 saa 10 9 A940021853
18 20 
5
0 3 14 15 
6
3 11 11 saa 11 11 A940021967
11 saa 11 11 A940021967
15 0 
4
0 5 21 
4
5 9 10 saa 10 9 A940022034
18 
2
0 
7
10 16 17 saa 17 16 A940022285
0 
4
6 20 
3
0 20 
6
0 0 saa 0 0 A940022539
0 saa 0 0 A940022539

5
5 11 11 saa 11 11 A940022573
18 0 
5
5 
4
0 
4
0 9 17 
5
0 9 10 saa 10 9 A940022698
18 
5
5 0 
4
5 11 0 
2

5
5 6 18 1 
6
0 11 11 saa 11 11 A940022850
11 saa 11 11 A940022850
0 
5
0 9 14 18 
5
0 0 saa 0 0 A940023008
5 
3

4
3 6 20 21 
2
5 
3
0 20 
3
5 20 
4
6 20 
5
5 13 21 0 
5
18 
3
7 17 
3
17 
4
0 9 18 
4
20 21 
3
2 
6
0 0 saa 0 0 A940023754
5 13 20 
5

6
3 11 11 saa 11 11 A940023846
11 saa 11 11 A940023846
0 
3
9 10 saa 10 9 A940023880
18 
6
0 18 21 
3
20 21 
4
0 10 18 
5
3 5 21 
4
5 11 0 
5
0 10 14 
5
5 20 21 
5
5 11 0 
3
5 18 
2
5 18 
5
5 13 21 0 
3
0 0 saa 0 0 A940024795
14 
3
1 
3
1 
4
0 0 saa 0 0 A940024935

4
5 11 0 
5
11 11 saa 11 11 A940024980
11 saa 11 11 A940024980
0 
3
0 
1

7
0 13 16 
4
20 
5
9 10 saa 10 9 A940025367
18 
4

4
11 0 
5
0 5 20 
6
0 0 saa 0 0 A940025596
21 
5
0 0 saa 0 0 A940025600
5 
3
0 
5
5 13 21 0 
3
21 
5
5 11 11 saa 11 11 A940025747
0 
5
5 11 11 saa 11 11 A940025769
0 
5
11 11 saa 11 11 A940025770
11 saa 11 11 A940025770
0 
5
11 11 saa 11 11 A940025781
11 saa 11 11 A940025781
0 
2
5 
5
3 5 15 20 
3
10 18 
4
5 21 
4
11 11 saa 11 11 A940026412
0 
6
11 11 saa 11 11 A940026445
11 saa 11 11 A940026445
14 0 
4
5 17 
6
11 11 saa 11 11 A940026504
11 saa 11 11 A940026504
0 
5
0 5 20 
4
5 11 0 
2
21 
4
6 20 
5
5 20 21 
3
5 20 
3
0 18 
1
20 
5
0 11 11 saa 11 11 A940027084
14 0 
5
0 0 saa 0 0 A940027121
0 saa 0 0 A940027121

5
5 18 20 
5
5 18 
3
6 20 
3
11 0 
4
5 11 11 saa 11 11 A940027464
0 
4
0 5 18 
3
0 
5
3 21 21 saa 21 21 A940027604

3
11 0 
4
9 10 saa 10 9 A940027682
18 
6
7 11 11 saa 11 11 A940027693
11 saa 11 11 A940027693
0 
5
5 11 11 saa 11 11 A940027741
18 0 
4
5 21 
3
0 0 saa 0 0 A940027774
5 
3
0 6 20 
5
5 13 21 0 
4
6 20 
4
11 11 saa 11 11 A940028151
11 saa 11 11 A940028151
0 
5
5 11 11 saa 11 11 A940028232
18 0 
4
0 10 18 
6
11 11 saa 11 11 A940028335
11 saa 11 11 A940028335
0 
5
18 20 
3
6 20 
3
6 10 20 
4
11 11 saa 11 11 A940028793
0 
6
5 11 11 saa 11 11 A940028807
11 saa 11 11 A940028807
0 
4
5 21 
5
5 11 11 saa 11 11 A940029103
18 0 
5
0 0 saa 0 0 A940029169
9 10 saa 10 9 A940029169
18 
3

2
1 
3
20 21 
3
0 14 
2
0 
3
0 9 
4
21 21 saa 21 21 A940029398

4
0 9 10 saa 10 9 A940029457
18 
6
7 11 11 saa 11 11 A940029572
17 0 
4
20 
3
0 20 
5
9 10 saa 10 9 A940029918
18 
3
21 
3
5 
5
0 18 21 
4
5 11 11 saa 11 11 A940030095
0 
3
5 18 
3
11 11 saa 11 11 A940030154
0 
6
0 11 11 saa 11 11 A940030590
11 saa 11 11 A940030590
22 0 
6
11 11 saa 11 11 A940030637
11 saa 11 11 A940030637
0 
3
11 11 saa 11 11 A940030693
0 
3
0 
6
5 13 21 0 
5
0 9 10 saa 10 9 A940030833
18 
4
20 
4
6 20 
5
0 9 10 saa 10 9 A940030888
18 
2

5
0 9 10 saa 10 9 A940031106
18 
6
0 13 18 21 0 
3
3 5 21 
5
5 11 0 
6
0 11 11 saa 11 11 A940031210
11 saa 11 11 A940031210
0 
6
7 11 17 0 
6
11 11 saa 11 11 A940031287
11 saa 11 11 A940031287
14 0 
3
0 18 
4
0 20 
5
0 20 
3

2

4
6 20 
2
20 
6
3 13 18 21 0 
4
5 5 saa 5 5 A940031748
20 
4
17 
3
0 0 saa 0 0 A940032000

5
0 3 21 22 saa 22 21 A940032011

5
3 13 21 0 
4
0 
3
21 
4
6 20 
6
4 17 
1

3
15 20 
3
0 9 
2

3
0 9 18 
5
5 20 21 
3
0 6 20 
5
5 18 
6
11 11 saa 11 11 A940033292
11 saa 11 11 A940033292
14 0 
3
5 
6
0 10 11 saa 11 10 A940033317
11 saa 11 11 A940033317
11 saa 11 11 A940033317
0 
4
5 11 0 
4
5 9 10 saa 10 9 A940033421
18 
4
0 9 18 
3

4
5 9 10 saa 10 9 A940033694
18 
3
20 21 
5
5 11 0 
5
0 14 
3
11 0 
2
6 20 
5
17 21 
4
11 11 saa 11 11 A940033926
11 saa 11 11 A940033926
0 
3
0 
6
7 11 11 saa 11 11 A940034059
11 saa 11 11 A940034059
17 0 
4
5 9 10 saa 10 9 A940034060
18 
5
5 18 20 
5
9 10 saa 10 9 A940034093
18 
3
9 10 saa 10 9 A940034163
18 
5
5 18 20 
4
10 18 
3
20 
3
0 
4
5 20 
4

5
0 9 10 saa 10 9 A940034509
18 
4
0 0 saa 0 0 A940034576

6
0 9 10 saa 10 9 A940034587
18 
5
7 11 17 0 
4
0 14 
2
0 
6
11 11 saa 11 11 A940034716
11 saa 11 11 A940034716
0 
4
18 
3
0 18 
5
5 
4
0 14 
3

3

5
18 20 
2
0 20 
4
5 
4
5 20 
4
5 11 0 
5
11 11 saa 11 11 A940035481
11 saa 11 11 A940035481
0 
4
11 11 saa 11 11 A940035528
11 saa 11 11 A940035528
0 
4
0 
2
21 
3
0 9 
2
6 20 
5
5 20 
3
6 20 
3
9 10 saa 10 9 A940036743
18 
5
0 9 10 saa 10 9 A940036765
18 
4
0 6 10 
3
5 20 
4
0 20 
1

5
5 11 11 saa 11 11 A940037429
18 0 
4
5 9 10 saa 10 9 A940037577
18 
4
9 18 20 
5
0 9 10 saa 10 9 A940037751
18 0 
2
1 
5
0 9 10 saa 10 9 A940037773
14 18 
3

4
9 10 saa 10 9 A940038035
18 
4
9 10 saa 10 9 A940038253
18 
4
5 9 10 saa 10 9 A940038404
18 
4
5 9 10 saa 10 9 A940038541
18 
5
5 5 saa 5 5 A940038563
18 20 
5
5 9 10 saa 10 9 A940038677
18 
2

4
0 13 
2
10 18 
2
10 18 
3
11 0 
6
0 0 saa 0 0 A940041242
13 17 
3

1

4
13 0 
2
10 
5
0 10 17 18 
5
0 10 17 18 
5
9 18 
5
0 4 17 
3
7 
4
7 21 
4
0 17 18 
4
14 21 
2
5 
5
10 18 
2

4
0 0 saa 0 0 A940042674
22 
5
13 20 
3
13 
5
14 
5
18 
5
0 18 0 
2
19 
1

1

3
12 13 saa 13 12 A940042777

1
10 
2

2
12 
1

1
21 
2
0 
5

3
4 
4
0 3 
4

5
5 18 
3
17 
3
1 
2

3
13 2 
2
13 18 
4
0 22 
3
7 1 
5
0 13 0 
4
17 21 
3
13 
4

2
13 
2
0 
5
11 11 saa 11 11 A940043811
11 saa 11 11 A940043811
0 
2
13 
2

3
13 13 saa 13 13 A940046030

1

3
17 
4
20 0 
5
5 11 20 21 
4
20 0 
3

2
21 21 saa 21 21 A940051757

3
0 
2
10 
5
9 20 21 22 saa 22 21 A940224384

4
0 0 saa 0 0 A940919594
13 
4
0 0 saa 0 0 A945068314
5 
5
21 
5
13 17 
5
5 11 11 saa 11 11 A945092445
0 
3
20 
5
11 11 saa 11 11 A945128250
11 saa 11 11 A945128250
0 
4
6 20 
4
11 17 0 
4
5 9 10 saa 10 9 A945172035
18 
6
5 13 21 0 
4
6 11 20 0 
3
6 20 
5
0 
5
11 11 saa 11 11 A945268305
11 saa 11 11 A945268305
0 
6
5 5 saa 5 5 A945270825
11 18 0 
4
5 5 saa 5 5 A945279493
18 
3
5 6 20 
3
5 6 20 
3

3
5 18 
5
1 11 11 saa 11 11 A945345905
11 saa 11 11 A945345905
0 
5
5 11 11 saa 11 11 A945347507
0 
3
6 20 
2
21 
4
0 6 20 
4
20 
3
5 5 saa 5 5 A945418793

2
6 20 
4
5 21 
3
6 20 
3
5 21 
6
9 11 11 saa 11 11 A945657484
11 saa 11 11 A945657484
0 
6
0 0 saa 0 0 A945699990
13 16 0 
5
7 11 17 0 
4
5 5 saa 5 5 A945757865

3
5 18 
4
0 0 saa 0 0 A945787600

5
11 11 saa 11 11 A945843179
17 0 
5
11 11 saa 11 11 A945900106
17 0 
5
0 21 22 saa 22 21 A945924467

3
5 18 
3
0 
4
1 4 
3
17 
5
0 20 
3
0 14 
3
5 18 
4
9 10 saa 10 9 A946164192
18 
4
5 11 0 
6
0 0 saa 0 0 A946245675
13 
4
11 
5
5 13 21 0 
3
11 11 saa 11 11 A946340176
0 
4
6 17 20 
2
17 
4
5 11 0 
4
1 4 
3
11 0 
2
6 20 
5
21 
6
6 11 11 saa 11 11 A947012689
11 saa 11 11 A947012689
18 0 
5
0 9 10 saa 10 9 A947201294
18 
6
0 13 21 0 
4
0 14 20 
2
5 21 
3
9 10 saa 10 9 A948439823
18 
4

2
6 
1
2 
1
4 
4
14 21 
1
22 
1

5
20 1 
1
0 
1
0 
1
0 
3
2 
1

2
10 
5
2 5 
5
6 12 17 18 
5
3 18 21 
2
1 
5
3 18 20 1 
5
5 
4
2 11 
4
5 
4
1 3 0 
5
18 
4
5 
5
5 21 
5
12 1 
6
12 1 
4
12 1 
5
12 1 
4
12 1 
5
3 18 1 
5
2 12 1 
2
3 16 
3
3 19 
2

5
0 
6
2 2 saa 2 2 B916351230
12 14 
4
2 
3
4 10 
5
12 1 
5
2 12 1 
4
12 1 
2

6
4 12 18 
4

4
12 
5
1 
2
3 19 
4
12 
3
4 19 
2
19 
2

5
12 12 saa 12 12 B917675483
1 
3
1 
2

3
17 0 
5
21 1 
2
19 
4
12 
5
18 1 
3
2 21 
3
0 
2

4
0 
3
3 16 
5
5 0 
3
1 16 
3
16 
5
10 18 1 
4
5 0 
5
2 17 
3
3 16 
3

2
19 
2

5
3 18 1 
5
3 18 21 1 
4
0 
3
0 
4
2 4 
2
3 19 
4
3 19 
4
2 5 
5
2 5 0 
3
3 16 
6
4 4 saa 4 4 B920065727
12 1 
6
12 20 1 
2
16 
2
3 19 
4
5 0 
5
10 1 
4
17 0 
2
13 0 
4
2 
6
1 2 saa 2 1 B920083075
5 
2
16 
2
16 
5
2 5 
3
1 21 
2
3 19 
1
16 
4
2 1 
4
1 21 
3
4 10 
5
3 20 1 
1
10 
4

4
0 21 
4
5 0 
3
16 
3
3 16 
4
0 14 21 
4
1 2 saa 2 1 B920112179

4
2 
5
3 20 21 1 
2
3 16 
2
3 19 
5
2 5 
4
1 
1
0 
3
1 16 
4
3 0 
4
2 5 
2
16 
3
21 
5
3 20 
4
2 5 
1
19 
3
3 16 
3
10 
4
2 5 
5
3 18 20 1 
5
6 12 17 18 
3
2 
1
16 
3
3 19 
4
2 11 0 
4
2 5 
2
19 
2
1 
5
12 18 
2
19 
4
1 2 saa 2 1 B920162576

5
20 
5
2 1 
3
19 22 
4
5 17 
3
2 
5
3 10 1 
5
18 20 1 
5
2 2 saa 2 2 B920174568

5
5 0 
3
3 19 21 
5
2 5 18 
3
3 16 
2
3 19 
2
0 22 
4
21 
3
2 5 
5
2 5 0 
2
3 19 
4
2 2 saa 2 2 B920191325

3
0 
5
5 0 
3
5 0 
5
2 
3
0 21 
4
1 
4
1 2 saa 2 1 B920204407

5
1 2 saa 2 1 B920206375
4 
4
2 5 
5
2 5 
3
5 
5
20 
4
5 
5
3 1 
4
1 
5
3 10 21 
4
2 5 0 
3
3 16 
1

2
2 
6
4 12 
4
2 
4
2 
2
3 19 
3
2 
2
19 
3
1 16 
5
3 18 20 1 
4
1 
5
2 5 
3
3 19 21 
4
2 5 
5
12 1 
5
5 
5
18 
6
12 13 saa 13 12 B920245444
1 
2
3 16 
6
4 12 18 1 
4
3 0 
5
18 20 
5
3 18 20 21 
4
1 
2
3 19 
4
1 2 saa 2 1 B920260654

2
3 19 
5
3 20 1 
3
2 
4
1 
5
10 1 
2
13 22 
3
2 
2
3 16 
4
21 1 
3
21 
4
5 
3
3 16 
2
3 19 
3
16 
4
2 
5
3 1 
3
16 
4
2 5 
5
3 21 1 
3
3 16 
3
3 16 
5
2 1 
3
16 
3
2 
4
21 1 
3
3 19 1 
1

5
19 
5
2 21 
5
12 1 
4
12 
4
3 21 
3
3 16 21 
5
3 21 1 
3

3
3 16 
2
19 
5
1 1 saa 1 1 B920347483

5
3 20 1 
4
12 1 
4
21 
5
10 21 1 
2
3 16 
4
2 5 
2
19 
3
4 7 18 
3
16 
3
3 16 
4
2 1 
5
10 
2
19 
2
3 19 
5
12 1 
4
2 5 0 
5
3 18 1 
5
3 18 20 
2
3 16 
4
2 5 0 
5
12 
5
12 18 1 
4
2 5 
3
19 
5
12 1 
5
12 1 
2
3 19 
5
3 20 21 1 
5
10 
2
13 
4
18 20 1 
5
4 12 18 
3
16 
5
21 1 
5
12 
4
2 0 
4

5
6 12 17 18 
4
2 
5
14 20 
2
3 19 
4
12 1 
5
12 21 
3
2 0 
2
19 
4
1 5 
6
4 4 saa 4 4 B920460346
12 
5
3 10 21 
5
10 1 
5
10 1 
3
3 16 
5
6 12 17 18 
5
1 
5
2 5 0 
2
3 19 
6
12 1 
2
3 16 
3
2 5 
4
0 
5
18 0 
4
3 21 1 
2
3 19 
4
21 
4
2 17 
3
2 0 
5
6 12 17 18 
5
6 12 17 18 
5
9 18 1 
2
3 19 
4
2 17 
5
10 
4
2 0 
5
3 1 
5
3 18 21 1 
5
3 18 20 1 
3
3 16 
3
19 
4
12 1 
5
18 1 
5
3 18 20 1 
2
3 16 
5
12 1 
2
0 22 
3
3 16 
2
16 
5
2 17 21 1 
4
0 21 22 saa 22 21 B920704055

3
0 
5
5 
4
12 
5
6 12 17 18 
4
2 5 
5
3 18 20 1 
5
12 14 21 
5
6 12 17 18 
5
12 18 1 
5
3 20 1 
2
3 19 
2
3 19 
2
0 
1
0 
3
16 
2

3
16 
4
21 1 
5
3 18 21 1 
5
10 21 
2
16 
2
4 
2
13 0 
4
19 
2
3 16 
2
4 10 
5
3 20 1 
4
0 21 
2
3 19 
6
4 12 1 
4
2 0 
5
18 20 
5
3 1 
5
2 5 
5
6 12 17 18 
5
12 18 
3

6
12 18 1 
5
12 1 
6
21 1 
5
3 18 20 1 
2
2 
5
12 
4
2 5 0 
3
19 
4
1 0 1 saa 1 0 B920985001

2
4 10 
5
3 18 1 
4
21 
5
3 18 20 1 
2
4 
5
3 18 20 
2
2 13 
5
6 12 17 18 
5
3 10 1 
4
21 1 
3
3 
2
3 19 
2
0 
2
3 16 
3
3 19 
5
6 12 17 18 
5
21 
4
2 0 
2
3 19 
5
6 12 17 18 
6
12 18 1 
2
0 
3
3 13 19 
2
3 19 
4
14 21 
3
3 19 
5
6 12 17 18 
5
10 
2
3 19 
5
10 21 
4

5
20 
2
3 19 
6
4 12 
4
19 
2
1 21 
2
0 
5
3 18 21 1 
5
12 18 20 
4
2 14 
2

3
0 
5
2 5 
3
7 19 
2
3 19 
5
3 18 20 1 
5
6 12 17 18 
3
1 21 
4
12 18 1 
2
3 16 
5
4 4 saa 4 4 B921449643
12 1 
5
6 12 17 18 
3
16 
2
10 
2
3 16 
3
17 
3
19 
1
19 
4
0 
1
13 
5
6 12 17 18 
4
2 5 0 
4
4 19 
5
6 12 17 18 
4
4 
3
1 
5
10 1 
3
3 19 
1
16 
2
19 
3
3 16 
3
3 19 
3
4 10 
5
10 1 
2
4 19 
1
16 
5
3 21 1 
5
6 12 17 18 
4
0 22 
4
3 21 
1
19 
3
4 19 
1
19 
5
6 12 17 18 
4
2 
1
16 
5
2 5 
4
12 
5
12 18 
3
3 16 
2
19 
3

5
4 12 
3

3
4 10 
2

5
6 12 17 18 
2
3 16 
5
0 21 
6
21 21 saa 21 21 B922165481

5
18 20 1 
5
2 5 17 
5
6 12 17 18 
4
5 13 
4
14 21 
5
10 21 1 
2
3 19 
5
2 5 
2
19 22 
5
3 
4
1 
2
17 
4
4 13 17 1 
5
2 1 
2
19 
4
19 
5
3 18 
4
5 0 
3
2 
4
0 21 1 
6
12 20 1 
5
4 12 1 
4
4 12 1 
4
4 12 
3
1 22 
2

2
19 
2
3 19 
4

5
12 21 
5
21 1 
5
6 12 17 18 
6
20 1 
4
5 
4
2 
3
16 
3
5 19 
2
16 
1
19 
5
12 1 
4
21 1 
1

2
3 19 
6
4 10 19 
3
19 
5
20 
2
3 19 
5
6 12 17 18 
5
2 
5
6 12 17 18 
4
14 21 
5
6 12 17 18 
1
19 
4
21 
3
0 3 19 
3
0 22 
1
19 
4
0 21 
4
14 17 1 
2
3 19 
2
4 10 
5
2 
3
1 0 
4
17 0 
5
12 18 1 
5
3 20 1 
2
3 19 
2
3 19 
5
6 12 17 18 
4
12 20 
5
6 12 17 18 
4
2 2 saa 2 2 B925112912

4
2 
2
16 
3
0 21 
2
3 16 
5
3 18 
3
16 
3
3 16 
2
3 16 
4
1 5 
4
1 
3
1 16 
5
3 18 1 
3
3 16 
5
1 21 
2
3 16 
4
14 
2
3 16 
1
4 
3
3 16 
3
1 
3
5 
2
4 
4
3 19 
4
4 19 
4
12 
1
19 
4
10 19 
6
12 18 1 
4
12 1 
5
3 20 21 1 
3
3 16 
2
19 21 
2
19 
1
0 
5
3 20 1 
2
16 
3
2 
2
4 
6
4 12 1 
4
12 18 20 
4
12 1 
5
12 
4
21 
1
0 
3
3 16 
4
14 17 22 
1
19 
2

5
3 5 9 21 
5
12 18 
4
3 20 
4
3 20 
4
0 21 
4
1 
1
1 
4
1 
5
12 1 
3

2
1 
4
2 0 
3
0 13 20 
2
5 13 
4
4 13 14 saa 14 13 B930131007
17 
2
13 21 
4
2 0 
4
20 0 
3

5
2 12 0 
1
13 
4
4 7 13 
5
14 17 21 
4
5 0 
4
2 0 
2
13 16 
4
4 7 
5
2 21 1 
1
13 
5
11 21 
6
2 2 saa 2 2 B930369954
20 21 
4
2 0 
4
2 0 
5
0 22 0 
2

5
3 10 0 
3
0 
4
0 
3
0 
2
13 21 
2
2 
2
2 13 
2

2

2

2

2

2

2

2

2

2

2

2

2

5
0 3 10 
4
2 0 
3

3
0 
3
0 
3

4
2 0 
4
2 0 
4
0 
4
2 0 
2
2 
3
3 
2
2 13 
5
14 17 
3

4
2 0 
3
0 
2
13 
2
13 
6
12 21 
2
2 
2
13 
5
21 
3

1
13 
4
4 13 17 
3
0 
4
0 
2
13 
1
13 
2
13 21 
4
0 
2
13 
2
13 0 
2
13 21 
2
2 13 
2

2
13 21 
2
13 
2
1 
3
0 
3
0 
2
5 13 
6
2 2 saa 2 2 B935042373
21 
2
13 
3

5
9 14 
2
5 13 
2
5 13 
5
4 7 13 21 
4
2 0 
2
2 
3

4
4 7 13 
2
13 
4
2 0 
5
2 4 0 
4
2 2 saa 2 2 B935061606
0 
4
2 0 
2
5 13 
4
17 1 
2
13 
4
2 0 
2
13 
2
2 13 
3
2 13 18 
1
13 
1
13 
3

4
2 0 
3
0 
3
0 
4
2 0 
2
13 0 
5
2 4 7 13 21 
3
21 21 saa 21 21 B935097719

2
2 13 
2
13 
2
13 
4

2
0 13 
4
0 
5
21 1 
3

5
2 0 
2
2 13 
6
11 21 
4
17 0 
1
13 
2
5 13 
6
18 0 
5
4 7 11 13 20 
2
2 
2
13 0 
4
2 0 
3
4 7 
2
13 
4
2 0 
6
3 17 18 18 saa 18 18 B935143566

3
17 
6
9 12 21 
5
4 21 
3
0 
3

4
14 17 1 
3

2
13 
5
2 4 12 0 
1
13 
4
2 0 
2
13 0 
3
2 13 18 
2
13 
5
17 21 
4
2 0 
2
13 
3
0 
2
13 0 
2
5 13 
4
2 0 
2
13 
4
17 0 
5
2 13 0 
4
17 0 
4
4 13 17 
4
2 0 
2
13 0 
5
2 11 21 
3
0 
4
2 0 
4
0 
4
18 0 
5
4 7 11 13 21 
2
2 13 
2
5 13 
4
2 0 
4
4 13 17 
2
2 
2
13 0 
5
17 1 
2
13 
2
2 13 
1
13 
2
13 
3

2
2 13 
3
1 
4
2 0 
2
13 
4
2 0 
4
11 21 
2
13 
2
5 13 
2
13 0 
2
5 13 
3

5
9 18 22 
4
17 1 
4
4 13 17 
5
2 11 12 0 
2
13 
5
2 2 saa 2 2 B935236547
14 0 
6
1 2 saa 2 1 B935237533
20 21 
2
5 13 
5
2 4 7 13 
6
12 21 
4
2 0 
4
4 13 17 
4
2 14 0 
3

2
13 
1
13 
6
1 20 21 
4
21 
4
4 7 13 
5
3 
4
21 
4
13 
3
1 
5
12 21 
6
17 0 
5
2 0 
2
13 0 
4
4 13 17 
5
3 7 14 17 
4
2 0 
5
4 7 12 13 saa 13 12 B935275410
15 
3

3

2
13 18 
1
1 
5
14 17 0 
4
4 13 17 
4
2 0 
1
13 
4
2 0 
4
4 7 13 
4
2 0 
2
13 
3
13 0 
4
2 21 
3

1
13 
4
17 
3
1 
2
5 13 
1
13 
2
13 0 
2
13 21 
4
17 21 
2
13 0 
2
13 
3
0 
2
21 0 
1
13 
2
13 0 
5
0 9 
2
13 21 
4
2 0 
2
2 
4
2 0 
4
2 0 
3

1
13 
2
13 
4
2 2 saa 2 2 B935327764
0 
2
13 21 
4
2 0 
4
2 0 
6
2 20 21 1 
4
2 0 
5
12 21 
4
2 0 
3
0 
5
4 7 12 13 saa 13 12 B935347658
15 
4
2 0 
2
13 
4
2 0 
1
13 
4
2 0 
4
17 1 
1
13 
2
2 13 
2
13 
4
2 4 7 13 
2
1 
5
14 17 22 
2
13 
3
0 
2
13 
3
0 
6
11 20 21 1 
6
21 
3
0 
1
1 
2
13 21 
3

5
5 9 13 18 
5
2 11 21 
5
12 21 
3
13 17 1 
2
5 13 
5
21 21 saa 21 21 B935422472

4
4 13 17 1 
4
2 0 
3

4
11 21 
1
1 
5
14 17 20 1 
4
4 13 17 1 
5
2 0 1 saa 1 0 B935439562

3
0 
4
2 0 
5
17 1 
4
21 0 
2
2 
4
20 0 
4
18 
5
17 22 1 
3
14 17 
4
4 13 17 
2
13 
4
2 0 
3
0 
6
4 12 21 
3
0 
4
18 0 
5
2 4 12 0 
3

5
2 21 
4
0 
2
13 
2
13 21 
4
1 
6
2 12 21 
6
2 20 21 1 
4
17 0 
4
2 0 
2
5 13 
6
14 21 1 
6
21 1 
4
2 0 
3
0 
4
2 0 
5
2 11 21 
5
21 1 
3
0 
4
17 
3
0 
3

6
14 21 1 
4
2 0 
3
0 
4
4 21 0 
3
13 17 
3
0 
5
21 1 
4
2 0 
3
0 
2
2 
4
2 0 
2
1 
5
4 7 11 13 
6
2 21 22 saa 22 21 B935635290
1 
4
18 0 
2
2 13 
1
13 
4
2 0 
3
21 22 saa 22 21 B935658886

5
2 21 
3
0 
3
21 
2
1 
6
2 21 1 
3
0 
5
5 13 21 1 
4
2 0 
3
0 
6
4 12 21 
3
0 
2
5 13 
2
13 
3

3

1
1 
4
16 18 
1
13 
3
0 
4
2 0 
4
21 1 
4
2 0 
4
11 21 
4
2 0 
2

3
0 
5
2 11 21 
4
2 13 18 
4
4 13 17 
5
4 21 
5
2 3 13 17 
3
1 
4
20 0 
4
4 13 17 
6
2 11 20 21 
3

3

3
21 0 
5
2 11 21 
4
17 
2
13 
4
2 0 
5
2 11 21 
6
2 21 1 
4
2 0 
5
2 0 
6
12 21 
2
2 
2
2 
2
13 
4
2 0 
6
2 21 1 
4
13 17 
4
17 
2
13 
2
13 
6
2 21 1 
4
2 0 
4
18 0 
3
0 
4
2 14 0 
4
0 0 saa 0 0 B935997774

6
2 12 21 
5
3 17 
3
3 
5
4 21 
2
1 
4
3 4 saa 4 3 B936017341
13 17 
3
4 7 13 
1
13 
3

2
1 
3

2
13 
4
2 0 
2
13 
6
12 13 saa 13 12 B936061322
21 
5
2 0 
2
2 13 
4
4 13 17 
3
1 
5
12 21 
4
2 0 
2
2 
3

2
13 0 
3

3

3

4
2 0 
2
2 
3

1
13 
4
0 
2
13 
3

4
2 0 
2
13 17 
6
2 9 21 
5
21 22 saa 22 21 B936203003
1 
2
3 
3

2
13 18 
4
4 7 13 
3
0 
6
17 18 0 
2
2 
2
2 
6
12 21 
3
0 
6
2 20 21 1 
3

3
0 
2
2 
2
2 
4
20 0 
4

2
21 
1
13 
3

6
20 21 
4
2 0 
4
2 0 
2
2 13 
6
11 20 21 1 
5
21 21 saa 21 21 B936457754
1 
5
21 1 
1
1 
4
14 17 
6
17 18 0 
1

6
2 21 21 saa 21 21 B936511377

2
2 13 
4
2 0 
4
0 
4
2 0 
2
13 
4
11 21 
4
0 
5
0 
3
21 
4
11 21 
4
16 18 
1
13 
4
17 21 1 
6
12 21 
5
2 14 0 
5
11 20 21 
5
0 
3
0 
2
13 17 
2

5
0 
2
2 
4
14 17 1 
5
2 11 21 
1

2
3 
5
2 20 21 
4
21 
4
2 0 
2
2 
6
21 1 
3
6 
3

4
17 
3

2
1 
2
1 
4
0 
2
13 
4
20 0 
5
3 0 
3
0 
4
2 0 
3
0 
3
1 
6
12 21 
5
12 21 
4
2 0 
3
0 
2
2 
3

2
2 
4

1

5
21 1 
2
2 
4
4 13 17 
4

5
0 0 saa 0 0 B937208687
2 
4
17 0 
5
14 21 1 
3
6 
4

3
0 
3
3 
2
13 
3

4
2 0 
2
13 0 
2
13 
3
0 
2
2 13 
2
2 
3
3 
5
6 7 saa 7 6 B937419179

4
16 
2
2 13 
1
9 
6
17 18 0 
3
0 
4
6 
5
14 21 1 
3

6
13 20 
4
10 16 
3

3

2
1 
2
1 
3
0 
4
4 13 17 
4
17 0 
1

1
13 
4
2 0 
4
17 1 
5
4 7 12 13 saa 13 12 B937707216
15 
3

4
4 13 17 
2
2 
3

1
13 
3

3

2
2 
3

1

3
17 1 
5
7 11 21 
3
0 
4
0 
4
22 0 
3

2

5
14 17 22 
2
2 
5
0 17 22 
2
2 
3

5
21 
3

4
0 
6
2 21 
4
2 4 7 13 
6
2 13 21 
4
15 18 21 
3
1 
5
21 1 
4
1 9 
2
13 
5
17 
6
4 12 21 
3
21 
5
0 17 22 
1
13 
2
2 13 
3

3
0 
6
12 21 
3

4
10 16 
5
21 1 
5
17 1 1 saa 1 1 B938761819

1
16 
2
2 
2
13 
4
0 
4
7 10 16 
3

4
0 11 14 18 
2
2 
5
12 
2
3 19 
2
17 
1
19 
4
2 17 21 
4
3 21 
2
3 19 
2
3 19 
2
19 
2
5 7 
2
1 
3
7 18 
1
1 
3
0 
3
1 22 
4
2 0 
3

4
0 11 14 18 
5
9 21 1 
4
12 21 1 
3
5 
4
21 
4
2 0 
5
2 4 0 
3

2
18 
5
4 7 12 13 saa 13 12 B940011131
15 
4
16 18 
4

5
4 7 12 13 saa 13 12 B940011223
15 
5
4 7 12 13 saa 13 12 B940011256
15 
5
4 7 12 13 saa 13 12 B940011290
15 
5
4 7 12 13 saa 13 12 B940011315
15 
4
11 0 
4
16 18 
5
4 7 12 13 saa 13 12 B940011382
15 
5
4 7 12 13 saa 13 12 B940011463
15 
4
7 16 18 
5
4 7 12 13 saa 13 12 B940011496
15 
4
16 18 
5
12 13 saa 13 12 B940011717
15 
5
4 7 12 13 saa 13 12 B940011740
15 
6
13 20 
4
7 16 18 
5
4 7 12 13 saa 13 12 B940011810
15 
4

5
4 7 12 13 saa 13 12 B940011957
15 
4
10 16 
4
7 16 18 
7
13 20 
5
4 7 12 13 saa 13 12 B940012057
15 
5
4 7 12 13 saa 13 12 B940012219
15 
3
6 
5
4 7 12 13 saa 13 12 B940012253
15 
5
0 3 10 15 16 saa 16 15 B940012264

6
5 13 18 20 
4
9 
5
12 13 saa 13 12 B940012389
15 
5
4 7 12 13 saa 13 12 B940012415
15 
5
4 7 12 13 saa 13 12 B940012437
15 
4
7 16 18 
4
5 10 16 
4
22 
4
18 21 
5
0 12 13 saa 13 12 B940012644
15 
5
3 9 21 
5
4 7 12 13 saa 13 12 B940012688
15 
4
16 18 
6
13 20 
4
7 10 16 
5
9 11 13 0 
5
9 16 18 18 saa 18 18 B940012862

6
11 16 18 0 
4
0 
5
4 7 12 13 saa 13 12 B940012932
15 
4
7 21 
5
3 5 18 18 saa 18 18 B940013043

5
4 7 12 13 saa 13 12 B940013065
15 
4
9 21 
5
4 7 12 13 saa 13 12 B940013102
15 
5
4 7 12 13 saa 13 12 B940013191
15 
5
4 7 12 13 saa 13 12 B940013216
15 
5
4 7 12 13 saa 13 12 B940013375
15 
6
13 20 
5
4 7 12 13 saa 13 12 B940013397
15 
7
5 13 20 
5
4 7 12 13 saa 13 12 B940013434
15 
5
3 10 16 18 21 
4
0 
5
4 7 12 13 saa 13 12 B940013559
15 
5
4 7 12 13 saa 13 12 B940013560
15 
5
4 7 12 13 saa 13 12 B940013630
15 
7
13 18 18 saa 18 18 B940013652
20 
4
10 16 18 
5
12 13 saa 13 12 B940013711
15 
5
10 16 21 
5
4 7 12 13 saa 13 12 B940013788
15 
5
0 10 13 16 
4
7 10 16 
4
10 16 
4
16 18 
5
12 13 saa 13 12 B940013962
15 21 
5
4 7 12 13 saa 13 12 B940014040
15 
5
13 20 
5
7 9 
5
9 11 0 
4
21 
4
11 
5
4 7 12 13 saa 13 12 B940014246
15 
5
4 7 12 13 saa 13 12 B940014257
15 
4
17 
5
6 7 saa 7 6 B940014420
18 
5
10 16 18 0 
5
0 16 18 18 saa 18 18 B940014497

5
4 7 12 13 saa 13 12 B940014512
15 
5
5 18 18 saa 18 18 B940014567

5
9 11 0 
5
11 11 saa 11 11 B940014693
18 0 
7
13 13 saa 13 13 B940014718
18 20 
5
4 7 12 13 saa 13 12 B940014763
15 
4
0 
4
0 
4
0 
4
0 
4
16 18 
4
16 18 
4
16 18 
4
0 
5
4 7 12 13 saa 13 12 B940015106
15 
4
7 16 18 
6
5 13 20 
5
9 11 11 saa 11 11 B940015195
0 
5
7 11 16 0 
5
5 18 
5
12 13 saa 13 12 B940015287
15 17 0 
5
4 7 12 13 saa 13 12 B940015302
15 
4
7 16 18 
4
16 18 18 saa 18 18 B940015357

5
0 14 1 
7
13 20 21 
6
3 16 18 21 
5
3 9 15 
5
6 18 
4
7 16 18 
5
9 11 0 
4
0 
5
0 10 13 16 
4
0 
6
0 5 13 20 
5
5 9 
5
4 7 12 13 saa 13 12 B940015793
15 
4
0 
5
12 13 saa 13 12 B940015829
15 18 
5
4 7 12 13 saa 13 12 B940015830
15 
4
1 4 
5
4 7 12 13 saa 13 12 B940015999
15 
4
16 18 
4
0 
5
4 7 12 13 saa 13 12 B940016192
15 
4
10 16 
4
10 18 
5
4 7 12 13 saa 13 12 B940016376
15 
5
4 7 12 13 saa 13 12 B940016402
15 
4
10 18 
5
4 7 12 13 saa 13 12 B940016527
15 
5
3 15 16 saa 16 15 B940016549
18 
5
0 12 13 saa 13 12 B940016583
15 
5
3 9 18 
5
3 9 
5
4 7 12 13 saa 13 12 B940016686
15 
5
0 10 13 16 
5
3 9 21 
7
2 13 18 20 
6
5 13 20 
5
5 18 
5
4 17 
4
9 13 17 
4
0 
5
5 12 13 saa 13 12 B940017007
15 0 
5
12 13 saa 13 12 B940017018
15 
5
4 7 12 13 saa 13 12 B940017030
15 
5
4 7 12 13 saa 13 12 B940017096
15 
5
4 7 12 13 saa 13 12 B940017122
15 
4
16 18 18 saa 18 18 B940017199

5
7 18 18 saa 18 18 B940017269

4
10 16 
4
7 16 18 
5
4 7 12 13 saa 13 12 B940017317
15 
5
6 7 saa 7 6 B940017328
18 
4
0 
5
12 13 saa 13 12 B940017362
15 
5
4 7 12 13 saa 13 12 B940017409
15 
5
7 16 18 
4
1 4 
5
3 9 15 
5
9 11 0 
5
4 7 12 13 saa 13 12 B940017650
15 
5
2 9 18 
5
4 7 12 13 saa 13 12 B940017731
15 
4
16 18 
5
3 10 16 21 
4
0 
4
7 16 18 18 saa 18 18 B940017797

5
4 7 12 13 saa 13 12 B940017926
15 
5
16 18 
4
9 
5
4 7 12 13 saa 13 12 B940018004
15 
5
5 9 18 
6
5 13 20 
4
0 
5
4 7 12 13 saa 13 12 B940018130
15 
5
4 7 12 13 saa 13 12 B940018211
15 
5
4 7 12 13 saa 13 12 B940018277
15 
5
9 11 0 
5
4 7 12 13 saa 13 12 B940018347
15 
5
4 7 12 13 saa 13 12 B940018358
15 
4
16 18 
5
4 7 12 13 saa 13 12 B940018554
15 
5
4 7 12 13 saa 13 12 B940018598
15 
4

5
12 13 saa 13 12 B940018624
15 
7
3 13 18 20 
4
7 10 16 
4
16 18 
5
4 7 12 13 saa 13 12 B940018819
15 
5
3 9 11 0 
5
6 7 saa 7 6 B940018912
18 
5
9 20 
4
10 16 18 
4
5 9 18 
4
16 18 18 saa 18 18 B940019034

5
4 7 12 13 saa 13 12 B940019089
15 
5
4 7 12 13 saa 13 12 B940019090
15 
5
9 18 
5
5 9 18 0 
4
5 
5
4 7 12 13 saa 13 12 B940019355
15 
5
3 9 21 
5
0 10 14 16 
5
4 7 12 13 saa 13 12 B940019481
15 
5
4 7 12 13 saa 13 12 B940019506
15 
4
5 
3

5
4 7 12 13 saa 13 12 B940019609
15 
5
4 7 12 13 saa 13 12 B940019632
15 
4
1 4 
5
4 7 12 13 saa 13 12 B940019768
15 
4
16 18 
4
0 
4
3 16 18 
5
4 7 12 13 saa 13 12 B940020085
15 
5
4 7 12 13 saa 13 12 B940020214
15 
5
4 7 12 13 saa 13 12 B940020269
15 
5
4 7 12 13 saa 13 12 B940020270
15 
5
4 7 12 13 saa 13 12 B940020340
15 
5
9 
5
5 9 18 0 
5
4 7 12 13 saa 13 12 B940020395
15 
5
3 9 18 21 
4
18 
4
10 16 21 
4
18 
4
7 16 18 
5
10 10 saa 10 10 B940020720
13 16 
4
16 18 
5
4 7 12 13 saa 13 12 B940020801
15 
7
13 13 saa 13 13 B940020834
18 20 
5
3 9 21 
6
10 13 20 
5
4 7 12 13 saa 13 12 B940020878
15 
4
0 
6
9 13 18 20 
5
4 7 12 13 saa 13 12 B940021060
15 
4
5 10 16 
4
16 18 
5
9 9 saa 9 9 B940021152

5
4 7 12 13 saa 13 12 B940021174
15 
5
12 13 saa 13 12 B940021211
15 
5
3 7 18 
4
3 9 
5
4 7 12 13 saa 13 12 B940021303
15 
5
12 13 saa 13 12 B940021336
15 21 22 saa 22 21 B940021336

4
10 16 
4
9 11 0 
5
3 10 16 21 
6
13 13 saa 13 13 B940021624
18 20 
5
5 18 18 saa 18 18 B940021727

5
4 7 12 13 saa 13 12 B940021831
15 
5
3 5 15 18 
5
0 10 13 16 
5
18 21 0 
5
9 
5
5 9 11 0 
5
3 9 21 
4
9 
5
9 21 
5
3 9 21 
4
0 
7
13 20 
4
9 17 
4
0 
4
10 16 18 
4
0 11 14 18 
5
9 11 13 0 
4
7 10 16 
5
16 18 18 saa 18 18 B940023710

4
0 
4
0 11 14 18 
7
5 13 20 20 saa 20 20 B940023891

3
18 21 
5

4
10 16 18 
4
0 11 14 18 
5
9 0 
5
9 9 saa 9 9 B940024153
11 0 
5
10 16 
5
4 7 12 13 saa 13 12 B940024278
15 
6
3 15 16 saa 16 15 B940024371
18 
7
10 13 20 
5
4 7 12 13 saa 13 12 B940024407
15 
4
7 16 18 
5
10 16 18 
5
16 18 21 
5
4 7 12 13 saa 13 12 B940024784
15 
5
11 11 saa 11 11 B940024843
18 0 
5
12 13 saa 13 12 B940025002
15 
4
0 
4
10 11 saa 11 10 B940025231
16 
5
4 7 12 13 saa 13 12 B940025242
15 
4
0 
4
16 18 
5
3 9 21 
5
3 9 21 
6
5 12 13 saa 13 12 B940025493
15 
4
0 11 14 18 
4
3 10 16 
5
5 18 20 
4
16 18 
5
5 9 18 
6
13 20 
5
7 9 11 0 
5
12 13 saa 13 12 B940025910
15 
7
13 18 20 
5
7 18 0 
6
5 13 20 
6
0 9 18 
4
7 16 18 
4
0 
4
16 18 
4
7 16 18 
5
4 7 12 13 saa 13 12 B940026456
15 
5
5 9 13 18 
5
0 9 
5
3 9 
5
7 
5
5 9 18 
4
0 
5
4 7 12 13 saa 13 12 B940026847
15 
4
0 16 18 
5
6 7 saa 7 6 B940027110
18 
4
0 
5
7 
6
13 20 
4
0 11 14 18 
5
0 6 
5
7 11 16 0 
5
7 18 
5
9 11 17 0 
4
0 
5
11 18 0 
4
7 16 18 
5
7 18 
4
16 18 
5
4 7 12 13 saa 13 12 B940027925
15 
5
12 13 saa 13 12 B940027947
15 
5
4 7 12 13 saa 13 12 B940027992
15 
5
12 13 saa 13 12 B940028128
15 
7
13 13 saa 13 13 B940028139
20 
5
4 7 12 13 saa 13 12 B940028173
15 
4
7 16 18 
5
11 16 0 
5
6 
6
5 13 20 
5
3 18 
4
6 21 
5
6 7 saa 7 6 B940028612
18 
1
16 
5
9 11 0 
5
12 13 saa 13 12 B940028715
15 
5
4 7 12 13 saa 13 12 B940028737
15 
4
0 11 14 18 
5
6 
4
0 11 14 18 
5
9 18 21 
5
3 15 18 21 
5
7 18 18 saa 18 18 B940028933

5
3 9 21 
4
0 
5
4 7 12 13 saa 13 12 B940029206
15 
5
9 9 saa 9 9 B940029240

4
0 
5
7 18 
5
9 13 18 
4
0 
5
12 13 saa 13 12 B940029745
15 21 
4
0 
4
9 17 
3
9 18 
5
10 16 18 18 saa 18 18 B940029996

5
3 9 21 
5
16 18 18 saa 18 18 B940030084

4
0 11 14 18 
3
7 
4
0 11 14 18 
4
18 
4
0 11 14 18 
4
0 11 14 18 
5
9 11 0 
5
3 7 18 
4
0 
5
10 13 16 
5
4 7 12 13 saa 13 12 B940030615
15 
4
0 11 14 18 
5
3 9 18 
4
0 11 14 18 
5
16 18 18 saa 18 18 B940030844
1 
5
4 7 12 13 saa 13 12 B940030958
15 
4
0 
5
9 11 0 
7
5 13 20 
5
6 7 saa 7 6 B940031151
18 
4
0 11 14 18 
4
18 21 
4
0 
5
3 9 21 
5
6 7 saa 7 6 B940031483
18 18 saa 18 18 B940031483

5
0 6 0 
4
16 18 
5
3 9 21 
5
4 7 12 13 saa 13 12 B940031841
15 
4
10 16 18 
4
16 18 
4
7 16 18 
5
18 21 
6
13 20 
5
9 11 0 
5
4 7 12 13 saa 13 12 B940032022
15 
4
0 
5
6 7 saa 7 6 B940032055
18 
5
0 18 18 saa 18 18 B940032066

4
7 9 
5
3 9 21 
6
7 13 18 20 
4
0 5 18 
4
18 
5
5 9 18 20 
5
5 9 18 
4
0 11 14 18 
2
9 
4
0 
5
3 9 21 
5
4 7 12 13 saa 13 12 B940032479
15 
5
9 18 1 
5
4 7 12 13 saa 13 12 B940032550
15 
5
4 7 12 13 saa 13 12 B940032561
15 
4
9 
4
0 
4
18 
5
6 7 saa 7 6 B940032848
18 
6
16 16 saa 16 16 B940032871

5
4 7 12 13 saa 13 12 B940032893
15 
5
4 7 12 13 saa 13 12 B940032907
15 
4
0 
5
9 11 0 
4
0 11 14 18 
5
3 9 21 
5
3 15 18 21 
5
2 16 18 1 
5
12 13 saa 13 12 B940033409
15 
4
0 18 
5
0 5 18 
3
5 
6
7 13 18 20 
5
4 7 12 13 saa 13 12 B940033546
15 
5
6 7 saa 7 6 B940033579
18 
5
4 7 12 13 saa 13 12 B940033580
15 
6
13 20 
4
10 16 
4
10 16 
5
4 7 12 13 saa 13 12 B940033775
15 
7
13 18 20 
4
6 
5
0 14 20 
5
9 11 0 
6
13 20 
5
6 21 
5
4 7 12 13 saa 13 12 B940034037
15 
5
4 7 12 13 saa 13 12 B940034130
15 
5
7 18 
4
7 10 16 
5
0 14 18 
5
0 6 
6
0 13 20 
4
0 11 14 18 
6
13 20 
4
6 10 
5
7 18 
5
3 9 21 
5
1 4 7 18 
5
3 9 21 
5

4
0 
5
4 7 12 13 saa 13 12 B940034886
15 
5
5 6 9 
3
9 
5
6 7 saa 7 6 B940035159

5
4 7 12 13 saa 13 12 B940035241
15 
4
16 18 
5
3 9 21 
5
5 6 0 
4
13 16 18 
4
10 16 
4
6 
6
13 20 
5
4 7 12 13 saa 13 12 B940035595
15 
5
13 20 
6
13 20 
4
0 
4
0 
5
5 6 0 
5
3 10 16 21 
5
4 7 12 13 saa 13 12 B940036008
15 
5
3 9 21 
5
5 18 
4
0 
6
13 13 saa 13 13 B940036190
20 
5
6 7 saa 7 6 B940036237
18 
4
10 16 18 
4
7 10 16 
5
9 18 21 
5
6 18 
5
3 9 21 
5
7 14 18 
4
0 
5
9 10 saa 10 9 B940036455

5
4 7 12 13 saa 13 12 B940036466
15 
5
6 18 
4
9 
4
9 
5
9 
4
5 10 16 
4
7 10 16 
5
4 7 12 13 saa 13 12 B940036639
15 
5
6 7 saa 7 6 B940036754
18 
6
13 20 
5
5 9 
4
0 
5
4 7 12 13 saa 13 12 B940036972
15 
5
7 18 
6
5 13 20 
5
6 
2
18 
4
0 
4
16 18 
4
5 18 
4
0 11 14 18 
7
13 20 
2

4
0 11 14 18 
3
9 
5
6 7 saa 7 6 B940037463

5
6 
7
13 20 
6
13 20 
4
0 
5
3 15 18 21 
4
0 
5
3 9 21 
5
3 9 21 
5
9 18 
5
7 18 
3
6 
6
13 20 
5
4 7 12 13 saa 13 12 B940038013
15 
4
0 
5
4 7 12 13 saa 13 12 B940038079
15 
4
0 
3
18 
5
9 
3

4
16 18 18 saa 18 18 B940038208

5
4 7 12 13 saa 13 12 B940038264
15 
4
9 
4
16 18 
6
13 20 
5
11 11 saa 11 11 B940038378
18 0 
4
0 
5
3 9 15 
6
13 20 
4
1 4 
4
6 
5
9 21 
5
9 20 
4
5 
4
7 10 16 
6
5 13 20 
5
7 10 16 18 
4
2 
6
2 20 
3

5
5 7 13 0 
6
10 1 
4
0 10 
4
9 10 saa 10 9 B940042973

4
7 
5
3 14 1 
5
2 
5
2 6 0 
5

5
7 18 
5
2 20 0 
5
3 3 saa 3 3 B940043095
7 
5
4 0 
4
1 
2
4 21 
3
17 
4
3 18 
5
3 7 14 1 
2
6 10 
3
6 
4
18 0 
3
6 18 20 
6
4 12 21 
5
2 2 saa 2 2 B940044933
14 0 
6
12 21 
3

3
0 
3
0 
4
17 1 
3
3 13 19 
6
2 2 saa 2 2 B940045239
21 
3

1

4
4 12 
3
16 
2
21 
4
4 12 13 saa 13 12 B940045907

5
12 12 saa 12 12 B940045952

4
12 12 saa 12 12 B940046007

5
21 1 
4
5 12 12 saa 12 12 B940046269

3
12 1 
5
5 12 13 saa 13 12 B940046281
15 
5
4 7 12 13 saa 13 12 B940046306
15 
5
18 20 
5
4 7 12 13 saa 13 12 B940046340
15 
2
12 1 
5
12 13 saa 13 12 B940046373
15 
5
2 4 12 22 1 
5
4 7 12 13 saa 13 12 B940046409
15 
5
4 7 12 13 saa 13 12 B940046410
15 
6
4 4 saa 4 4 B940046421

5
4 7 12 13 saa 13 12 B940046432
15 
2
12 1 
5
4 7 12 13 saa 13 12 B940046454
15 
4
10 16 18 
4
4 
5
9 20 
5
4 7 12 13 saa 13 12 B940046513
15 
6
4 12 1 
5
4 7 12 13 saa 13 12 B940046568
15 
5
12 12 saa 12 12 B940046579
20 
5
12 1 
5
4 7 12 13 saa 13 12 B940046638
15 
5
4 7 12 13 saa 13 12 B940046672
15 
5
4 7 12 13 saa 13 12 B940046694
15 
5
0 12 13 saa 13 12 B940046720
15 
5
4 7 12 13 saa 13 12 B940046753
15 
4
12 1 
6
12 13 saa 13 12 B940046786
15 18 20 
5
4 7 12 13 saa 13 12 B940046801
15 
5
4 7 12 13 saa 13 12 B940046823
15 
5
4 7 12 13 saa 13 12 B940046845
15 
4
5 14 17 
5
4 7 12 13 saa 13 12 B940046878
15 
5
4 7 12 13 saa 13 12 B940046904
15 
5
4 7 12 13 saa 13 12 B940046926
15 
5
1 
4
9 17 
5
9 11 18 0 
5
9 11 17 0 
5
9 11 17 0 
5
9 11 0 
5
9 11 0 
4
4 12 
5
2 12 
6
2 4 12 1 
5
3 9 21 
5
3 9 21 
3
7 16 
5
3 9 21 
4
5 10 16 
5
18 18 saa 18 18 B940047255
21 
7
10 13 20 
4
7 16 17 saa 17 16 B940047277

4
5 12 13 saa 13 12 B940047303
15 
3
6 
3
6 
5
0 18 
4
7 18 
5
6 7 saa 7 6 B940047381
18 
3

5
5 7 18 18 saa 18 18 B940047417

4
12 
4

4

4
5 13 15 
4
10 16 18 
2

4

4
18 0 
4
10 
4
18 20 
4
18 0 
4
20 
5
10 13 16 
5
0 10 13 16 
4
13 16 18 
4
10 16 18 
1
0 
1
16 
3
10 16 
3
7 16 
4
7 10 16 
3
12 1 
5
10 16 18 21 
5
16 18 21 
4
7 16 18 
4
10 16 18 
4
0 
4
18 18 saa 18 18 B940047819

5
0 5 18 20 
5
18 20 
5
0 18 
4
0 11 14 18 
4
0 11 14 18 
4
0 
4
0 
2

2
18 
2
6 18 
2
6 18 
3
7 18 
5
12 1 
3
7 16 
3
22 
4
4 12 12 saa 12 12 B940048115

5
0 1 saa 1 0 B940048126
5 
5
12 1 
2
12 1 
5
18 20 
4
2 18 1 
5
4 4 saa 4 4 B940048322
12 
5
18 20 
4
7 16 
2
3 19 
5
4 12 1 
6
12 12 saa 12 12 B940048388

4
12 
3
13 15 
5
6 18 
3
0 
4
12 12 saa 12 12 B940048447

2

4
12 
4
5 12 13 saa 13 12 B940048481

4
4 18 
4
12 12 saa 12 12 B940048506

5
5 13 
4
5 13 
5
2 2 saa 2 2 B940049330
0 1 saa 1 0 B940049330

5
2 2 saa 2 2 B940049341
14 0 
4
16 18 
7
0 
8
4 0 
7
0 
7
0 
2
0 
5
4 7 12 13 saa 13 12 B940051182
15 
4
0 
3
6 
7
13 13 saa 13 13 B940051218
20 
7
13 13 saa 13 13 B940051229
20 
7
0 
4
6 17 
4
6 17 
4
6 17 
4
6 17 
4
6 17 
4
6 17 
4
6 17 
4
6 17 
4
6 17 
4
6 17 
4
6 17 
4
6 17 
4
6 17 
7
0 
4
6 17 
7
0 
6
0 
7
0 
4
6 17 
4
10 16 
4
0 
4

4
18 
4

4
2 18 
4
2 18 
4
10 16 18 
2

2

1

1

1

2

2

1

4
0 11 14 18 
3

3

2
2 9 
4
2 10 20 
4
9 10 saa 10 9 C940003848
20 
4
9 10 saa 10 9 C940003859
20 
4
9 10 saa 10 9 C940003952
20 
4
9 10 saa 10 9 C940004454
20 
4
9 10 saa 10 9 C940005200
20 
4
9 10 saa 10 9 C940005233
20 
4
2 10 20 
4
9 10 saa 10 9 C940005510
20 
4
9 10 saa 10 9 C940049008
20 
2
4 
5
4 
4
5 14 16 
3
1 16 
2
6 
6
1 5 6 11 16 
3

3
4 
4
5 16 
3

6
1 12 13 saa 13 12 D916190639
21 
3
6 
2
3 
3

4
5 14 16 
3
6 
5
5 16 16 saa 16 16 D916346351

3
6 
4
3 13 21 
8
0 15 16 saa 16 15 D916482246
18 1 1 saa 1 1 D916482246

3

1
17 
4
19 
5
1 5 16 16 saa 16 16 D916506139

7
1 4 16 21 
4
5 14 16 
2

3

4
6 
3

3

3

3

4
5 14 16 
3

4
17 
2

2
6 
5
14 17 21 
3
6 
3
2 9 12 
3
16 
3
3 1 
1
4 
4
5 14 16 
5
1 5 6 11 16 
3
6 
6
1 4 16 21 
2
3 10 
5
9 
6
1 5 6 11 16 
4
9 
5
9 21 
5
14 
4
3 13 21 
2
10 
5
0 9 
2
10 
3
16 
2
10 
5
1 5 6 11 16 
3
16 
6
1 14 17 21 
5
9 
5
9 
4
9 
3
1 16 
4
1 4 
5
1 5 6 11 16 
5
10 
6
1 5 9 
4
5 16 
4
5 14 16 
3
6 8 
4
9 17 
5
9 
1
1 
4
5 14 16 
4
5 14 16 
4
2 20 
4
5 10 16 
2
10 
4
14 
2
10 
2
10 
3
0 
2
17 
4
9 14 
1

5
1 5 6 11 16 
4
14 
6
1 5 6 11 16 
4
3 13 21 
4
5 14 16 
5
9 
4
6 
5
9 
4
5 14 16 
3
3 
4
9 
5
1 5 6 11 16 
4
9 14 
3
0 
6
1 9 14 17 21 
5
1 4 9 
5
1 5 6 11 16 
2
3 10 
4
3 13 21 
5
9 20 1 
5
9 
3
6 
5
1 5 6 11 16 
5
9 14 
5
1 4 9 
4
5 14 16 
6
1 14 17 21 
4
5 14 16 
4
6 
1
4 
4
3 13 21 
4
9 
5
9 14 
2

1
17 
6
1 5 6 11 16 
6
1 1 saa 1 1 D920152441
12 12 saa 12 12 D920152441
21 
2
4 17 
2
10 
4
5 14 16 
4
5 14 16 
5
9 
4
5 16 
3
14 
2
3 
2
10 
2

4
3 13 21 
5
0 9 
5
1 9 
3
1 16 
3
6 
4
14 
5
1 4 
4
1 14 
4
5 14 16 
4
5 14 16 
6
1 5 6 11 16 
5
1 14 17 21 
5
9 
4
5 14 16 
5
6 
2

4
3 13 21 
5
1 5 6 11 16 
5
9 
5
1 5 6 11 16 
2
10 
4
5 14 16 
4
5 14 16 
4
9 
5
1 4 9 
4
4 
2

2

3

2
10 
4
1 
3
1 16 
5
9 
5
1 5 6 11 16 
4
5 14 16 
5
1 5 6 11 16 
4
5 14 16 
5
1 4 9 
3
4 10 
5
9 14 
4
5 14 16 
1
17 
6
1 5 6 11 16 
3
9 
3
2 12 
4
5 14 16 
5
9 14 
6
1 9 14 17 21 
2
3 10 
6
1 1 saa 1 1 D920220418
12 12 saa 12 12 D920220418
21 
5
9 
2
6 
2

5
1 5 6 11 16 
2
6 
4
5 14 16 
6
9 20 
5
0 9 
7
1 1 saa 1 1 D920236523
14 17 21 21 saa 21 21 D920236523

2
17 
4
9 
4
17 
5
1 4 5 saa 5 4 D920242786
16 
4
5 14 16 
4
5 14 16 
3
1 
4
14 17 21 
3
9 
5
1 5 16 16 saa 16 16 D920257584

2
10 
2
10 
4
9 14 
5
1 5 6 11 16 
5
14 17 21 
4
5 14 16 
1

4
5 14 16 
6
1 12 21 1 
2

4
5 14 16 
5
1 5 16 16 saa 16 16 D920272820

2

3
4 10 
3
2 
5
14 17 21 
4
14 
4
5 10 16 
6
1 5 6 11 16 
2

4
1 
3
9 
5
14 17 21 
4
5 14 16 
5
1 5 6 11 16 
4
3 13 21 
5
1 5 6 11 16 
3
7 
6
1 5 6 11 16 
4
5 14 16 
5
1 5 6 11 16 
4
3 13 21 
4
3 13 21 
3
2 
2

5
9 14 
4
1 4 
4
5 14 16 
5
1 5 6 11 16 
5
9 16 
4
5 14 16 
5
9 
5
9 
3
10 
4
9 
4
3 13 21 
5
9 
4
3 13 21 
4
6 
4
5 14 16 
2

4

3

5
9 
5
1 4 9 
5
1 5 6 11 16 
5
1 4 9 
5
4 4 saa 4 4 D920333419
9 
5
9 
4
6 
4
9 
4
9 
5
1 9 14 
2

5
6 
4
5 14 16 
3
6 
6
0 1 saa 1 0 D920348228
5 9 
2
10 
3
4 
5
9 1 
2
3 10 
4
5 14 16 
5
1 5 6 11 16 
5
1 5 6 11 16 
4
3 13 21 
4
12 
4

5
1 4 9 
5
1 5 6 11 16 
4
10 17 
5
1 5 6 11 16 
4
1 
4
5 14 16 
4
5 14 16 
1

5
1 5 6 11 16 
7
1 1 saa 1 1 D920380893
14 17 21 21 saa 21 21 D920380893

4

4
5 14 16 
5
9 
4
5 14 16 
5
9 
2

6
1 14 17 21 
5
9 
5
1 5 6 11 16 
5
1 5 6 11 16 
5
3 
3
1 3 1 
4
3 13 21 
6
1 5 6 11 16 
2
10 
3
4 
5
1 5 6 11 16 
4
5 14 16 
2
6 
4
3 13 21 
5
1 5 6 11 16 
4
5 14 16 
5
1 5 6 11 16 
2
10 
4
12 1 
5
1 5 6 11 16 
4
5 16 
4
3 13 21 
2

4
5 14 16 
5
0 9 
5
1 5 6 11 16 
3
6 
5
9 
6
1 9 14 17 21 
4
17 
5
0 9 
4
9 
5
9 21 1 
5
11 19 
2
10 
5
9 
5
9 21 1 
5
1 5 6 11 16 
4
17 
6
1 5 6 11 16 
4
5 14 16 
2
10 
5
1 5 6 11 16 
2
6 
6
1 5 6 11 16 
4
5 14 16 
2

4
5 14 16 
1

5
1 5 6 11 16 
5
1 5 6 11 16 
5
1 5 6 11 16 
5
1 5 6 11 16 
5
1 5 6 11 16 
6
1 5 6 11 16 
4
5 14 16 
2
10 
4
5 14 16 
4
9 14 
4
5 14 16 
4
3 13 21 
5
1 16 21 
4
5 14 16 
5
0 20 1 
5
5 16 16 saa 16 16 D920613713

6
1 5 6 11 16 
2

6
1 4 16 21 
2

5
14 18 
5
1 5 6 11 16 
6
1 5 6 11 16 
5
1 5 6 11 16 
2

4
3 13 21 
4
9 
4
5 14 16 
6
0 1 saa 1 0 D920682513
5 9 
5
9 
4
3 13 21 
5
5 16 16 saa 16 16 D920693793

4
0 9 18 
5
9 
5
1 5 6 11 16 
4
17 
3
0 
3
2 9 12 
4
17 
2
10 17 
3

2
4 
5
1 5 6 11 16 
5
1 4 9 
4
14 
4
7 21 2 
5
1 5 6 11 16 
2
10 
5
1 5 6 11 16 
4
5 14 16 
4
5 16 
4
5 14 16 
5
1 4 9 
4
3 13 21 
5
1 5 6 11 16 
2
3 10 
5
4 
6
0 1 saa 1 0 D920787003
5 9 
5
14 17 21 
5
1 5 6 11 16 
4
5 14 16 
3
6 
3
6 
2
3 10 
5
9 
4
3 13 21 
5
1 5 6 11 16 
2
17 
4
5 14 16 
6
0 1 saa 1 0 D920849378
5 9 
4
5 14 16 
4
10 17 
2

5
0 9 
1
4 
2
10 
3

2
4 17 
2

6
0 1 saa 1 0 D920872815
5 9 
2
10 
5
0 20 1 
4
5 14 16 
2

6
1 14 17 21 21 saa 21 21 D920893153

2

3

4
2 9 
2
10 
4
3 13 21 
2
6 
5
1 5 6 11 16 
2
17 
4
5 14 16 
5
1 5 6 11 16 
5
1 5 6 11 16 
4
5 14 16 
6
1 5 6 11 16 
4
5 14 16 
5
9 
4
3 13 21 
5
9 
5
1 5 6 11 16 
5
9 
7
1 1 saa 1 1 D920966402
14 17 21 21 saa 21 21 D920966402

6
0 5 9 14 
2
10 
2
10 
4
1 21 
5
9 
5
1 16 21 
2
6 
5
14 17 21 
6
0 1 saa 1 0 D921020154
5 9 
5
1 5 6 11 16 
4
5 14 16 
4
5 14 16 
3
9 
2
10 
4
2 12 1 
2
17 
4

5
9 
2

3

4
5 14 16 
5
1 5 6 11 16 
3
6 
2
10 
4
5 14 16 
5
9 
6
1 1 saa 1 1 D921087593
12 21 1 
3
14 
3
6 
4
5 14 16 
4
5 14 16 
2

5
1 5 6 11 16 
3
6 
4
3 13 21 
2
10 
4
14 
2
10 
5
1 5 6 11 16 
2

5
0 9 
5
9 
4
5 14 16 
5
9 
4
5 14 16 
4
5 14 16 
5
1 5 6 11 16 
4
3 13 21 
2
10 
5
1 5 6 11 16 
2

5
1 5 6 11 16 
4
10 17 
2
10 
2
3 10 
4
1 
2
6 
5
1 5 6 11 16 
5
1 5 6 11 16 
4
3 13 21 
2
10 
4
14 
7
1 1 saa 1 1 D921316895
14 17 21 21 saa 21 21 D921316895

4
5 14 16 
1
17 
2
10 
5
14 17 21 
4
5 14 16 
3
6 
2
6 
5
0 9 
5
1 5 6 11 16 
5
9 
1
4 
2
10 
3
0 
5
7 11 21 
5
1 5 6 11 16 
3
6 
6
1 5 6 11 16 
3
9 
5
1 9 
4
5 14 16 
4
5 14 16 
5
1 5 6 11 16 
6
17 20 0 
5
9 
1

4
5 14 16 
4
9 
4
5 14 16 
2
10 
4
3 13 21 
2
10 
5
9 
5
9 
4
5 14 16 
3
16 
4
5 14 16 
4
5 14 16 
5
1 5 6 11 16 
2

3
6 
2
10 
5
9 
6
3 12 13 saa 13 12 D921674496
20 
4
1 
2

2

5
9 
5
9 21 
3
16 
3
6 
2
10 
2
10 
5
1 5 6 11 16 
2

5
14 17 21 
4
4 14 
2
3 10 
4
5 14 16 
5
4 5 saa 5 4 D921851639
16 
5
9 
1
17 
3
6 
5
9 
3
6 
2
17 
4
5 14 16 
2

2
10 
5
1 5 6 11 16 
2
16 
4
3 13 21 
2
6 
5
1 5 6 11 16 
5
1 5 6 11 16 
4
9 
6
1 5 6 11 16 
2
6 
2
10 
5
1 5 6 11 16 
5
1 5 6 11 16 
5
4 20 21 1 
5
14 17 21 
6
1 5 6 11 16 
2
10 17 
4
5 14 16 
5
9 
2
6 
3
6 
4
10 17 
2

2
10 
2

5
1 5 6 11 16 
5
1 5 6 11 16 
5
1 5 6 11 16 
5
1 5 6 11 16 
5
1 5 6 11 16 
4
5 14 16 
3
2 
5
5 16 16 saa 16 16 D922486962

2
10 
5
9 
4
5 14 16 
1
10 
2
10 
5
5 16 16 saa 16 16 D922642742

5
0 9 
4
17 
5
1 5 6 11 16 
2
10 
2

1

4
9 16 
2
10 
2
10 
1
4 
3
6 
2
4 
2
4 
2
10 
3
9 
2

3
3 16 
5
0 9 14 
5
9 
3
17 
2

5
9 21 
2
3 10 
3
0 
5
9 
4
5 14 16 
5
1 10 12 15 
2
10 
5
9 
4
6 
4
12 1 
1
4 
1

2
10 
5
9 
3
1 3 1 
2
17 
5
9 
5
9 21 
5
9 
2
4 
2
10 
2
10 
3

1
17 
2
10 
2

4
5 14 16 
2
10 
3

4
6 
5
5 16 
4
3 13 21 
3
9 12 
2
10 
5
9 
4
2 20 
5

1

3
7 2 
5
19 21 
3
19 
4
21 
3
0 
3
3 
3
1 3 1 
4
21 
5
0 20 1 
5
11 22 
5
1 10 12 15 
3
1 
1
1 
3
1 
1

2
1 
3
1 
2
1 
5
21 
3
3 
4
7 21 
3

5
21 
3
0 
4
3 
5
4 
4
17 18 
5
20 1 
6
2 11 20 22 
3
0 
4
1 3 1 
5
11 20 0 
6
2 11 20 22 
5
1 10 12 15 
4
19 
6
2 11 20 22 
5
20 1 
6
2 11 20 22 
3
7 2 
4

4
7 21 
7
2 3 20 0 
6
2 11 20 22 
5
9 20 1 
5
13 15 
5
16 
6
2 11 20 22 
5
17 18 
6
17 18 0 
6
2 11 20 22 
5
7 21 
5
19 
5
1 10 12 15 
4
1 3 17 1 
4
1 3 1 
3
1 3 1 
6
2 11 20 22 
3
7 21 2 
3
7 2 
6
2 11 20 22 
4
1 3 1 
6
3 4 saa 4 3 D935080663
0 
6
2 11 20 22 
4

3
0 
6
2 11 20 22 
4
1 3 1 
5
20 1 
5
0 20 1 
6
2 11 20 22 
4
7 21 
3

5
17 18 0 
5
20 21 1 
4
19 
5
7 10 21 
5
1 10 12 15 
6
2 11 20 22 
4
1 3 16 1 
6
2 11 20 22 
4

4
1 3 1 
3
1 3 1 
6
0 14 17 
6
2 11 20 22 
6
2 8 22 1 
3
7 21 2 
6
2 11 20 22 
4
5 0 
5
1 10 12 15 
4
1 3 1 
4
1 3 1 
4
2 6 10 
5
0 20 1 
6
2 11 20 22 
5
1 10 12 15 
6
3 20 1 1 saa 1 1 D935135712

5
0 20 1 
6
2 11 20 22 
4
18 
5
3 4 saa 4 3 D935140381
0 
5
17 18 0 
6
2 11 20 22 
3
0 
4
1 3 1 
5
21 
6
2 11 20 22 
3
7 2 
5
18 0 
4

5
11 20 0 
5
20 1 
5
1 10 12 15 
6
2 11 20 22 
5
20 1 
6
2 11 20 22 
5
1 10 12 15 
5
1 10 12 15 
3
1 3 1 
5
1 10 12 15 
6
17 18 0 
4

4
21 
4
1 4 2 
3
1 3 1 
4
1 3 1 
3
7 2 
6
3 0 
4

4
11 21 
6
0 20 
5
1 10 12 15 
6
2 11 20 22 
3
1 3 1 
5
2 4 20 
4
2 
6
2 8 22 1 
5
20 1 
6
2 11 20 22 
3
1 3 1 
4
1 4 2 
6
2 11 20 22 
6
2 14 22 
5
9 20 1 
4
1 3 20 1 
5
2 22 
5
0 20 1 
6
2 11 20 22 
5
20 1 
6
2 11 20 22 
6
2 11 20 22 
5
18 21 0 
5
21 
3
3 
4
1 3 1 
5
1 10 12 15 
6
2 11 20 22 
5
7 21 
5
0 20 1 
5
1 10 12 15 
4
1 3 1 
4
1 3 1 
4
1 3 1 
4
1 3 1 
6
2 8 22 1 
5
7 19 
4
1 4 2 
5
0 20 1 
4

5
0 20 1 
3
0 
6
2 11 20 22 
4
19 
4
0 
6
2 11 20 22 
4

6
2 11 20 22 
6
2 8 22 1 
3
1 3 1 
5
1 10 12 15 
4
1 3 1 
4
11 21 
6
2 11 20 22 
5
1 10 12 15 
6
2 11 20 0 
3
7 2 
4
17 22 
6
2 11 20 22 
5
11 20 0 
5
20 1 
4
7 21 
6
2 11 20 22 
5
1 10 12 15 
4
1 3 1 
5
17 0 
5
20 1 
5
20 1 
6
2 11 20 22 
3
21 2 
4
1 10 
6
3 0 
5
2 20 22 
3
0 
4
19 
6
13 17 
6
2 21 
5
20 1 
6
2 11 20 22 
4
19 
6
2 11 20 22 
6
2 11 20 22 
5
17 18 
6
17 18 20 
6
2 11 20 22 
6
2 11 20 22 
5
20 1 
6
2 11 20 22 
5
1 10 12 15 
5
20 21 1 
5
1 10 12 15 
6
11 20 21 
5
0 20 1 
5
21 
3

5
20 1 
3
1 3 1 
4
2 6 9 10 saa 10 9 D935324914

6
2 11 20 22 
5
21 1 
5
20 1 
3
19 
4
19 
6
2 8 20 22 1 
6
2 11 20 22 
5
0 20 1 
6
10 11 saa 11 10 D935334980
22 
6
20 21 1 
5
8 
5
20 1 
4
1 3 21 1 
6
2 11 20 22 
5
19 21 
5
2 4 20 
4
4 
5
7 11 
3

3
1 3 1 
5
11 20 
3
1 3 1 
4
1 3 1 
5
1 10 12 15 
4
1 3 17 1 
5
1 10 12 15 
3
1 3 1 
4
1 3 1 
5
20 1 
4
1 4 2 
6
21 1 
5
1 10 12 15 
6
2 11 20 22 
6
2 11 20 22 
5
1 10 12 15 
5
1 10 12 15 
6
17 18 
5
1 10 12 15 
5

5
9 20 1 
5
1 10 12 15 
4
1 4 2 
5
7 21 
6
2 11 20 22 
5
1 10 12 15 
5
1 10 12 15 
4
1 3 1 
6
2 11 20 22 
5
19 21 
5
1 10 12 15 
3
1 3 1 
6
2 21 
3
1 3 1 
5
2 4 20 
5
20 1 
6
2 14 22 
6
2 11 20 22 
4
1 3 1 
4
1 3 1 
4
19 
5

6
2 11 20 22 
3
1 3 1 
4
1 3 1 
4
7 19 
3
7 2 
4

4
1 3 1 
3
0 
4
7 
3
0 
5
3 0 
4

6
2 11 20 22 
4
19 
4
1 3 1 
4
10 
6
2 11 20 22 
5
0 20 1 
4

3
7 2 
5
20 1 
5
20 1 
3
1 3 1 
4
1 3 1 
4

4
1 3 1 
6
2 11 20 22 
5
7 21 
5
1 10 12 15 
5
9 14 
5
20 1 
6
11 16 20 1 
3
7 2 
4
8 
3
1 3 1 
5
1 10 12 15 
3
7 21 2 
4
1 3 1 
5
7 11 21 
5
7 19 
5
1 10 12 15 
4
1 3 1 
4
1 3 1 
6
2 11 20 22 
3
7 21 2 
4

5
20 1 
5
1 10 12 15 
3
7 2 
6
2 11 20 22 
5

6
2 11 20 22 
4
1 3 1 
5
20 1 
3
7 2 
4
1 3 1 
4
1 3 1 
3
1 3 1 
5

5
11 21 21 saa 21 21 D935536001

4
1 3 1 
3
1 3 1 
4
1 3 1 
5

5
3 20 1 1 saa 1 1 D935549768

5
0 20 1 
7
7 13 18 20 
5
11 20 0 
5
1 10 12 15 
5
2 21 
3
0 
6
2 11 20 22 
5
20 1 
6
3 16 20 1 1 saa 1 1 D935563166

5
13 20 
5
1 10 12 15 
3
7 21 2 
5
20 1 
6
2 11 20 22 
6
11 20 21 
6
2 11 20 22 
5
1 10 12 15 
4
1 4 2 
4
1 4 2 
6
2 11 20 22 
4
1 4 2 
4
1 4 2 
5
20 1 
1
12 
6
2 11 20 22 
4
1 4 2 
4
1 3 1 
6
2 11 20 22 
3
0 
5
21 
5
1 10 12 15 
5
9 20 1 
3
7 21 2 
6
11 20 21 
5
1 10 12 15 
5
1 10 12 15 
3
1 3 1 
3
7 2 
3
7 2 
4
19 
4
1 10 
4
4 
5
1 10 12 15 
5
17 0 
3
0 
5
1 10 12 15 
3
1 3 1 
4
17 0 
5
1 10 12 15 
4
1 3 1 
4
1 3 16 1 
5
1 10 12 15 
6
14 20 21 
5
1 10 12 15 
5
0 9 14 
6
2 14 22 
4
1 3 1 
4
1 4 2 
5
1 10 12 15 
5
1 10 12 15 
5
7 21 
5
11 20 0 
4
19 
5
20 1 
4
1 3 1 
4
1 4 2 
3
0 
4
4 
9
11 13 16 16 saa 16 16 D935730746
18 1 
4

4
1 3 1 
5
1 10 12 15 
5
21 
5
7 19 21 
5
3 4 saa 4 3 D935753044
0 
4
19 
4
1 3 1 
6
2 11 20 22 
4
1 3 1 
4
1 3 1 
4
1 3 1 
6
2 11 20 22 
5
1 10 12 15 
5
20 1 
6
2 14 22 
4
1 3 1 
4

5

5
1 10 12 15 
5
20 1 
4
1 3 1 
5
4 
5
1 10 12 15 
5
1 10 12 15 
4
1 3 1 
5
1 10 12 15 
5
1 10 12 15 
3
7 21 2 
6
21 
5
17 18 
5
1 3 4 saa 4 3 D935820645
1 
5
0 20 1 
5
1 10 12 15 
6
11 20 21 
5
3 4 saa 4 3 D935844582
0 
5
4 
5
1 10 12 15 
4

5
1 10 12 15 
5
1 10 12 15 
5
2 22 
5
1 10 12 15 
3
1 3 1 
5
0 20 1 
4
1 3 4 saa 4 3 D935872817
1 
5
20 1 
4
1 3 1 
4
1 3 1 
4

4
1 10 
5
4 
3
7 21 2 
5
1 10 12 15 
3
0 
5
1 10 12 15 
4
1 3 1 
5
1 10 12 15 
3
1 3 1 
4
11 21 
4
1 3 1 
5
20 1 
6
2 11 20 22 
5
1 10 12 15 
5
1 10 12 15 
5
1 10 12 15 
6
11 14 20 21 
4
1 10 
5
1 10 12 15 
4
13 
5
1 10 12 15 
6
2 11 20 22 
6
2 11 20 22 
5
20 1 
5
1 10 12 15 
4
19 
4

3
7 2 
4
1 3 1 
5
19 
5
1 10 12 15 
5
1 10 12 15 
4
1 4 2 
4
4 
6
2 11 20 22 
6
2 11 20 22 
6
2 11 20 22 
5
17 18 0 
6
2 11 20 22 
6
3 16 20 1 1 saa 1 1 D935983641

4
10 
5
20 1 
3
1 3 1 
5
2 21 
5
3 4 saa 4 3 D935990502
0 
3
3 7 18 
4
1 3 1 
5
7 10 
5
7 21 
4
1 3 1 
4

5
3 20 22 
5
20 1 
4

5
1 10 12 15 
5
1 10 12 15 
5
21 
5
1 10 12 15 
4

5
19 21 
5
21 
4

5
1 10 12 15 
5
1 10 12 15 
6
14 
5
1 10 12 15 
4

4
1 4 2 
4
1 3 1 
4
1 3 1 
6
11 20 21 
3
7 2 
6
2 11 20 22 
4
19 
4
1 3 1 
5
1 10 12 15 
5
20 1 
6
2 11 20 22 
5
2 6 9 10 saa 10 9 D936119221

4
17 0 
5

3
7 2 
5
4 
5
7 10 
5
20 1 
5
1 10 12 15 
4
19 
4
1 3 1 
5
2 21 
4
1 3 1 
4
1 10 
5
20 1 
4
1 3 1 
5
1 10 12 15 
4
4 
5
0 20 1 
6
2 11 20 22 
5
1 10 12 15 
4
1 10 
3
3 
4
11 
5
2 22 
3
0 
5
7 21 
5
1 10 12 15 
4
1 4 2 
6
2 11 20 22 
4
2 3 20 
6
0 5 13 20 
4
19 
3
3 
4

9
11 13 16 18 1 
4

3
1 3 1 
5
1 10 12 15 
4
19 
6
17 18 0 
4
10 
6
2 11 20 22 
5
1 10 12 15 
3
1 3 1 
4
19 
5

5
21 
3
0 
5
1 10 12 15 
4
1 4 2 
4
3 11 20 
5
3 20 1 1 saa 1 1 D936353814

5
8 
5
1 10 12 15 
6
2 8 22 1 
6
2 11 20 22 
5
3 4 saa 4 3 D936372310
0 
5
20 1 
6
20 1 
6
14 
4
1 3 1 
3
1 3 1 
6
2 14 22 
4
21 
3
1 3 1 
5
20 1 
5
20 1 
4
19 
5
1 10 12 15 
5
1 10 12 15 
5
21 
6
14 
5
19 
4
1 3 1 
5
1 10 12 15 
5
9 14 
3

5
17 
5
1 10 12 15 
5
20 1 
6
2 11 20 22 
4

4
1 4 2 
5
3 20 1 1 saa 1 1 D936532822

5
19 21 
4
1 3 1 
5
19 
5

4
7 21 
3
3 
6
11 20 21 
4
7 21 
6
0 9 13 
3
19 
4
21 
4

4
19 
3
1 3 1 
3
1 3 1 
4
19 
5
20 1 
3
0 
5
20 1 
5
1 10 12 15 
5
21 
5
20 1 
4

4
1 4 2 
4
19 
6
2 11 20 22 
3
1 3 1 
6
2 8 22 1 
6
2 11 20 22 
4
1 10 
5
1 10 12 15 
4
1 3 1 
4
1 3 1 
4
21 
6
10 20 22 
3
19 
4
7 21 
4

5
1 10 12 15 
5
0 20 1 
5
1 10 12 15 
4
10 
4
1 3 1 
5
1 10 12 15 
5
1 10 12 15 
5
1 10 12 15 
5
0 20 1 
6
0 14 
5

3
1 3 1 
6
2 14 22 
5
20 1 
4
19 
4

4
7 
4
7 21 
4
19 
6
2 8 22 1 
5
21 
4

5
4 
6
2 11 20 22 
5
20 1 
4
10 
3
19 
5
1 10 12 15 
4
19 
5
3 20 1 1 saa 1 1 D936975856

5
20 1 
5
20 1 
6
3 0 
5
1 10 12 15 
3
0 
5
1 10 12 15 
4
19 
5
8 
5
20 1 
3
1 3 1 
4
3 
5
20 20 saa 20 20 D937102709
1 
5
9 14 
5
7 21 
6
3 0 
5
7 11 19 
5
4 8 
5
3 4 saa 4 3 D937152003
0 
4
10 
5
1 10 12 15 
5
21 
4
7 11 21 
5
7 21 
6
2 11 20 22 
5
21 
6
3 16 20 1 1 saa 1 1 D937265211

4
19 
5
2 6 9 10 saa 10 9 D937280476

4

3
1 3 1 
4
3 0 
5

5
17 18 
3
1 3 1 
5
1 10 12 15 
3
7 2 
5
2 4 21 
5

4

9
11 16 18 1 1 saa 1 1 D937506103

4
1 4 2 
4
1 4 2 
4
19 
5
1 3 15 1 
3
3 
4
19 
6
14 
4
1 10 
5
9 20 1 
5
17 18 0 
3
19 
2

2

5
21 1 
4
1 10 
5
4 
4
19 
3
1 3 1 
4
1 3 1 
5
20 1 
5
20 1 
3
3 
5

4
7 21 
5
20 1 
5
1 10 12 15 
5
20 1 
5
20 1 
5
1 10 12 15 
5
7 19 21 
5
1 10 12 15 
4

4
19 
4
19 
5
21 
5
8 
2
3 12 
3
19 
5
1 10 12 15 
3

5

5
19 
5
11 21 
5
1 10 12 15 
5
1 10 12 15 
5
1 10 12 15 
6
2 11 20 22 
5
1 10 12 15 
4
3 0 
5
21 
5
20 1 
3
7 21 2 
5
4 
5
9 14 
5
20 1 
3
3 
6
2 11 20 22 
5
1 10 12 15 
4
1 3 1 
5
1 10 12 15 
2
17 
2
17 
2
17 
2
17 
2
17 
2
17 
2
17 
2
17 
2
17 
2
17 
2
17 
2
17 
2
17 
2
17 
2
17 
2

2

2

2

2

2
17 
2

2
17 
2
17 
2
17 
2
17 
4
7 14 14 saa 14 14 D940011201

4
2 4 19 
7
12 13 saa 13 12 D940011267
20 
4
2 4 19 
5
13 13 saa 13 13 D940011326
15 
6
0 7 12 18 
5
2 6 9 10 saa 10 9 D940011577

7
6 10 16 18 1 
4
2 4 19 
4
3 7 18 
4
3 7 18 
8
0 3 13 16 20 
5
2 6 9 10 saa 10 9 D940011706

4
3 7 12 18 
4
2 4 19 
4
3 12 18 
3
3 7 18 
9
11 13 16 18 1 
9
11 16 18 1 1 saa 1 1 D940011887

5
2 6 10 
9
11 16 18 1 1 saa 1 1 D940011902

4

4
3 7 18 
4
2 4 19 
6
3 12 13 saa 13 12 D940012138
20 
4
3 7 18 
3
3 7 18 
4
3 7 12 18 
4
2 6 10 16 
4
3 12 18 
5
2 6 9 10 saa 10 9 D940012286

8
11 16 18 21 1 1 saa 1 1 D940012345

6
0 7 13 
4
2 6 10 16 
6
0 7 12 18 
5
2 6 9 10 saa 10 9 D940012529

3
2 6 10 
4
13 
4
2 4 19 
5
13 13 saa 13 13 D940012792
15 
9
11 16 18 1 1 saa 1 1 D940012828

4
2 4 19 
5
4 13 
5
13 13 saa 13 13 D940012909
15 
4
2 6 10 16 
5
2 2 saa 2 2 D940012965
6 9 10 saa 10 9 D940012965

8
11 16 18 21 1 1 saa 1 1 D940012998

9
11 16 18 1 1 saa 1 1 D940013032

4
3 7 18 
6
13 13 saa 13 13 D940013098
15 16 saa 16 15 D940013098

4
2 6 10 
6
13 16 20 
4
3 7 18 
4
2 6 9 10 saa 10 9 D940013168

5
11 13 13 saa 13 13 D940013179
15 
4
3 7 18 
3
2 6 10 
4
2 6 9 10 saa 10 9 D940013261

5
2 6 9 10 saa 10 9 D940013283

5
2 6 10 14 
3
7 12 18 
5
2 6 9 10 saa 10 9 D940013467

5
2 6 9 10 saa 10 9 D940013478

6
0 7 12 18 
6
0 7 1 
8
2 6 10 16 18 1 
4
3 7 12 18 
4
2 4 19 
3
9 
4
3 7 18 
5
2 2 saa 2 2 D940013766
6 9 10 saa 10 9 D940013766

4
2 4 19 
3
3 7 18 
6
3 13 20 
4
7 14 14 saa 14 14 D940013906

4
2 4 19 
6
0 7 12 18 
8
2 6 10 16 18 1 
6
0 7 12 18 
4
2 4 19 
5
3 7 12 18 
6
13 20 
6
13 14 saa 14 13 D940014154
20 
4
3 12 18 
4
2 4 19 
9
11 13 16 16 saa 16 16 D940014305
18 1 
6
2 6 10 1 
4
2 4 19 
5
2 6 9 10 saa 10 9 D940014453

4
3 12 18 
9
11 16 16 saa 16 16 D940014501
18 1 1 saa 1 1 D940014501

9
11 16 16 saa 16 16 D940014545
18 1 1 saa 1 1 D940014545

5
2 6 9 10 saa 10 9 D940014578

9
11 13 16 16 saa 16 16 D940014590
18 1 
6
0 7 13 
7
0 3 5 16 1 
9
11 16 18 1 1 saa 1 1 D940014729

4
2 4 19 
6
13 13 saa 13 13 D940014774
15 16 saa 16 15 D940014774

4
2 4 19 
4
2 6 10 
3
2 6 10 
5
2 6 9 10 saa 10 9 D940014877

8
0 13 15 16 saa 16 15 D940014888
18 1 
3
2 6 10 
4
2 4 19 
4
3 7 18 
6
0 7 13 
4
2 6 9 10 saa 10 9 D940015070

6
0 9 13 
6
0 5 7 
4
2 6 10 
4
2 6 10 
5
2 6 10 14 
4
2 4 19 
6
0 9 13 
5
2 6 9 10 saa 10 9 D940015405

3
9 
4
13 13 saa 13 13 D940015531
15 
9
11 16 18 1 1 saa 1 1 D940015564

5
2 6 10 
8
0 13 15 16 saa 16 15 D940015678
18 1 
4
2 6 10 
7
0 3 13 16 1 
4
2 4 19 
4
3 7 18 
5
2 6 9 10 saa 10 9 D940015841

6
0 7 12 18 
6
13 13 saa 13 13 D940015885
15 16 saa 16 15 D940015885

8
11 13 16 18 1 
5
2 6 9 10 saa 10 9 D940015900

6
13 13 saa 13 13 D940015911
15 16 saa 16 15 D940015911

6
13 13 saa 13 13 D940015988
15 16 saa 16 15 D940015988

4
3 7 12 18 
5
2 6 10 
4
3 7 18 
3
2 6 10 
6
0 7 13 
6
0 7 12 18 
6
0 7 12 18 
3
7 14 18 
4
3 7 18 
4
3 7 18 
7
6 10 16 18 1 
5
2 6 10 
4

4
1 
4

4
3 7 18 
3
3 7 18 
7
0 3 13 16 1 
8
11 13 16 18 20 1 
4
2 4 19 
6
0 7 12 18 
4
2 4 19 
5
2 6 10 
5
13 15 18 1 
8
2 6 10 16 18 1 
8
11 13 16 18 18 saa 18 18 D940016767
1 
7
3 12 13 saa 13 12 D940016789
20 
4
2 6 10 16 
3
2 6 10 
5
2 6 9 10 saa 10 9 D940016837

5
13 
5
2 6 10 13 
3
2 6 10 
6
0 9 13 
6
0 9 13 
8
11 13 16 18 18 saa 18 18 D940017085
1 
4

4
3 7 12 18 
9
11 13 16 16 saa 16 16 D940017188
18 1 
5
2 6 9 10 saa 10 9 D940017236

5
2 6 9 10 saa 10 9 D940017281

6
0 7 13 
9
11 13 16 18 1 
8
2 6 10 16 18 1 
4
7 14 14 saa 14 14 D940017421

4
3 7 12 18 
6
13 13 saa 13 13 D940017487
15 16 saa 16 15 D940017487

5
13 13 saa 13 13 D940017502
15 20 
8
11 16 18 1 1 saa 1 1 D940017524

6
0 7 12 18 
5
2 6 9 10 saa 10 9 D940017546

4
7 14 14 saa 14 14 D940017568

5
2 6 9 10 saa 10 9 D940017591

6
0 7 13 
3
2 6 10 
9
11 13 16 18 1 
8
2 6 10 16 18 1 
8
11 16 18 20 1 1 saa 1 1 D940017845

4
2 6 10 16 
5
13 13 saa 13 13 D940017878
15 
4
3 7 12 18 
4
3 7 14 18 
7
11 16 18 1 1 saa 1 1 D940017982

5
2 2 saa 2 2 D940018060
6 10 20 
7
11 13 16 18 1 
5
2 6 10 
4
13 13 saa 13 13 D940018222
15 
4
3 7 12 
4
2 6 10 16 
9
11 16 16 saa 16 16 D940018288
18 1 1 saa 1 1 D940018288

4
2 6 9 10 saa 10 9 D940018299

4
2 4 19 
4
3 7 18 
5
2 6 10 
6
13 13 saa 13 13 D940018406
15 16 saa 16 15 D940018406

9
11 13 16 16 saa 16 16 D940018428
18 1 
4
2 4 19 
4
2 9 
4
2 4 19 
8
11 16 18 21 1 1 saa 1 1 D940018473

9
11 13 16 16 saa 16 16 D940018484
18 1 
8
11 16 18 1 1 saa 1 1 D940018495

9
11 16 18 1 1 saa 1 1 D940018521

5
7 13 15 1 
4
2 4 19 
4

5
0 7 12 18 
4
2 4 19 
5
7 13 13 saa 13 13 D940018783
15 
5
13 13 saa 13 13 D940018794
15 
8
11 13 16 18 22 1 
8
11 16 18 21 1 1 saa 1 1 D940018820

5
5 7 13 15 
6
0 7 13 
8
11 13 16 18 1 
5
2 6 10 10 saa 10 10 D940019012

8
0 13 15 16 saa 16 15 D940019045
18 1 
4
13 13 saa 13 13 D940019067
15 
6
3 13 20 
4
3 7 12 18 
4
13 
3
2 6 10 
6
2 6 10 18 
5
2 2 saa 2 2 D940019252
6 10 20 
5
2 6 10 
3
2 6 10 
8
11 16 18 1 1 saa 1 1 D940019377

5
2 6 9 10 saa 10 9 D940019403

8
2 6 10 16 18 1 
9
11 16 18 1 1 saa 1 1 D940019469

4
2 4 19 
7
11 13 16 18 1 
4
13 15 16 saa 16 15 D940019584

9
11 16 18 1 1 saa 1 1 D940019654

5
2 6 9 10 saa 10 9 D940019676

5
2 6 9 10 saa 10 9 D940019687

6
2 6 10 16 21 
5
2 6 9 10 saa 10 9 D940019724

4
3 7 12 18 
8
2 6 10 16 18 1 
6
2 10 13 20 
6
5 11 13 15 
9
11 16 16 saa 16 16 D940019920
18 20 1 1 saa 1 1 D940019920

5
11 13 13 saa 13 13 D940019975
15 
6
3 13 20 
4
2 4 19 
6
3 13 18 20 
8
11 16 18 20 1 1 saa 1 1 D940020096

4
3 7 12 18 
8
0 13 15 16 saa 16 15 D940020122
18 1 
4
7 12 18 
4
3 12 18 
8
4 13 16 20 
6
13 13 saa 13 13 D940020281
15 16 saa 16 15 D940020281

4

9
11 16 18 1 1 saa 1 1 D940020317

4
2 6 10 
9
11 16 18 1 1 saa 1 1 D940020362

3
2 6 10 
7
2 6 10 16 1 
6
2 6 9 10 saa 10 9 D940020410
16 
8
11 16 18 21 1 
6
13 13 saa 13 13 D940020502
13 saa 13 13 D940020502
15 20 
5
13 13 saa 13 13 D940020513
15 20 
3
3 14 18 
8
0 13 15 16 saa 16 15 D940020535
18 1 
5
7 13 13 saa 13 13 D940020557
15 
4
2 6 10 16 
9
11 16 18 1 1 saa 1 1 D940020638

6
0 7 13 
5
5 13 15 
5
2 6 9 10 saa 10 9 D940020694

4
2 6 9 10 saa 10 9 D940020708

5
4 
8
0 15 16 saa 16 15 D940020797
18 1 1 saa 1 1 D940020797

4
7 14 14 saa 14 14 D940020823

3
7 18 
4
3 7 18 
5
3 7 12 18 
3
2 
5
0 7 18 
5
3 13 13 saa 13 13 D940020959
15 
4
13 20 
9
11 16 16 saa 16 16 D940020971
18 1 1 saa 1 1 D940020971

4
3 7 18 
4
2 4 19 
4
3 7 18 
3
2 6 10 
4
7 14 14 saa 14 14 D940021185

6
0 7 13 
4
2 4 19 
4
2 
9
11 16 18 1 1 saa 1 1 D940021347

4
3 7 18 
6
0 7 12 18 
7
4 13 20 
6
0 7 13 
9
11 13 16 18 1 
3
2 6 10 
3
3 14 18 
7
2 6 10 16 18 1 
6
0 7 13 
4
2 6 10 16 
6
3 13 20 
3
2 6 10 
4
13 
4
2 4 19 
4
2 4 19 
6
0 7 13 
5
2 2 saa 2 2 D940021761
6 9 10 saa 10 9 D940021761

4
13 13 saa 13 13 D940021772
15 
4
2 4 19 
4
3 7 12 18 
6
13 13 saa 13 13 D940021886
15 16 saa 16 15 D940021886

9
11 16 18 1 1 saa 1 1 D940021901

4
3 7 18 
7
9 13 18 20 
3
3 14 18 
9
11 13 16 18 1 
4
2 4 19 
7
3 12 13 saa 13 12 D940022104
20 
4
2 4 19 
5
13 13 saa 13 13 D940022182
15 
8
11 13 16 18 22 1 
5
5 7 13 15 
6
0 7 12 18 
4

6
13 20 21 
7
6 10 16 18 1 
8
10 13 16 18 1 1 saa 1 1 D940022355

4
13 
8
0 13 15 16 saa 16 15 D940022458
18 1 
4
2 6 9 10 saa 10 9 D940022492

4
13 
4
13 13 saa 13 13 D940022562
15 
6
13 13 saa 13 13 D940022609
15 16 saa 16 15 D940022609

4
3 7 18 
5
5 13 15 
4

6
13 20 1 
4
5 13 15 
3
3 7 18 
4
13 13 saa 13 13 D940022791
15 
4
5 13 15 
3
7 18 
4
13 13 saa 13 13 D940022894
15 
4
4 
4
2 4 19 
5
2 2 saa 2 2 D940022953
6 10 20 
6
0 7 12 18 
4
5 
3
2 6 10 
8
6 11 16 18 1 1 saa 1 1 D940022997

4
13 
4
2 4 19 
4

6
2 6 9 10 saa 10 9 D940023064
1 
6
0 7 12 18 
6
0 3 7 
4
7 12 18 
4
2 4 19 
4
0 4 
7
0 3 13 16 1 
6
0 7 12 18 
5
2 6 10 
6
0 7 12 18 
5
13 13 saa 13 13 D940023503
15 20 
3
2 6 10 
4

9
11 16 18 1 1 saa 1 1 D940023569

9
11 13 16 18 1 
9
11 16 18 1 1 saa 1 1 D940023617

3

3
2 6 10 
4
2 4 19 
4
7 12 18 
8
0 13 15 16 saa 16 15 D940023743
18 1 
6
13 13 saa 13 13 D940023787
15 16 saa 16 15 D940023787

3
9 
6
13 13 saa 13 13 D940023802
15 16 saa 16 15 D940023802

4
3 7 14 18 
4
2 4 19 
4
2 4 19 
9
11 16 18 1 1 saa 1 1 D940024005

4
3 7 12 18 
4
2 4 19 
4
13 13 saa 13 13 D940024094
15 
3
3 7 18 
4
1 
5
13 13 saa 13 13 D940024197
15 
4
7 14 18 
6
0 7 18 
4
7 12 18 
4
13 13 saa 13 13 D940024304
15 
8
2 6 10 16 18 1 
8
11 13 16 18 1 
6
13 15 16 saa 16 15 D940024359
1 
3
9 
4
2 4 19 
6
3 13 20 
6
0 5 7 
3
11 
4

4
13 13 saa 13 13 D940024533
15 
7
2 6 10 13 20 
4
13 13 saa 13 13 D940024647
15 
5
2 6 9 10 saa 10 9 D940024669

4
2 4 19 
9
11 13 16 16 saa 16 16 D940024692
18 1 
4
2 4 19 
9
11 13 16 18 1 
6
0 7 12 18 
5
2 6 9 10 saa 10 9 D940024739

7
0 4 9 13 16 
4
3 7 12 18 
5
11 13 13 saa 13 13 D940024865
15 
9
11 16 16 saa 16 16 D940024887
18 1 1 saa 1 1 D940024887

8
6 11 16 18 1 1 saa 1 1 D940024898

6
0 7 13 
6
0 9 13 
6
13 13 saa 13 13 D940024946
15 16 saa 16 15 D940024946

4
9 
6
0 7 13 
6
0 7 12 18 
4
3 7 12 18 
4
2 6 10 16 
5
13 13 saa 13 13 D940025091
15 
4
3 7 12 18 
4
2 4 19 
4
2 6 10 16 
4
2 6 10 16 
4
3 7 18 
4
3 18 
9
11 16 16 saa 16 16 D940025286
18 1 1 saa 1 1 D940025286

6
13 13 saa 13 13 D940025297
15 18 
4
2 6 10 16 
9
11 16 18 1 1 saa 1 1 D940025389

7
7 13 18 20 
4
2 4 19 
5
13 13 saa 13 13 D940025459
15 
7
13 18 20 
4
2 4 19 
8
11 16 18 1 1 saa 1 1 D940025507

7
13 16 18 20 
5
13 13 saa 13 13 D940025563
15 
6
0 7 12 18 
4
3 7 18 
6
13 18 20 
3
2 6 10 
5
7 13 13 saa 13 13 D940025725
15 
4
2 4 19 
9
11 13 16 16 saa 16 16 D940025839
18 1 
6
0 7 13 
4
2 4 19 
6
2 6 10 20 
4
13 13 saa 13 13 D940026009
15 
9
11 13 16 16 saa 16 16 D940026102
18 1 
4

3
7 14 18 
3
7 18 
4
2 4 19 
6
0 7 12 18 
4
2 4 19 
6
0 9 13 
3
3 7 18 
4
2 6 10 16 
4
2 4 19 
6
0 7 13 
8
11 16 18 18 saa 18 18 D940026386
1 1 saa 1 1 D940026386

8
0 15 16 saa 16 15 D940026401
18 1 1 saa 1 1 D940026401

5
2 6 10 10 saa 10 10 D940026423

7
2 6 10 16 18 1 
4
3 7 18 
4
7 12 18 
8
0 13 15 16 saa 16 15 D940026629
18 1 
4
2 4 19 
5
2 6 9 10 saa 10 9 D940026685

8
11 13 16 18 1 
7
6 10 16 18 1 
8
0 13 15 16 saa 16 15 D940026711
18 1 
9
11 16 18 1 1 saa 1 1 D940026744

4
2 4 19 
5
2 6 9 10 saa 10 9 D940026814

4
13 13 saa 13 13 D940026825
15 
6
3 13 20 
5
13 13 saa 13 13 D940026869
15 
4
3 18 
4
7 14 14 saa 14 14 D940026928

3
3 7 18 
9
0 11 16 18 1 1 saa 1 1 D940026973

9
11 13 16 18 1 
4
3 7 12 18 
9
11 13 16 18 1 
7
0 3 13 16 1 
4

3
3 7 14 
6
2 6 10 1 
5
13 13 saa 13 13 D940027246
15 
4
7 12 
6
13 13 saa 13 13 D940027291
15 16 saa 16 15 D940027291

6
0 7 12 18 
4

7
11 13 16 18 1 
7
11 13 16 18 1 
4
3 7 12 18 
6
0 7 12 18 
4
2 6 9 10 saa 10 9 D940027534

4
2 6 10 16 
4
3 7 14 
6
3 13 20 
5
1 2 saa 2 1 D940027785
4 6 10 
5
2 6 9 10 saa 10 9 D940027796

4
2 6 9 10 saa 10 9 D940027800

6
13 13 saa 13 13 D940027855
15 16 saa 16 15 D940027855

5
3 13 13 saa 13 13 D940027866
15 
7
0 7 12 16 18 
9
11 13 16 18 1 
4
2 4 19 
4
2 4 19 
4
2 4 19 
6
13 13 saa 13 13 D940028036
15 16 saa 16 15 D940028036

5
2 2 saa 2 2 D940028058
6 9 10 saa 10 9 D940028058

6
13 13 saa 13 13 D940028106
15 
9
11 13 16 18 1 
5
5 13 15 
4

4
3 7 18 
4
2 4 19 
6
3 12 13 saa 13 12 D940028276
20 
5
2 6 9 10 saa 10 9 D940028298
20 
4
21 
8
0 15 16 saa 16 15 D940028368
18 1 1 saa 1 1 D940028368

4
13 13 saa 13 13 D940028379
15 
4
3 7 12 18 
4
13 13 saa 13 13 D940028416
15 
6
2 6 9 10 saa 10 9 D940028449
16 1 
7
13 13 saa 13 13 D940028450
18 20 
9
11 13 16 18 1 
9
11 13 16 18 21 1 
5
2 6 9 10 saa 10 9 D940028519

4
13 13 saa 13 13 D940028520
15 
4

4
7 14 14 saa 14 14 D940028601

8
0 13 15 16 saa 16 15 D940028623
18 1 
3
9 
5
2 6 9 10 saa 10 9 D940028704

3
7 18 
5
13 13 saa 13 13 D940028829
15 21 
4
2 6 9 10 saa 10 9 D940028841

7
2 6 10 13 20 
7
12 13 saa 13 12 D940028977
20 
8
2 6 10 16 18 1 
7
2 6 10 13 20 
8
13 16 20 
4
2 6 10 16 
4

4
2 4 19 
6
13 13 saa 13 13 D940029136
15 16 saa 16 15 D940029136
1 
4
2 4 19 
4
3 7 18 
4

5
5 7 13 15 
9
11 16 16 saa 16 16 D940029310
18 1 1 saa 1 1 D940029310

4
13 15 1 
3
2 6 10 
4
7 14 14 saa 14 14 D940029376

6
0 7 12 18 
4
2 4 19 
4
2 4 19 
4
2 6 9 10 saa 10 9 D940029468

4
2 4 19 
6
0 7 12 18 
9
11 16 18 1 1 saa 1 1 D940029583

6
3 13 20 
4

4

7
2 6 10 13 20 
5
2 6 9 10 saa 10 9 D940029686

4
2 4 19 
5
7 13 13 saa 13 13 D940029701
15 
4
2 4 19 
4
2 4 19 
5
13 13 saa 13 13 D940029767
15 
5
13 13 saa 13 13 D940029790
15 
4
3 7 14 18 
4
6 13 
3
2 6 10 
6
0 7 12 18 
8
11 13 16 18 21 1 
6
0 7 12 18 
4
7 14 14 saa 14 14 D940029952

5
3 13 13 saa 13 13 D940029963
15 
5
2 6 9 10 saa 10 9 D940030028

6
13 13 saa 13 13 D940030039
15 1 
5
5 7 13 15 
8
0 13 15 16 saa 16 15 D940030213
18 1 
4
3 9 15 
5
2 6 9 10 saa 10 9 D940030291

4
2 6 10 16 
4

8
13 13 saa 13 13 D940030442
16 18 1 
6
0 9 13 
6
0 7 12 18 
4
3 18 
3
2 6 10 
7
12 13 saa 13 12 D940030578
20 
4
13 13 saa 13 13 D940030589
15 
6
0 7 13 
9
11 16 18 1 1 saa 1 1 D940030660

9
11 13 16 18 1 
6
3 13 20 
5
9 13 13 saa 13 13 D940030785
15 
6
0 7 13 
4
2 4 19 
5
2 6 10 10 saa 10 10 D940030903

4
2 4 19 
3
7 14 18 
4
13 13 saa 13 13 D940030947
15 
4
21 
6
0 3 7 12 
8
0 13 15 16 saa 16 15 D940031069
18 1 
9
11 13 16 18 1 
8
0 13 15 16 saa 16 15 D940031117
18 1 
5
3 13 13 saa 13 13 D940031140
15 
4
3 7 18 
6
13 20 
4
3 7 18 
5
16 
4

4
2 4 19 
4
2 4 19 
6
13 20 
4
3 7 12 18 
9
11 13 16 16 saa 16 16 D940031494
18 1 
6
0 3 7 12 
4
3 7 18 
3
7 18 
7
2 6 10 16 18 1 
4
3 7 18 
4
3 7 18 
5
1 2 saa 2 1 D940031896
4 6 10 
4
3 7 12 18 
5
13 13 saa 13 13 D940031955
15 20 
5
3 13 13 saa 13 13 D940032077
15 
4
2 4 19 
6
3 13 20 
3
3 7 18 
9
11 13 16 16 saa 16 16 D940032240
18 1 
4
7 12 18 
5
2 6 10 
5
13 13 saa 13 13 D940032343
15 
4
2 6 10 16 
4

4

4
3 7 18 
9
11 13 16 16 saa 16 16 D940032538
18 1 
6
0 7 13 
4
2 4 19 
4

4

6
5 13 20 
7
0 3 5 16 1 
6
0 5 7 
5
5 13 15 
5
5 13 15 
4
3 7 18 
4

4
2 4 19 
4
2 4 19 
4
2 6 10 16 
6
13 13 saa 13 13 D940033052
15 16 saa 16 15 D940033052

6
3 12 13 saa 13 12 D940033096
20 
5
5 13 15 
3
2 6 10 
7
12 13 saa 13 12 D940033188
18 20 
6
5 13 15 16 saa 16 15 D940033236
1 
5
3 4 saa 4 3 D940033269
16 18 
4
1 4 
4
2 4 19 
6
9 13 20 
6
0 7 13 
7
0 3 5 16 1 
4
3 7 12 18 
9
11 13 16 18 1 
6
0 7 12 18 
4
2 4 19 
4
2 4 19 
4
2 4 19 
4
2 6 10 
6
0 5 7 
6
13 18 20 
6
3 13 20 
3
7 12 18 
4
2 6 9 10 saa 10 9 D940033971

4
3 7 18 
5
2 6 10 
4
2 4 19 
4
2 4 19 
4
2 4 19 
6
0 9 13 
4
2 4 19 
4
3 12 18 
9
11 13 16 18 1 
8
0 13 15 16 saa 16 15 D940034602
18 1 
6
4 5 saa 5 4 D940034705
13 15 
4
3 7 12 18 
6
0 5 7 
4
3 7 12 18 
4

6
0 7 12 18 
5
3 7 18 
5
3 13 13 saa 13 13 D940035078
15 
3
3 16 18 
3
3 7 18 
5
5 13 15 
4
3 7 18 
5
13 13 saa 13 13 D940035492
15 
3
9 
4
3 7 12 18 
3
3 7 18 
8
11 16 18 20 1 1 saa 1 1 D940035621

9
11 16 16 saa 16 16 D940035676
18 1 1 saa 1 1 D940035676

4

6
0 9 9 saa 9 9 D940035702
13 
5
5 13 15 
4
3 12 18 
4
3 18 
4
2 4 19 
4
2 4 19 
4
2 4 19 
8
11 16 18 21 1 1 saa 1 1 D940036123

8
11 13 16 18 1 
4
13 13 saa 13 13 D940036282
15 
4

7
13 20 21 
4

4
13 
4
2 4 19 
5
11 13 15 1 
4

5
13 13 saa 13 13 D940036547
15 
4
3 10 12 18 
6
0 3 5 7 
4
21 
4
3 13 18 
4
3 7 18 
5
5 7 13 15 
3
3 7 18 
4
2 4 19 
4
3 7 12 
4
3 7 12 
4
2 4 19 
6
0 7 13 
4
2 6 10 16 
9
11 13 16 18 1 
6
3 13 20 
6
13 20 
4
2 4 19 
3
2 6 10 
4
3 7 12 18 
4
2 4 19 
3
13 15 
3
3 7 18 
4
3 7 12 18 
3
3 7 18 
3
3 14 18 
4
2 4 19 
5
13 13 saa 13 13 D940038367
15 
4
3 14 18 
3
9 
5
7 21 
9
11 16 16 saa 16 16 D940038507
18 1 1 saa 1 1 D940038507

4
2 4 19 
3
3 7 18 
6
0 9 13 
4
2 4 19 
4
2 4 19 
3
20 
5
2 13 20 
9
11 13 16 18 1 
8
11 13 16 18 21 1 
3
2 6 10 
2
17 
4
2 4 19 
4
2 4 19 
3
1 
2
1 
2
1 
3
1 
2
1 
2
1 
3
1 
2
1 
2
1 
3
1 
4
1 
2
1 
2
1 
3
1 
1
1 
3
1 
4
1 
3
1 
2
1 
3
21 
1
1 
3
1 21 
4
13 13 saa 13 13 D940041666
15 
3
1 
5
20 1 
6
2 11 20 22 
3
1 
5
0 20 1 
5
4 8 
3
6 
2
6 
2
6 
5
4 
5
4 8 
5
7 11 21 
5
6 9 
4
6 
3
1 
6
8 14 1 
4
20 1 
2

3
4 
3
1 
1
1 
5
6 9 
3
1 
4
1 21 
2
1 
2
1 
2
1 
2

2
1 
1

2
1 
3
1 
3
1 
2
1 
2
1 
3
1 
3
1 
2
1 
3
1 
2
1 
3
1 
6
20 0 
3
21 0 
5
11 13 1 
1
1 
2
1 
3
1 
1
1 
4
17 
3
1 
4
1 
6
17 18 0 
4
13 
4
21 
2
9 
5
7 13 13 saa 13 13 D940054297
15 
4
2 4 19 
8
13 16 16 saa 16 16 D940054312
18 1 1 saa 1 1 D940054312

4
2 4 19 
9
11 13 16 18 1 
7
13 13 saa 13 13 D940054998
16 18 1 
3
9 
5
4 12 16 
9
11 13 16 18 1 
4
2 4 19 
8
11 13 16 18 1 
6
0 3 16 1 
4
3 0 
3
17 
3
1 
5
2 6 9 10 saa 10 9 D940198960

4
2 6 9 10 saa 10 9 D940330102

4
3 12 18 
2
7 12 
4
2 4 19 
4
2 4 19 
7
7 13 18 20 
4

3
11 
6
0 7 13 
4
2 6 9 10 saa 10 9 D945126005

5
0 3 12 18 
5
13 20 
6
0 7 
4
3 7 18 
7
2 6 10 13 20 
6
3 13 20 
6
13 20 
4

7
13 20 
4
2 4 19 
3
2 6 10 
4
2 4 19 
4

4
2 4 19 
4
2 4 19 
4
7 14 14 saa 14 14 D945693389

6
5 13 15 16 saa 16 15 D945706210

4
3 7 12 18 
5
2 2 saa 2 2 D945767370
6 9 10 saa 10 9 D945767370

5
13 13 saa 13 13 D945829922
15 
4
3 7 12 18 
8
11 13 16 18 20 1 
6
0 7 13 
4
2 4 19 
9
11 13 16 18 1 
6
0 9 13 
6
0 9 13 
6
3 13 20 
4
3 7 12 
5
11 13 13 saa 13 13 D946682869
15 
5
3 7 16 18 
4
3 7 18 
5
13 13 saa 13 13 D947329037
15 
3
3 7 18 
3

5
10 17 
3
6 15 18 
5
10 19 
5
4 11 
5
6 7 saa 7 6 F903934772
10 
5
1 6 9 20 
6
15 18 
2
17 
5
10 17 21 
6
0 6 2 
4

3
4 
6
0 7 10 17 2 
5
10 14 19 
5
1 9 19 20 saa 20 19 F913176782

5
7 10 
4
17 
5
1 9 20 
5
15 18 
5
0 7 10 
5
4 11 
5
11 18 
5
10 19 
6
6 10 
5
2 15 18 
5
11 15 
5
6 17 
5
1 9 20 
5
1 9 9 saa 9 9 F916071394
19 
7
7 
5
1 6 9 
5
0 10 
5
1 9 19 
5
17 
4
7 
6
10 2 
4
10 19 
5
4 10 19 
6
20 2 
5
7 10 2 
5
1 6 9 
4
1 9 
5
1 6 9 20 
5
0 7 10 
5
1 6 9 20 
5
6 10 
6
10 19 
5
1 9 20 
6
6 7 saa 7 6 F916328597
10 
5
2 15 20 
5
1 6 9 
5
0 10 2 
6
6 7 saa 7 6 F916389565
20 
5
1 9 20 
5
10 14 19 
5
6 7 saa 7 6 F916400114
10 14 
5
0 2 
5
6 6 saa 6 6 F916412151
10 
5
2 
4
1 9 
5
10 2 
5
6 10 2 
5
4 10 19 21 
5
1 9 20 
4
1 9 20 
5
2 11 18 
5
1 9 20 
6
0 4 6 15 18 
4
1 17 18 
3
1 9 
4
1 17 
5
4 21 21 saa 21 21 F916524649

5
15 18 
5
0 6 10 
5
2 15 
4
18 20 
4
17 
6
7 2 
6
0 6 10 17 
5
15 18 20 
4
1 9 
4
1 9 20 
4
1 9 
4
15 
5
6 17 
4
1 9 
3
3 5 
5
0 6 10 
5
0 10 
6
7 
5
10 19 21 
6
20 
5
1 6 17 
5
6 7 saa 7 6 F916808468
14 
5
10 19 21 
5
6 10 
5
1 9 
4
17 
5
7 10 
4
1 9 20 
5
1 9 19 20 saa 20 19 F916930792

6
0 10 17 
5
0 2 
4
17 21 
5
10 19 21 
6
0 7 10 21 2 
5
2 20 21 
5
4 10 
5
0 10 2 
4
1 9 
5
6 7 saa 7 6 F917127982
14 
5
18 
6
15 17 18 
5

5
1 6 9 
5
2 11 15 
5
10 14 19 
5
2 18 
4
17 
5
2 20 
5
7 10 
5
1 9 
4
1 9 
6
0 7 10 
6
0 7 17 2 
6
6 2 
6
0 10 2 
6
0 10 17 2 
5
4 10 19 
5
4 10 
5
2 15 18 
5
0 9 10 saa 10 9 F917722282

5
2 11 18 
5
10 12 19 
5
1 6 9 
6
6 15 20 
5
6 17 
5
6 7 saa 7 6 F920010495
10 14 
5
1 17 
5
6 7 saa 7 6 F920022786
14 
5
1 17 
5
2 6 21 
5
2 20 21 
6
0 6 7 saa 7 6 F920059357
10 
6
0 7 10 
5
2 20 21 
4
0 6 
5
2 20 21 
4
1 17 20 
5
2 20 21 
6
0 7 10 
4
4 20 
6
0 7 10 
5
2 20 21 
6
0 10 2 
6
4 18 
5
6 11 15 18 
5
10 19 21 
5
2 6 21 
6
0 7 10 
6
0 10 15 21 
5
17 
5
6 7 saa 7 6 F920144826
14 
5
3 5 15 
4
17 
4
10 15 2 
5
15 18 
5
1 
5
15 20 
5
17 
6
0 17 2 
5
10 14 
6
0 10 2 
5
2 20 21 
5
17 
6
0 10 21 2 
4
2 21 
5
2 20 21 
5
6 15 20 
4

5
15 18 20 
5
17 
6
7 10 20 
4
2 21 
5
2 20 21 
3
4 6 
4
17 18 
5
1 
6
0 6 7 saa 7 6 F920236338
10 
5
11 15 17 
4
2 21 
5
2 20 21 
6
0 10 
5
2 20 21 
6
0 6 10 2 
5
17 
5
2 10 14 19 
5
15 18 
5
2 21 
5
2 21 
5
10 14 19 
5
2 6 21 
5
2 20 21 
4
10 17 
6
0 6 7 saa 7 6 F920326101
10 
5
17 
4
4 
6
4 
4
6 10 
5
1 17 21 
5
2 10 14 
5
2 20 21 
6
0 7 10 2 
6
15 18 20 
5
2 18 21 
6
0 10 21 2 
5
1 17 
6
0 10 2 
5
1 
5
4 10 19 
5
1 17 
5
4 10 19 
4
17 
1
18 
6
4 18 
5
15 18 
6
0 6 10 
5
2 20 21 
5
11 15 
6
0 7 10 
6
0 6 10 
4
1 4 20 
5
2 20 21 
3
17 
4
4 
5
10 14 21 
7
11 15 18 20 
3
2 17 
5
6 15 20 
5
10 19 
4
2 
5
6 7 saa 7 6 F920560347
14 
4
2 21 
5
17 
5
6 15 20 
5
2 20 21 
6
4 18 
6

3
17 
4
15 17 
5
6 7 saa 7 6 F920613285
10 
5
17 21 
5
6 15 
4
6 10 
5
6 7 saa 7 6 F920625990
10 
4

5
1 17 
5
10 
4
4 
4
6 10 
5
10 19 21 
6
0 6 15 1 
4
2 17 
4
2 17 
6
15 
6
15 17 20 
5
4 11 
6
0 6 7 saa 7 6 F920681941
10 
6
0 6 10 2 
5
2 10 14 14 saa 14 14 F920687655

4
17 
5
17 
5
2 20 21 
5
17 
7
6 15 20 
5
6 17 
6
6 15 18 
5
1 
5
6 7 saa 7 6 F920711857

5
6 7 saa 7 6 F920716483
10 
5
6 7 saa 7 6 F920717778
10 
4
2 17 
4
2 21 
5
9 11 15 17 
5
1 4 
5
10 14 
5
6 7 saa 7 6 F920783119
10 
6
0 10 2 
5
2 20 21 
6
10 2 
5
15 20 
4
2 21 
5
2 20 21 
6
0 3 7 10 
4
2 21 
5
10 19 21 
6
0 6 7 saa 7 6 F920846643

4
17 
5
2 18 21 
6
0 3 10 2 
6
0 10 
6
0 6 10 
5
10 19 21 
4
0 6 10 
6
0 10 15 2 
6
15 17 20 
4
2 21 
5
17 
5
2 20 21 
6
0 6 7 saa 7 6 F920902433
10 
6
1 
5
1 17 
4
17 20 
4
10 2 
6

6
4 17 
5
6 17 
4
0 6 10 
5
2 20 21 
6
0 10 17 2 
6
2 6 15 20 
5
6 7 saa 7 6 F920940930
14 
6
0 10 2 
6

5
1 17 
5
17 
5
2 20 21 
6
6 15 18 20 
5
2 10 14 19 
7
4 9 18 
5
2 20 21 
6
0 10 17 2 
4
10 15 
6
0 6 10 
7
6 11 15 20 
6
0 10 17 2 
6
0 9 
4
7 10 17 
5
1 
5
3 5 15 
6
0 6 10 2 
5
4 11 
4
5 15 
5
2 6 21 
5
2 20 21 
6
0 10 2 
1
18 
5
2 20 21 
5
10 14 19 
4
10 2 
5
2 20 21 
6
0 6 10 
5
6 7 saa 7 6 F921172615
10 
6
0 7 10 
5
15 18 
5
10 19 21 
6
15 20 
5
2 20 21 
5
17 
7
6 11 15 18 20 
4
4 
5
2 20 21 
5
11 15 
5
10 14 
4
0 6 10 
4
0 9 
5
10 14 19 
7
2 15 18 20 
4
2 17 
5
10 19 
5
3 5 15 
5
6 15 18 20 
5
4 10 21 
5
4 11 
5
11 15 
5
2 20 21 
5
6 7 saa 7 6 F921380793
14 
4
2 21 
6
0 3 5 9 
7
4 18 
6
0 6 10 
4
10 17 
4
17 
6
3 15 
5
6 7 saa 7 6 F921432977
10 
5
1 17 
4
1 4 
4
17 
5
6 7 saa 7 6 F921489007
14 
2
15 
5
2 10 19 21 
5
1 17 
6
0 10 2 
6
3 15 
6
4 6 15 21 
5
6 15 20 
4
10 14 14 saa 14 14 F921583143
21 
6
6 7 saa 7 6 F921585206
10 
6
0 6 10 2 
5
6 11 15 
4
15 20 
5
4 10 
7
0 10 18 0 
6
0 6 2 
7
4 18 21 
5
6 17 
5
10 19 
4
2 21 
5
2 20 21 
5
2 20 21 
6
11 15 17 21 
5
2 20 21 
6
0 10 21 
5
2 6 21 
6
0 6 10 17 
5
11 17 
5
6 15 18 
5
6 7 saa 7 6 F921849315
10 14 
7
4 9 18 
4
17 
4
17 18 
4
17 18 
4
1 6 12 
4
4 
7
4 18 
6

5
11 15 18 
5
1 17 
5
10 
6
0 6 10 2 
4
10 17 
7
1 4 18 
6
10 14 
6
1 3 5 10 15 1 
5
6 15 17 18 
4
1 4 6 
4
17 21 
5
17 
5
2 4 10 14 
5
2 10 14 21 
6
6 15 18 20 
5
17 
4
17 
5
17 
6
1 
4
7 10 
4
17 
6
6 11 15 17 
5
10 21 
5
6 7 saa 7 6 F922455599
14 
2
1 
4
17 18 
4
0 6 10 
5
6 7 saa 7 6 F922582770
10 
4
17 
6
1 3 5 10 15 1 
5
6 7 saa 7 6 F922632558
14 
4
17 
6

5

4
2 21 
5
0 6 12 15 
5
10 19 
4
1 17 
6
0 7 17 2 
6
0 4 6 15 18 
5
6 7 saa 7 6 F922854208

5
9 15 20 
4
17 
6
15 20 
4
17 
4
17 
4
2 6 17 
6
15 20 
4
1 17 
6
15 20 
6
0 7 10 
5
2 10 
5
3 5 15 
5
10 19 
5
17 
5
11 15 20 
6
6 15 18 20 
2
10 16 
5
1 4 
4
17 18 
4
4 15 18 
5
10 14 
5
4 11 
5
11 15 20 
5
10 19 21 
5
10 19 
5
0 6 1 
6
11 15 
3
9 
5
6 17 
5
2 20 21 
5
4 15 19 
5
2 21 
5
6 7 saa 7 6 F923721512

5
2 20 21 
5
10 21 
5
17 
5
17 
5
2 6 21 
6
9 10 saa 10 9 F926165748
15 2 
5
17 
5
17 
5
4 11 
5
11 15 
4
2 21 
4
2 21 
4
4 4 saa 4 4 F926253838
10 14 
5
4 10 
5
17 
5
2 9 21 
5
2 21 
7
4 18 21 
5
2 20 21 
5
4 11 
6
6 15 20 
5
15 18 
4
1 6 12 
5
11 15 18 
4
1 4 18 
4
0 6 10 2 
6
1 
5
4 10 21 21 saa 21 21 F926566303

5
10 14 14 saa 14 14 F926616103

5
1 17 
5
4 10 
7
6 11 15 20 
4
10 19 21 
4
17 21 
5
17 
5
10 19 21 
4
17 
5
6 7 saa 7 6 F926951093
10 
3
15 
4
4 
6
15 
5
4 11 
5
2 20 21 
5
2 10 21 
6
4 9 17 
5
4 10 
3
11 
5
10 19 
5
10 21 
5
2 6 21 
1

4
1 6 14 
5
0 6 12 15 18 
6
0 4 6 15 18 
5
4 15 19 
6
0 4 6 15 18 
5
0 6 12 15 18 
5
15 
5
4 15 19 
5
4 15 19 
6
0 6 12 12 saa 12 12 F930228651
15 
6
0 9 18 
5
3 5 15 
5
15 
5
0 6 21 
4
1 6 14 
5
3 5 15 
5
3 5 15 
6
0 6 15 1 
5
4 15 19 
5
0 6 12 15 
6
0 4 6 15 18 
6
3 15 
4
1 4 6 
6
0 4 6 15 18 
4
1 12 
5
15 
5
3 5 9 15 
4
3 9 
6
3 15 
5
0 6 
5
15 
5
0 6 12 15 18 
5
3 5 15 
5
0 6 
6
0 4 6 15 18 
5
0 6 12 15 18 
5
4 15 19 
5
15 
5
0 6 
5
3 5 
5
0 6 12 15 18 
5
0 6 
4
1 6 
4
1 4 14 
5
4 15 19 
5
0 6 12 15 
6
0 4 6 15 18 
5
4 15 19 
5

5
15 
5
0 6 12 15 18 
5
15 
6
3 15 
4
1 4 14 
6
0 4 6 15 18 
5
3 5 15 
5
4 15 19 
5
4 15 19 
4
1 6 12 
5
4 15 19 
5
4 15 19 
5
15 
5
3 5 15 
5
3 5 15 
5
4 15 19 
5
4 15 19 
6
0 4 6 15 18 
5
3 5 15 
5
4 15 19 
5

5
4 15 19 
5
4 15 19 
5
15 
5
15 
5
15 
4
1 4 6 
5
4 15 19 
5
15 
5
4 15 19 
5

5
15 
5
0 6 
5
15 
6
3 15 
4
1 4 6 
5
0 6 
6
2 14 20 
4
1 6 14 
5
15 
5
0 6 12 15 18 
5
15 
5

5
4 15 19 
5
4 15 19 
5
3 5 15 17 
5

1
12 
5
4 15 19 
5
3 5 15 
5
1 4 12 19 
4
1 4 6 
6
0 4 6 15 18 
5
0 6 15 18 
5

5
15 
5
3 5 15 
5
3 5 15 
5
15 
5
3 5 15 17 
5
15 
5
15 
6
0 6 15 1 
5
4 15 19 
5
3 5 15 
5
4 15 19 
3
1 
5
3 5 15 
5
0 6 21 
5
15 
5
4 15 19 
4
9 
5
3 5 15 
5
4 15 19 
5
4 15 19 
5
15 21 1 
5
0 6 1 
5
21 
5
4 15 19 
5
4 15 19 
5
3 5 15 
6
0 4 6 15 18 
6
0 4 6 15 18 
5
2 3 5 15 
6
0 6 12 12 saa 12 12 F935408409
15 18 
5
15 
6
0 4 6 15 18 
6
0 9 
5
15 
4
1 6 12 
6
0 