1 18
1 1
1 146
1 99
1 265
1 106
2 19
2 171
2 113
2 249
2 147
2 200
3 183
3 108
3 233
3 129
3 208
3 264
4 110
4 54
4 270
4 67
4 150
4 231
5 67
5 48
5 127
5 255
5 38
5 178
6 251
6 27
6 18
6 232
6 174
6 153
7 98
7 148
7 164
7 154
7 272
7 192
8 174
8 132
8 98
8 119
8 105
8 242
9 120
9 178
9 123
9 17
9 175
9 93
10 162
10 32
10 13
10 117
10 55
10 222
11 113
11 260
11 15
11 121
11 23
11 105
12 201
12 214
12 68
12 159
12 38
12 168
13 47
13 58
13 82
13 174
13 151
13 83
14 85
14 138
14 208
14 187
14 214
14 140
15 48
15 128
15 89
15 25
15 80
15 260
16 153
16 276
16 250
16 52
16 59
16 220
17 61
17 166
17 143
17 33
17 207
17 99
18 261
18 145
18 173
18 215
18 63
18 72
19 195
19 70
19 23
19 69
19 173
19 169
20 105
20 199
20 118
20 21
20 48
20 165
21 127
21 240
21 67
21 221
21 205
21 168
22 171
22 157
22 86
22 82
22 19
22 29
23 128
23 4
23 160
23 218
23 233
23 30
24 213
24 257
24 168
24 169
24 245
24 202
25 37
25 161
25 83
25 218
25 195
25 247
26 213
26 117
26 108
26 277
26 49
26 54
27 271
27 273
27 244
27 28
27 134
27 3
28 60
28 255
28 273
28 186
28 83
28 133
29 264
29 24
29 121
29 173
29 145
29 84
30 91
30 250
30 149
30 104
30 137
30 70
31 218
31 220
31 176
31 28
31 43
31 31
32 45
32 211
32 27
32 103
32 184
32 113
33 230
33 48
33 232
33 256
33 41
33 196
34 138
34 223
34 19
34 63
34 237
34 260
35 128
35 243
35 257
35 20
35 51
35 173
36 200
36 240
36 16
36 272
36 111
36 172
37 131
37 226
37 247
37 92
37 52
37 108
38 85
38 52
38 240
38 62
38 244
38 28
39 69
39 254
39 108
39 184
39 35
39 245
40 266
40 165
40 70
40 272
40 197
40 131
41 100
41 108
41 27
41 236
41 255
41 87
42 59
42 188
42 39
42 27
42 161
42 112
43 207
43 179
43 236
43 50
43 127
43 87
44 137
44 115
44 192
44 253
44 180
44 64
45 17
45 251
45 212
45 215
45 115
45 49
46 83
46 82
46 150
46 250
46 29
46 153
47 141
47 181
47 143
47 275
47 175
47 90
48 68
48 211
48 138
48 266
48 154
48 239
49 270
49 14
49 47
49 247
49 183
49 260
50 241
50 92
50 83
50 38
50 258
50 137
51 266
51 180
51 43
51 231
51 6
51 268
52 200
52 252
52 16
52 117
52 21
52 40
53 97
53 5
53 80
53 40
53 227
53 63
54 1
54 254
54 242
54 137
54 165
54 74
55 32
55 156
55 108
55 252
55 78
55 13
56 247
56 67
56 2
56 33
56 266
56 27
57 216
57 190
57 78
57 221
57 27
57 61
58 135
58 173
58 192
58 14
58 154
58 124
59 30
59 237
59 23
59 93
59 153
59 162
60 92
60 202
60 224
60 5
60 124
60 29
61 121
61 256
61 225
61 227
61 83
61 230
62 1
62 83
62 49
62 148
62 220
62 65
63 187
63 59
63 50
63 152
63 236
63 200
64 22
64 115
64 150
64 155
64 24
64 270
65 61
65 145
65 220
65 15
65 233
65 173
66 268
66 23
66 180
66 15
66 249
66 34
67 208
67 182
67 132
67 119
67 276
67 91
68 155
68 149
68 178
68 17
68 159
68 1
69 73
69 245
69 56
69 230
69 241
69 205
70 56
70 75
70 58
70 113
70 49
70 215
71 99
71 101
71 215
71 49
71 150
71 14
72 181
72 32
72 99
72 44
72 68
72 23
73 45
73 63
73 266
73 93
73 236
73 164
74 220
74 212
74 78
74 210
74 121
74 108
75 202
75 5
75 125
75 27
75 240
75 29
76 18
76 46
76 170
76 14
76 0
76 2
77 214
77 67
77 29
77 234
77 2
77 143
78 65
78 231
78 163
78 225
78 62
78 133
79 229
79 60
79 221
79 217
79 72
79 46
80 167
80 235
80 2
80 265
80 154
80 52
81 39
81 214
81 272
81 264
81 126
81 153
82 81
82 92
82 100
82 35
82 4
82 94
83 224
83 184
83 146
83 135
83 79
83 208
84 236
84 123
84 204
84 91
84 277
84 66
85 139
85 150
85 188
85 95
85 132
85 257
86 43
86 157
86 225
86 150
86 105
86 275
87 246
87 62
87 237
87 201
87 57
87 51
88 5
88 41
88 248
88 215
88 239
88 107
89 183
89 167
89 237
89 170
89 82
89 6
90 160
90 265
90 195
90 207
90 225
90 258
91 147
91 171
91 47
91 151
91 162
91 90
92 81
92 241
92 21
92 37
92 178
92 89
93 163
93 105
93 237
93 99
93 274
93 92
94 9
94 135
94 54
94 215
94 108
94 79
95 227
95 143
95 218
95 85
95 87
95 122
96 252
96 90
96 143
96 221
96 146
96 26
97 163
97 277
97 214
97 212
97 44
97 165
98 18
98 203
98 49
98 270
98 151
98 236
99 184
99 275
99 120
99 145
99 195
99 134
100 134
100 155
100 170
100 51
100 74
100 105
101 99
101 261
101 254
101 13
101 249
101 93
102 235
102 55
102 70
102 29
102 31
102 87
103 128
103 247
103 116
103 240
103 70
103 213
104 207
104 116
104 57
104 50
104 190
104 220
105 71
105 3
105 254
105 261
105 190
105 263
106 137
106 232
106 123
106 224
106 1
106 46
107 112
107 176
107 236
107 49
107 29
107 31
108 70
108 53
108 161
108 16
108 47
108 248
109 1
109 246
109 65
109 248
109 101
109 99
110 170
110 44
110 269
110 192
110 74
110 4
111 56
111 61
111 239
111 163
111 53
111 172
112 8
112 118
112 75
112 137
112 116
112 120
113 197
113 220
113 136
113 15
113 153
113 251
114 201
114 271
114 58
114 240
114 242
114 72
115 238
115 98
115 41
115 241
115 215
115 276
116 63
116 183
116 257
116 44
116 131
116 269
117 59
117 152
117 20
117 207
117 33
117 267
118 57
118 102
118 213
118 184
118 14
118 17
119 81
119 263
119 136
119 77
119 94
119 244
120 43
120 185
120 272
120 191
120 0
120 252
121 159
121 192
121 182
121 45
121 167
121 105
122 184
122 88
122 117
122 55
122 199
122 253
123 22
123 258
123 256
123 52
123 188
123 6
124 38
124 140
124 228
124 223
124 261
124 136
125 197
125 86
125 185
125 237
125 165
125 166
126 220
126 252
126 78
126 134
126 129
126 163
127 26
127 37
127 253
127 271
127 233
127 92
128 236
128 86
128 114
128 92
128 264
128 226
129 61
129 187
129 145
129 4
129 38
129 234
130 93
130 97
130 175
130 113
130 3
130 224
131 178
131 218
131 82
131 264
131 6
131 185
132 257
132 166
132 63
132 192
132 36
132 168
133 174
133 234
133 85
133 200
133 120
133 43
134 140
134 244
134 193
134 61
134 31
134 15
135 68
135 89
135 9
135 235
135 97
135 199
136 249
136 158
136 137
136 43
136 206
136 159
137 85
137 253
137 34
137 10
137 182
137 242
138 203
138 103
138 226
138 190
138 109
138 136
139 72
139 73
139 2
139 252
139 165
139 12
140 148
140 161
140 80
140 259
140 74
140 93
141 215
141 203
141 159
141 32
141 242
141 126
142 252
142 110
142 205
142 242
142 3
142 228
143 61
143 101
143 55
143 147
143 199
143 152
144 82
144 249
144 252
144 128
144 214
144 134
145 260
145 171
145 239
145 273
145 124
145 180
146 117
146 23
146 97
146 249
146 251
146 138
147 59
147 75
147 232
147 196
147 34
147 261
148 140
148 258
148 262
148 17
148 261
148 98
149 25
149 151
149 129
149 93
149 75
149 118
150 205
150 270
150 59
150 3
150 190
150 55
151 98
151 35
151 201
151 87
151 155
151 129
152 277
152 243
152 35
152 154
152 233
152 39
153 275
153 105
153 114
153 85
153 46
153 267
154 95
154 229
154 218
154 223
154 151
154 143
155 26
155 32
155 49
155 28
155 72
155 83
156 26
156 73
156 22
156 83
156 53
156 125
157 30
157 180
157 211
157 245
157 187
157 146
158 5
158 228
158 134
158 99
158 230
158 106
159 152
159 129
159 18
159 66
159 245
159 203
160 242
160 234
160 181
160 75
160 142
160 94
161 209
161 115
161 256
161 238
161 83
161 154
162 267
162 151
162 13
162 59
162 127
162 170
163 109
163 215
163 93
163 238
163 243
163 225
164 247
164 180
164 89
164 226
164 270
164 15
165 41
165 184
165 259
165 214
165 166
165 136
166 121
166 114
166 136
166 36
166 87
166 235
167 237
167 180
167 191
167 234
167 9
167 62
168 151
168 236
168 104
168 147
168 3
168 233
169 152
169 110
169 242
169 88
169 189
169 84
170 136
170 49
170 74
170 76
170 164
170 166
171 224
171 93
171 175
171 139
171 261
171 204
172 5
172 135
172 248
172 235
172 113
172 204
173 93
173 174
173 245
173 142
173 21
173 263
174 205
174 106
174 77
174 71
174 116
174 112
175 142
175 147
175 238
175 105
175 84
175 198
176 65
176 108
176 77
176 224
176 88
176 67
177 66
177 75
177 234
177 257
177 62
177 18
178 211
178 199
178 11
178 34
178 192
178 213
179 185
179 187
179 146
179 252
179 254
179 202
180 138
180 170
180 49
180 46
180 199
180 184
181 250
181 206
181 138
181 113
181 146
181 52
182 156
182 73
182 68
182 271
182 79
182 190
183 41
183 146
183 107
183 222
183 216
183 173
184 223
184 125
184 172
184 197
184 61
184 41
185 216
185 203
185 70
185 122
185 231
185 258
186 122
186 184
186 103
186 248
186 112
186 126
187 221
187 47
187 90
187 223
187 238
187 263
188 189
188 210
188 11
188 96
188 192
188 218
189 30
189 148
189 58
189 71
189 95
189 171
190 102
190 196
190 27
190 239
190 246
190 17
191 240
191 215
191 64
191 162
191 193
191 140
192 157
192 122
192 1
192 35
192 150
192 75
193 229
193 33
193 145
193 22
193 75
193 230
194 237
194 6
194 235
194 181
194 61
194 87
195 206
195 68
195 89
195 9
195 195
195 232
196 247
196 93
196 170
196 162
196 31
196 17
197 61
197 37
197 116
197 39
197 5
197 110
198 173
198 69
198 55
198 112
198 189
198 260
199 71
199 83
199 142
199 106
199 41
199 15
200 49
200 268
200 109
200 120
200 24
200 198
201 269
201 224
201 219
201 85
201 257
201 222
202 264
202 269
202 118
202 217
202 8
202 31
203 137
203 160
203 53
203 76
203 254
203 168
204 188
204 220
204 232
204 263
204 57
204 141
205 157
205 232
205 141
205 129
205 182
205 143
206 3
206 170
206 22
206 221
206 209
206 228
207 251
207 77
207 239
207 37
207 190
207 197
208 135
208 277
208 38
208 105
208 93
208 210
209 148
209 154
209 69
209 144
209 244
209 150
210 68
210 93
210 65
210 89
210 127
210 174
211 263
211 231
211 180
211 220
211 36
211 33
212 126
212 21
212 247
212 136
212 185
212 207
213 210
213 261
213 19
213 56
213 180
213 30
214 66
214 16
214 247
214 100
214 189
214 73
215 176
215 249
215 163
215 205
215 148
215 25
216 4
216 176
216 90
216 136
216 189
216 115
217 172
217 3
217 131
217 144
217 114
217 34
218 184
218 121
218 83
218 242
218 173
218 123
219 59
219 158
219 99
219 75
219 66
219 187
220 64
220 185
220 244
220 240
220 125
220 98
221 126
221 270
221 56
221 189
221 248
221 171
222 197
222 63
222 41
222 126
222 173
222 93
223 50
223 217
223 255
223 170
223 51
223 77
224 153
224 158
224 93
224 243
224 38
224 172
225 236
225 149
225 212
225 258
225 61
225 93
226 225
226 215
226 14
226 144
226 31
226 41
227 172
227 271
227 109
227 143
227 196
227 155
228 218
228 261
228 164
228 84
228 272
228 221
229 170
229 34
229 3
229 159
229 56
229 182
230 35
230 86
230 16
230 54
230 98
230 123
231 205
231 103
231 175
231 215
231 228
231 134
232 59
232 218
232 4
232 191
232 242
232 250
233 119
233 175
233 98
233 187
233 210
233 240
234 205
234 75
234 191
234 208
234 18
234 222
235 178
235 217
235 215
235 219
235 196
235 44
236 38
236 40
236 242
236 128
236 76
236 275
237 242
237 153
237 138
237 229
237 236
237 170
238 225
238 155
238 68
238 125
238 93
238 182
239 63
239 261
239 222
239 87
239 160
239 81
240 7
240 111
240 181
240 232
240 74
240 173
241 263
241 41
241 79
241 101
241 46
241 87
242 90
242 142
242 23
242 121
242 230
242 232
243 86
243 132
243 212
243 234
243 5
243 187
244 139
244 135
244 263
244 12
244 137
244 204
245 244
245 163
245 69
245 105
245 224
245 252
246 215
246 189
246 269
246 221
246 53
246 80
247 176
247 163
247 45
247 31
247 254
247 14
248 233
248 2
248 96
248 242
248 53
248 166
249 180
249 71
249 25
249 256
249 226
249 27
250 250
250 209
250 12
250 167
250 242
250 154
251 224
251 214
251 141
251 66
251 22
251 84
252 97
252 16
252 78
252 83
252 151
252 173
253 186
253 44
253 116
253 171
253 208
253 134
254 148
254 184
254 176
254 226
254 136
254 122
255 145
255 76
255 225
255 96
255 39
255 154
256 65
256 67
256 10
256 131
256 225
256 61
257 139
257 25
257 134
257 27
257 216
257 56
258 54
258 259
258 128
258 255
258 228
258 68
259 56
259 72
259 23
259 18
259 83
259 203
260 208
260 123
260 142
260 157
260 58
260 38
261 170
261 0
261 40
261 37
261 124
261 110
262 184
262 159
262 197
262 273
262 147
262 170
263 95
263 34
263 142
263 61
263 209
263 177
264 44
264 255
264 190
264 170
264 182
264 159
265 268
265 260
265 189
265 247
265 1
265 83
266 5
266 247
266 95
266 115
266 47
266 71
267 145
267 175
267 49
267 105
267 236
267 172
268 61
268 267
268 218
268 232
268 242
268 116
269 221
269 175
269 162
269 192
269 180
269 9
270 172
270 22
270 87
270 52
270 187
270 105
271 107
271 14
271 149
271 144
271 267
271 268
272 7
272 196
272 264
272 190
272 205
272 28
273 237
273 0
273 185
273 211
273 84
273 5
274 84
274 201
274 180
274 154
274 119
274 276
275 224
275 204
275 12
275 78
275 238
275 76
276 87
276 47
276 95
276 5
276 148
276 213
277 170
277 112
277 262
277 206
277 74
277 117
278 135
278 185
278 204
278 86
278 202
278 96
279 18
279 266
279 236
279 9
279 73
279 226
280 219
280 74
280 214
280 187
280 26
280 220
281 250
281 43
281 62
281 53
281 112
281 202
282 113
282 44
282 181
282 54
282 93
282 211
283 76
283 190
283 58
283 211
283 40
283 140
284 52
284 248
284 131
284 3
284 49
284 177
285 128
285 56
285 228
285 135
285 178
285 11
286 131
286 124
286 21
286 55
286 181
286 164
287 230
287 19
287 21
287 180
287 268
287 182
288 9
288 26
288 100
288 3
288 45
288 205
289 147
289 194
289 84
289 40
289 26
289 16
290 186
290 219
290 247
290 74
290 76
290 189
291 203
291 152
291 12
291 63
291 46
291 155
292 277
292 145
292 74
292 11
292 270
292 213
293 87
293 265
293 274
293 205
293 39
293 64
294 122
294 205
294 182
294 162
294 10
294 84
295 99
295 125
295 196
295 51
295 43
295 5
296 66
296 61
296 201
296 41
296 63
296 271
297 158
297 61
297 155
297 113
297 29
297 145
298 228
298 260
298 194
298 31
298 39
298 273
299 180
299 214
299 44
299 196
299 75
299 235
300 84
300 78
300 98
300 29
300 5
300 31
301 6
301 29
301 168
301 237
301 65
301 54
302 259
302 25
302 19
302 224
302 30
302 242
303 28
303 58
303 117
303 121
303 47
303 62
304 184
304 119
304 228
304 160
304 49
304 265
305 56
305 265
305 174
305 38
305 84
305 64
306 50
306 176
306 90
306 96
306 200
306 196
307 202
307 253
307 19
307 275
307 5
307 39
308 266
308 210
308 17
308 134
308 180
308 21
309 166
309 18
309 250
309 81
309 155
309 73
310 23
310 267
310 161
310 86
310 211
310 271
311 266
311 219
311 164
311 167
311 277
311 108
312 101
312 140
312 13
312 255
312 145
312 228
313 3
313 213
313 221
313 214
313 231
313 259
314 116
314 54
314 88
314 86
314 94
314 254
315 89
315 256
315 247
315 267
315 180
315 32
316 268
316 170
316 17
316 109
316 247
316 173
317 272
317 6
317 137
317 139
317 125
317 231
318 189
318 220
318 161
318 135
318 17
318 9
319 137
319 44
319 184
319 234
319 53
319 139
320 26
320 106
320 122
320 53
320 17
320 187
321 116
321 224
321 72
321 104
321 229
321 193
322 111
322 149
322 32
322 218
322 52
322 201
323 244
323 170
323 208
323 11
323 49
323 242
324 235
324 86
324 111
324 129
324 52
324 49
325 221
325 243
325 172
325 15
325 36
325 130
326 239
326 162
326 66
326 251
326 61
326 37
327 172
327 22
327 236
327 222
327 68
327 176
328 187
328 242
328 234
328 269
328 113
328 228
329 222
329 10
329 6
329 275
329 252
329 172
330 167
330 223
330 25
330 32
330 152
330 147
331 126
331 240
331 78
331 81
331 242
331 218
332 100
332 13
332 207
332 4
332 113
332 76
333 118
333 263
333 99
333 68
333 242
333 276
334 8
334 191
334 244
334 107
334 101
334 110
335 117
335 30
335 10
335 37
335 198
335 4
336 234
336 112
336 146
336 87
336 124
336 206
337 237
337 45
337 101
337 224
337 0
337 134
338 56
338 134
338 117
338 122
338 253
338 20
339 25
339 178
339 74
339 276
339 62
339 274
340 208
340 143
340 98
340 167
340 220
340 226
341 172
341 0
341 29
341 242
341 181
341 224
342 211
342 229
342 231
342 214
342 72
342 93
343 239
343 37
343 118
343 168
343 136
343 75
344 28
344 234
344 10
344 90
344 198
344 94
345 10
345 52
345 229
345 180
345 119
345 23
346 228
346 267
346 155
346 215
346 180
346 239
347 274
347 96
347 199
347 206
347 256
347 72
348 52
348 170
348 100
348 50
348 54
348 252
349 160
349 170
349 225
349 202
349 129
349 120
350 6
350 65
350 67
350 158
350 263
350 267
351 119
351 25
351 7
351 256
351 9
351 124
352 242
352 174
352 116
352 59
352 253
352 239
353 35
353 116
353 256
353 140
353 234
353 199
354 79
354 98
354 102
354 243
354 124
354 59
355 129
355 61
355 101
355 46
355 194
355 32
356 135
356 56
356 199
356 36
356 128
356 54
357 153
357 220
357 149
357 59
357 155
357 187
358 206
358 270
358 114
358 164
358 258
358 166
359 276
359 65
359 174
359 242
359 67
359 240
360 237
360 159
360 267
360 38
360 118
360 73
361 53
361 192
361 72
361 253
361 262
361 61
362 40
362 144
362 22
362 178
362 50
362 61
363 138
363 98
363 274
363 197
363 6
363 58
364 139
364 142
364 117
364 231
364 235
364 186
365 64
365 116
365 208
365 224
365 43
365 200
366 107
366 202
366 108
366 143
366 265
366 189
367 116
367 104
367 145
367 229
367 62
367 18
368 150
368 96
368 34
368 273
368 129
368 78
369 156
369 172
369 96
369 250
369 38
369 62
370 80
370 158
370 266
370 214
370 205
370 224
371 22
371 157
371 62
371 256
371 35
371 162
372 192
372 162
372 180
372 214
372 268
372 270
373 153
373 68
373 151
373 158
373 259
373 156
374 217
374 168
374 37
374 64
374 156
374 139
375 270
375 164
375 166
375 45
375 64
375 184
376 156
376 180
376 89
376 235
376 134
376 30
377 173
377 26
377 102
377 105
377 200
377 144
378 41
378 178
378 23
378 111
378 186
378 207
379 258
379 225
379 10
379 135
379 205
379 237
380 33
380 50
380 145
380 45
380 66
380 197
381 51
381 22
381 62
381 233
381 97
381 230
382 163
382 142
382 93
382 153
382 253
382 145
383 78
383 7
383 63
383 173
383 186
383 19
384 190
384 228
384 256
384 121
384 10
384 104
385 49
385 263
385 267
385 268
385 191
385 93
386 141
386 77
386 147
386 245
386 219
386 162
387 272
387 163
387 33
387 8
387 126
387 224
388 242
388 254
388 221
388 88
388 47
388 210
389 189
389 100
389 41
389 102
389 226
389 151
390 97
390 224
390 210
390 253
390 111
390 243
391 217
391 247
391 162
391 239
391 30
391 11
392 268
392 0
392 260
392 86
392 93
392 117
393 67
393 100
393 139
393 79
393 192
393 41
394 110
394 49
394 261
394 64
394 262
394 217
395 140
395 26
395 224
395 94
395 269
395 226
396 42
396 93
396 44
396 46
396 239
396 245
397 269
397 196
397 233
397 229
397 71
397 272
398 144
398 125
398 114
398 248
398 94
398 76
399 248
399 263
399 44
399 50
399 244
399 173
400 224
400 213
400 23
400 237
400 116
400 119
401 220
401 103
401 242
401 52
401 47
401 138
402 153
402 104
402 184
402 144
402 26
402 261
403 156
403 165
403 89
403 176
403 40
403 196
404 260
404 84
404 134
404 19
404 138
404 130
405 106
405 136
405 85
405 218
405 114
405 189
406 218
406 267
406 33
406 148
406 31
406 258
407 28
407 43
407 216
407 109
407 219
407 225
408 270
408 62
408 213
408 56
408 18
408 239
409 49
409 95
409 62
409 71
409 28
409 93
410 251
410 108
410 247
410 230
410 41
410 242
411 35
411 138
411 94
411 194
411 219
411 211
412 205
412 240
412 102
412 186
412 157
412 257
413 142
413 161
413 85
413 245
413 208
413 210
414 156
414 166
414 144
414 49
414 109
414 146
415 101
415 57
415 26
415 244
415 80
415 76
416 40
416 187
416 116
416 211
416 95
416 3
417 266
417 270
417 16
417 190
417 45
417 205
418 258
418 162
418 150
418 228
418 53
418 140
419 123
419 18
419 251
419 140
419 61
419 134
420 256
420 61
420 213
420 122
420 260
420 124
421 201
421 142
421 112
421 67
421 253
421 231
422 32
422 127
422 2
422 215
422 267
422 230
423 4
423 144
423 121
423 6
423 141
423 17
424 142
424 170
424 26
424 43
424 87
424 173
425 74
425 67
425 23
425 120
425 276
425 198
426 58
426 270
426 189
426 93
426 85
426 121
427 95
427 180
427 171
427 81
427 152
427 264
428 232
428 3
428 105
428 175
428 109
428 253
429 38
429 224
429 264
429 191
429 192
429 164
430 256
430 107
430 85
430 104
430 231
430 170
431 54
431 117
431 114
431 156
431 67
431 224
432 201
432 164
432 205
432 26
432 117
432 211
433 130
433 258
433 259
433 180
433 85
433 170
434 97
434 250
434 61
434 117
434 22
434 167
435 201
435 55
435 88
435 224
435 220
435 78
436 46
436 262
436 47
436 256
436 19
436 80
437 53
437 27
437 272
437 113
437 104
437 225
438 154
438 156
438 0
438 270
438 117
438 64
439 236
439 78
439 250
439 33
439 105
439 113
440 79
440 108
440 267
440 215
440 144
440 55
441 54
441 1
441 104
441 173
441 156
441 168
442 120
442 231
442 218
442 54
442 117
442 30
443 209
443 180
443 37
443 211
443 61
443 271
444 131
444 18
444 141
444 272
444 251
444 108
445 136
445 172
445 193
445 185
445 27
445 103
446 174
446 245
446 187
446 257
446 11
446 67
447 247
447 127
447 141
447 272
447 144
447 138
448 7
448 220
448 28
448 9
448 153
448 22
449 30
449 102
449 234
449 219
449 20
449 67
450 71
450 175
450 127
450 35
450 216
450 93
451 137
451 174
451 81
451 67
451 47
451 93
452 198
452 122
452 200
452 216
452 190
452 186
453 228
453 242
453 260
453 190
453 247
453 142
454 144
454 117
454 71
454 147
454 224
454 173
455 149
455 130
455 144
455 150
455 163
455 139
456 259
456 34
456 67
456 224
456 63
456 261
457 127
457 13
457 26
457 140
457 2
457 111
458 210
458 49
458 93
458 123
458 127
458 14
459 187
459 189
459 109
459 243
459 212
459 18
460 35
460 28
460 152
460 6
460 195
460 248
461 263
461 99
461 247
461 153
461 103
461 186
462 261
462 168
462 107
462 170
462 2
462 20
463 26
463 274
463 177
463 253
463 34
463 206
464 20
464 16
464 29
464 147
464 117
464 134
465 182
465 273
465 210
465 96
465 154
465 172
466 36
466 268
466 245
466 158
466 38
466 175
467 9
467 22
467 93
467 174
467 40
467 146
468 63
468 13
468 275
468 122
468 76
468 125
469 130
469 88
469 146
469 61
469 81
469 1
470 113
470 182
470 176
470 248
470 189
470 200
471 103
471 260
471 274
471 200
471 43
471 14
472 54
472 200
472 260
472 148
472 160
472 247
473 176
473 213
473 142
473 228
473 40
473 127
474 182
474 67
474 134
474 205
474 1
474 112
475 134
475 107
475 182
475 121
475 53
475 54
476 18
476 213
476 247
476 228
476 140
476 94
477 202
477 196
477 275
477 11
477 156
477 105
478 266
478 148
478 14
478 163
478 162
478 216
479 55
479 156
479 267
479 67
479 242
479 134
480 164
480 9
480 12
480 130
480 242
480 61
481 94
481 13
481 258
481 247
481 175
481 170
482 167
482 170
482 142
482 269
482 119
482 172
483 243
483 102
483 18
483 228
483 10
483 167
484 125
484 75
484 144
484 146
484 265
484 174
485 29
485 261
485 31
485 236
485 63
485 78
486 173
486 117
486 81
486 138
486 231
486 14
487 47
487 230
487 150
487 154
487 187
487 105
488 277
488 149
488 62
488 122
488 217
488 13
489 189
489 134
489 256
489 259
489 85
489 147
490 189
490 266
490 14
490 226
490 166
490 93
491 61
491 180
491 182
491 258
491 200
491 213
492 2
492 175
492 231
492 157
492 276
492 23
493 263
493 121
493 240
493 236
493 26
493 35
494 47
494 139
494 232
494 197
494 134
494 17
495 79
495 152
495 274
495 262
495 38
495 40
496 165
496 55
496 254
496 117
496 219
496 150
497 6
497 166
497 170
497 277
497 74
497 230
498 15
498 205
498 217
498 67
498 86
498 74
499 89
499 69
499 124
499 117
499 19
499 27
500 57
500 197
500 119
500 40
500 237
500 230
501 158
501 266
501 161
501 258
501 248
501 140
502 272
502 93
502 85
502 262
502 0
502 86
503 108
503 244
503 85
503 46
503 41
503 242
504 76
504 167
504 217
504 103
504 170
504 87
505 8
505 159
505 189
505 50
505 230
505 198
506 127
506 61
506 22
506 114
506 180
506 209
507 117
507 175
507 202
507 110
507 94
507 271
508 247
508 157
508 134
508 231
508 159
508 276
509 43
509 120
509 134
509 207
509 231
509 247
510 224
510 144
510 190
510 127
510 138
510 271
511 214
511 127
511 178
511 211
511 6
511 170
512 89
512 186
512 68
512 247
512 119
512 265
513 165
513 232
513 215
513 233
513 41
513 272
514 197
514 71
514 93
514 250
514 150
514 189
515 242
515 118
515 85
515 22
515 243
515 94
516 233
516 247
516 6
516 39
516 200
516 134
517 156
517 72
517 158
517 97
517 166
517 86
518 247
518 34
518 146
518 37
518 221
518 107
519 211
519 195
519 81
519 258
519 105
519 107
520 54
520 106
520 171
520 176
520 43
520 258
521 20
521 231
521 135
521 210
521 73
521 261
522 247
522 200
522 239
522 161
522 135
522 123
523 232
523 224
523 61
523 220
523 51
523 236
524 26
524 160
524 142
524 8
524 73
524 253
525 42
525 209
525 265
525 105
525 175
525 32
526 20
526 40
526 197
526 219
526 110
526 220
527 236
527 228
527 210
527 1
527 242
527 89
528 240
528 119
528 122
528 44
528 163
528 258
529 264
529 89
529 28
529 144
529 19
529 240
530 73
530 57
530 53
530 272
530 247
530 78
531 253
531 159
531 18
531 266
531 57
531 67
532 114
532 18
532 96
532 85
532 266
532 130
533 49
533 187
533 146
533 261
533 150
533 93
534 85
534 47
534 228
534 166
534 268
534 163
535 95
535 159
535 196
535 93
535 47
535 258
536 89
536 210
536 16
536 49
536 242
536 153
537 147
537 244
537 98
537 100
537 61
537 56
538 275
538 172
538 164
538 238
538 36
538 127
539 80
539 247
539 93
539 240
539 220
539 67
540 186
540 67
540 130
540 64
540 205
540 170
541 224
541 1
541 270
541 168
541 89
541 174
542 7
542 249
542 247
542 187
542 9
542 273
543 17
543 174
543 277
543 205
543 217
543 81
544 176
544 87
544 26
544 103
544 275
544 78
545 119
545 243
545 121
545 85
545 277
545 189
546 152
546 14
546 53
546 170
546 137
546 108
547 140
547 145
547 273
547 231
547 184
547 266
548 226
548 8
548 85
548 117
548 105
548 127
549 190
549 106
549 81
549 206
549 191
549 242
550 152
550 16
550 248
550 238
550 127
550 209
551 142
551 28
551 22
551 168
551 56
551 127
552 109
552 13
552 137
552 93
552 163
552 157
553 96
553 161
553 127
553 228
553 73
553 250
554 40
554 225
554 184
554 159
554 136
554 243
555 76
555 233
555 100
555 209
555 112
555 253
556 43
556 104
556 168
556 121
556 75
556 51
557 171
557 85
557 38
557 202
557 184
557 165
558 76
558 205
558 176
558 193
558 6
558 57
559 160
559 162
559 148
559 146
559 184
559 248
560 187
560 266
560 274
560 85
560 202
560 238
561 8
561 237
561 175
561 26
561 112
561 61
562 130
562 243
562 161
562 22
562 85
562 200
563 103
563 120
563 26
563 170
563 34
563 111
564 186
564 248
564 175
564 250
564 253
564 149
565 197
565 194
565 182
565 210
565 184
565 75
566 122
566 63
566 174
566 158
566 49
566 258
567 23
567 137
567 225
567 196
567 147
567 37
568 40
568 49
568 200
568 215
568 85
568 148
569 85
569 267
569 63
569 182
569 62
569 34
570 42
570 89
570 93
570 8
570 269
570 209
571 248
571 34
571 172
571 258
571 259
571 53
572 239
572 93
572 34
572 43
572 217
572 100
573 69
573 40
573 6
573 259
573 62
573 130
574 56
574 103
574 18
574 274
574 50
574 9
575 57
575 251
575 71
575 94
575 55
575 140
576 100
576 192
576 93
576 61
576 184
576 231
577 206
577 256
577 224
577 248
577 18
577 203
578 10
578 46
578 121
578 111
578 117
578 168
579 217
579 207
579 160
579 62
579 75
579 238
580 221
580 40
580 248
580 120
580 200
580 164
581 27
581 212
581 186
581 170
581 216
581 256
582 80
582 237
582 100
582 243
582 50
582 3
583 80
583 61
583 13
583 15
583 8
583 191
584 157
584 170
584 154
584 8
584 152
584 76
585 192
585 158
585 108
585 35
585 27
585 93
586 224
586 240
586 236
586 68
586 45
586 75
587 117
587 93
587 184
587 135
587 156
587 145
588 36
588 106
588 102
588 127
588 248
588 240
589 7
589 213
589 47
589 239
589 106
589 175
590 141
590 233
590 196
590 216
590 40
590 175
591 19
591 43
591 15
591 215
591 89
591 171
592 79
592 14
592 214
592 106
592 159
592 15
593 124
593 157
593 31
593 154
593 49
593 258
594 44
594 208
594 159
594 224
594 200
594 55
595 63
595 208
595 152
595 1
595 275
595 187
596 55
596 248
596 108
596 141
596 120
596 85
597 253
597 61
597 122
597 34
597 68
597 233
598 210
598 137
598 211
598 105
598 68
598 127
599 68
599 13
599 109
599 240
599 19
599 210
600 68
600 47
600 22
600 248
600 51
600 135
601 217
601 6
601 225
601 219
601 211
601 200
602 203
602 68
602 89
602 78
602 243
602 154
603 221
603 228
603 212
603 68
603 190
603 71
604 237
604 268
604 32
604 224
604 89
604 6
605 114
605 76
605 173
605 276
605 270
605 36
606 104
606 159
606 154
606 127
606 77
606 20
607 248
607 16
607 243
607 30
607 71
607 114
608 211
608 186
608 44
608 75
608 85
608 32
609 35
609 130
609 236
609 37
609 13
609 78
610 94
610 86
610 135
610 13
610 211
610 2
611 211
611 270
611 189
611 192
611 117
611 215
612 28
612 68
612 93
612 260
612 191
612 256
613 3
613 248
613 61
613 73
613 266
613 142
614 23
614 43
614 259
614 200
614 135
614 219
615 171
615 200
615 190
615 125
615 121
615 13
616 128
616 140
616 173
616 130
616 225
616 136
617 68
617 231
617 233
617 277
617 64
617 71
618 206
618 45
618 211
618 79
618 190
618 148
619 163
619 127
619 233
619 135
619 74
619 149
620 89
620 105
620 49
620 225
620 124
620 104
621 13
621 113
621 231
621 34
621 79
621 273
622 96
622 153
622 119
622 98
622 13
622 106
623 13
623 254
623 138
623 94
623 76
623 29
624 68
624 36
624 168
624 32
624 156
624 86
625 98
625 200
625 79
625 190
625 145
625 248
626 205
626 248
626 196
626 208
626 78
626 219
627 74
627 180
627 94
627 127
627 212
627 135
628 160
628 177
628 122
628 203
628 119
628 274
629 127
629 95
629 209
629 75
629 43
629 103
630 145
630 184
630 195
630 250
630 98
630 56
631 205
631 239
631 93
631 203
631 243
631 100
632 224
632 206
632 228
632 274
632 11
632 85
633 164
633 51
633 71
633 197
633 109
633 11
634 38
634 63
634 135
634 137
634 76
634 13
635 22
635 271
635 172
635 162
635 6
635 18
636 57
636 63
636 198
636 181
636 158
636 1
637 79
637 113
637 117
637 120
637 6
637 250
638 106
638 190
638 81
638 47
638 170
638 135
639 122
639 170
639 172
639 120
639 148
639 203
640 101
640 36
640 172
640 196
640 135
640 137
641 198
641 45
641 243
641 147
641 47
641 266
642 162
642 268
642 85
642 237
642 1
642 54
643 22
643 8
643 164
643 166
643 260
643 191
644 54
644 181
644 120
644 196
644 43
644 38
645 111
645 72
645 275
645 120
645 3
645 203
646 144
646 127
646 140
646 210
646 156
646 205
647 190
647 258
647 254
647 232
647 165
647 94
648 98
648 147
648 265
648 20
648 28
648 166
649 225
649 28
649 218
649 165
649 32
649 137
650 203
650 98
650 13
650 61
650 250
650 231
651 231
651 174
651 23
651 234
651 44
651 41
652 220
652 158
652 256
652 159
652 97
652 140
653 29
653 86
653 79
653 157
653 34
653 109
654 87
654 205
654 213
654 89
654 13
654 236
655 198
655 125
655 217
655 49
655 22
655 177
656 232
656 11
656 23
656 89
656 62
656 117
657 68
657 11
657 266
657 137
657 234
657 145
658 34
658 236
658 61
658 121
658 266
658 94
659 42
659 34
659 45
659 135
659 232
659 47
660 272
660 93
660 137
660 168
660 121
660 64
661 200
661 46
661 28
661 112
661 214
661 180
662 261
662 207
662 97
662 273
662 104
662 54
663 237
663 213
663 176
663 28
663 122
663 49
664 141
664 192
664 9
664 11
664 135
664 156
665 45
665 190
665 215
665 156
665 71
665 248
666 196
666 238
666 208
666 140
666 123
666 112
667 22
667 263
667 177
667 10
667 256
667 102
668 250
668 93
668 128
668 232
668 144
668 61
669 96
669 273
669 51
669 147
669 258
669 20
670 13
670 130
670 136
670 32
670 172
670 153
671 85
671 86
671 270
671 8
671 80
671 178
672 200
672 264
672 195
672 168
672 106
672 248
673 228
673 215
673 232
673 13
673 147
673 56
674 139
674 193
674 86
674 175
674 140
674 34
675 218
675 147
675 145
675 149
675 216
675 14
676 102
676 142
676 120
676 190
676 239
676 272
677 172
677 68
677 153
677 225
677 34
677 144
678 178
678 208
678 144
678 29
678 130
678 244
679 73
679 123
679 71
679 250
679 147
679 130
680 55
680 260
680 130
680 112
680 117
680 258
681 139
681 137
681 244
681 89
681 85
681 7
682 151
682 196
682 105
682 89
682 221
682 180
683 165
683 127
683 172
683 237
683 170
683 145
684 256
684 232
684 85
684 87
684 74
684 273
685 18
685 258
685 181
685 248
685 61
685 203
686 8
686 38
686 141
686 144
686 123
686 103
687 22
687 53
687 267
687 36
687 203
687 236
688 160
688 273
688 22
688 215
688 58
688 100
689 274
689 254
689 101
689 11
689 36
689 38
690 135
690 36
690 144
690 32
690 148
690 79
691 220
691 270
691 6
691 34
691 273
691 276
692 120
692 226
692 104
692 56
692 105
692 266
693 233
693 250
693 137
693 44
693 248
693 100
694 95
694 135
694 248
694 244
694 207
694 125
695 259
695 96
695 107
695 46
695 232
695 36
696 138
696 243
696 190
696 8
696 28
696 195
697 253
697 177
697 53
697 23
697 218
697 98
698 180
698 238
698 147
698 57
698 276
698 97
699 61
699 85
699 219
699 32
699 41
699 173
700 130
700 108
700 181
700 233
700 228
700 61
701 4
701 62
701 34
701 49
701 273
701 172
702 108
702 182
702 232
702 103
702 125
702 85
703 196
703 77
703 163
703 176
703 85
703 253
704 117
704 248
704 128
704 8
704 106
704 120
705 127
705 277
705 267
705 41
705 85
705 215
706 193
706 256
706 111
706 100
706 110
706 266
707 104
707 135
707 80
707 28
707 254
707 127
708 258
708 13
708 184
708 180
708 243
708 261
709 233
709 20
709 49
709 186
709 168
709 54
710 172
710 260
710 37
710 20
710 276
710 49
711 145
711 203
711 51
711 28
711 248
711 276
712 86
712 72
712 28
712 97
712 203
712 122
713 128
713 180
713 58
713 120
713 50
713 140
714 148
714 228
714 128
714 261
714 29
714 100
715 216
715 127
715 36
715 270
715 203
715 85
716 93
716 248
716 117
716 228
716 122
716 184
717 250
717 228
717 273
717 32
717 85
717 170
718 168
718 85
718 139
718 124
718 259
718 177
719 124
719 40
719 152
719 219
719 28
719 1
720 211
720 151
720 49
720 108
720 186
720 171
721 135
721 200
721 180
721 208
721 6
721 260
722 8
722 158
722 40
722 102
722 259
722 72
723 34
723 125
723 244
723 97
723 184
723 113
724 55
724 190
724 109
724 144
724 218
724 234
725 190
725 120
725 154
725 61
725 100
725 130
726 94
726 103
726 224
726 200
726 221
726 73
727 130
727 2
727 220
727 248
727 145
727 272
728 37
728 80
728 93
728 50
728 85
728 184
729 86
729 56
729 254
729 136
729 206
729 248
730 212
730 238
730 268
730 3
730 105
730 2
731 224
731 41
731 8
731 217
731 130
731 150
732 276
732 75
732 61
732 22
732 104
732 195
733 18
733 52
733 34
733 58
733 14
733 138
734 75
734 258
734 10
734 244
734 224
734 228
735 34
735 73
735 52
735 147
735 36
735 219
736 244
736 120
736 40
736 18
736 51
736 232
737 80
737 123
737 217
737 187
737 3
737 158
738 248
738 85
738 121
738 96
738 193
738 28
739 109
739 9
739 248
739 157
739 79
739 127
740 208
740 210
740 32
740 180
740 93
740 149
741 18
741 184
741 100
741 38
741 40
741 114
742 209
742 256
742 135
742 108
742 64
742 268
743 1
743 259
743 121
743 32
743 267
743 3
744 237
744 127
744 219
744 216
744 96
744 68
745 250
745 44
745 8
745 232
745 272
745 34
746 277
746 36
746 93
746 95
746 254
746 97
747 256
747 135
747 18
747 216
747 158
747 184
748 64
748 244
748 108
748 50
748 170
748 2
749 69
749 122
749 164
749 32
749 178
749 64
750 165
750 128
750 225
750 198
750 93
750 144
751 244
751 72
751 10
751 69
751 195
751 184
752 244
752 32
752 107
752 61
752 110
752 264
753 194
753 50
753 195
753 121
753 200
753 117
754 253
754 166
754 172
754 141
754 186
754 113
755 154
755 226
755 156
755 72
755 198
755 85
756 28
756 168
756 166
756 46
756 18
756 265
757 18
757 113
757 135
757 198
757 127
757 77
758 22
758 113
758 72
758 149
758 87
758 57
759 135
759 36
759 163
759 20
759 261
759 234
760 236
760 173
760 193
760 181
760 154
760 145
761 144
761 232
761 137
761 200
761 120
761 32
762 207
762 64
762 160
762 75
762 68
762 125
763 85
763 49
763 221
763 149
763 256
763 107
764 61
764 272
764 97
764 120
764 151
764 113
765 203
765 265
765 0
765 197
765 135
765 156
766 93
766 140
766 32
766 158
766 23
766 244
767 62
767 135
767 94
767 207
767 190
767 52
768 232
768 184
768 251
768 221
768 174
768 107
769 163
769 205
769 141
769 147
769 265
769 28
770 6
770 228
770 4
770 256
770 210
770 97
771 250
771 50
771 277
771 105
771 68
771 120
772 127
772 135
772 217
772 170
772 267
772 156
773 226
773 96
773 40
773 122
773 36
773 244
774 109
774 23
774 0
774 198
774 9
774 32
775 276
775 103
775 262
775 244
775 203
775 240
776 140
776 44
776 226
776 170
776 161
776 121
777 208
777 190
777 135
777 221
777 18
777 19
778 153
778 156
778 190
778 62
778 174
778 236
779 94
779 159
779 244
779 105
779 211
779 157
780 117
780 209
780 196
780 107
780 214
780 114
781 0
781 259
781 120
781 228
781 95
781 80
782 170
782 172
782 4
782 194
782 117
782 225
783 139
783 140
783 68
783 125
783 120
783 71
784 203
784 254
784 62
784 256
784 275
784 225
785 93
785 74
785 62
785 190
785 164
785 173
786 203
786 114
786 218
786 232
786 135
786 37
787 94
787 248
787 74
787 127
787 122
787 64
788 177
788 260
788 71
788 94
788 85
788 181
789 22
789 76
789 244
789 248
789 136
789 64
790 273
790 265
790 94
790 153
790 196
790 62
791 254
791 213
791 34
791 127
791 103
791 78
792 147
792 125
792 28
792 174
792 110
792 100
793 273
793 209
793 123
793 190
793 225
793 127
794 200
794 261
794 148
794 225
794 69
794 127
795 168
795 123
795 234
795 205
795 86
795 109
796 220
796 0
796 36
796 272
796 150
796 200
797 144
797 244
797 248
797 212
797 2
797 250
798 236
798 209
798 264
798 69
798 80
798 102
799 244
799 203
799 151
799 32
799 240
799 122
800 104
800 1
800 236
800 100
800 3
800 256
801 237
801 71
801 270
801 85
801 136
801 117
802 69
802 85
802 135
802 170
802 50
802 256
803 38
803 251
803 2
803 51
803 10
803 105
804 212
804 238
804 135
804 236
804 53
804 234
805 36
805 71
805 200
805 211
805 216
805 259
806 43
806 117
806 14
806 276
806 160
806 108
807 237
807 200
807 163
807 3
807 130
807 141
808 178
808 32
808 276
808 210
808 37
808 244
809 226
809 36
809 198
809 34
809 2
809 217
810 180
810 151
810 32
810 94
810 210
810 234
811 135
811 214
811 160
811 137
811 244
811 79
812 28
812 86
812 69
812 94
812 117
812 219
813 232
813 135
813 105
813 145
813 94
813 194
814 270
814 64
814 215
814 62
814 175
814 110
815 196
815 193
815 62
815 267
815 232
815 56
816 18
816 135
816 22
816 85
816 248
816 52
817 22
817 180
817 236
817 212
817 95
817 8
818 87
818 200
818 19
818 32
818 193
818 151
819 97
819 205
819 171
819 147
819 58
819 161
820 28
820 244
820 94
820 256
820 135
820 22
821 264
821 106
821 135
821 69
821 232
821 153
822 195
822 18
822 75
822 215
822 270
822 149
823 237
823 248
823 51
823 100
823 94
823 107
824 266
824 147
824 22
824 40
824 171
824 174
825 117
825 108
825 3
825 210
825 100
825 139
826 50
826 265
826 262
826 193
826 186
826 157
827 100
827 19
827 268
827 102
827 267
827 182
828 36
828 94
828 13
828 44
828 40
828 85
829 76
829 127
829 238
829 150
829 28
829 89
830 276
830 209
830 184
830 69
830 212
830 156
831 34
831 236
831 253
831 175
831 79
831 100
832 173
832 94
832 85
832 236
832 147
832 50
833 8
833 120
833 46
833 264
833 267
833 69
834 1
834 217
834 191
834 135
834 145
834 277
835 218
835 225
835 209
835 62
835 200
835 37
836 36
836 232
836 100
836 175
836 102
836 14
837 272
837 11
837 72
837 69
837 158
837 144
838 200
838 177
838 151
838 95
838 145
838 168
839 218
839 96
839 44
839 69
839 251
839 164
840 256
840 10
840 154
840 69
840 274
840 180
841 135
841 34
841 100
841 196
841 157
841 18
842 184
842 69
842 32
842 178
842 34
842 203
843 156
843 28
843 123
843 191
843 174
843 85
844 176
844 100
844 85
844 1
844 267
844 64
845 135
845 117
845 23
845 137
845 113
845 147
846 109
846 18
846 263
846 144
846 191
846 198
847 244
847 51
847 34
847 22
847 216
847 79
848 250
848 13
848 18
848 69
848 72
848 194
849 117
849 109
849 240
849 205
849 54
849 6
850 40
850 3
850 44
850 266
850 36
850 225
851 184
851 32
851 135
851 120
851 191
851 108
852 151
852 262
852 260
852 236
852 265
852 45
853 137
853 277
853 28
853 181
853 168
853 69
854 186
854 275
854 135
854 137
854 184
854 41
855 94
855 50
855 221
855 73
855 197
855 239
856 22
856 176
856 103
856 209
856 212
856 57
857 256
857 209
857 23
857 44
857 28
857 8
858 36
858 100
858 210
858 164
858 211
858 213
859 259
859 195
859 240
859 274
859 32
859 184
860 94
860 89
860 253
860 209
860 32
860 85
861 28
861 154
861 178
861 113
861 259
861 8
862 43
862 205
862 58
862 170
862 2
862 69
863 250
863 130
863 117
863 40
863 76
863 104
864 274
864 114
864 275
864 164
864 54
864 244
865 251
865 28
865 125
865 191
865 127
865 253
866 42
866 267
866 94
866 147
866 275
866 139
867 172
867 69
867 170
867 111
867 144
867 85
868 77
868 13
868 8
868 184
868 50
868 218
869 158
869 225
869 261
869 238
869 100
869 277
870 156
870 102
870 186
870 182
870 191
870 238
871 18
871 137
871 240
871 107
871 259
871 76
872 184
872 86
872 40
872 22
872 244
872 42
873 107
873 38
873 125
873 121
873 45
873 135
874 18
874 194
874 128
874 56
874 150
874 13
875 56
875 113
875 117
875 234
875 87
875 57
876 86
876 218
876 166
876 110
876 209
876 259
877 147
877 256
877 225
877 236
877 76
877 261
878 20
878 147
878 171
878 157
878 190
878 266
879 36
879 157
879 265
879 240
879 147
879 244
880 28
880 64
880 244
880 209
880 120
880 135
881 44
881 127
881 4
881 174
881 64
881 34
882 80
882 108
882 147
882 94
882 102
882 89
883 22
883 94
883 163
883 69
883 251
883 32
884 130
884 272
884 56
884 107
884 86
884 94
885 194
885 137
885 87
885 44
885 125
885 0
886 130
886 187
886 18
886 97
886 236
886 144
887 148
887 18
887 178
887 244
887 214
887 157
888 221
888 260
888 187
888 113
888 170
888 270
889 94
889 219
889 38
889 20
889 14
889 140
890 86
890 111
890 147
890 139
890 256
890 80
891 107
891 54
891 86
891 122
891 238
891 105
892 86
892 34
892 232
892 175
892 156
892 209
893 144
893 186
893 55
893 76
893 86
893 163
894 111
894 150
894 23
894 232
894 217
894 147
895 186
895 103
895 28
895 13
895 18
895 105
896 209
896 144
896 184
896 267
896 139
896 203
897 86
897 203
897 186
897 161
897 125
897 173
898 244
898 209
898 194
898 57
898 95
898 195
899 268
899 215
899 86
899 8
899 194
899 170
900 274
900 74
900 170
900 203
900 14
900 166
901 250
901 209
901 32
901 40
901 174
901 80
902 158
902 186
902 225
902 55
902 232
902 161
903 34
903 64
903 191
903 184
903 94
903 147
904 18
904 69
904 54
904 253
904 218
904 20
905 205
905 275
905 174
905 261
905 268
905 110
906 147
906 125
906 127
906 144
906 200
906 103
907 94
907 225
907 135
907 191
907 182
907 149
908 157
908 264
908 94
908 120
908 87
908 103
909 135
909 213
909 43
909 176
909 32
909 270
910 221
910 6
910 203
910 8
910 9
910 13
911 159
911 64
911 120
911 174
911 135
911 55
912 36
912 38
912 256
912 28
912 209
912 190
913 117
913 100
913 190
913 275
913 18
913 236
914 57
914 234
914 232
914 180
914 236
914 135
915 172
915 186
915 144
915 130
915 105
915 244
916 9
916 259
916 53
916 62
916 170
916 13
917 105
917 160
917 248
917 276
917 148
917 270
918 19
918 69
918 210
918 120
918 62
918 51
919 75
919 273
919 64
919 50
919 94
919 22
920 125
920 151
920 13
920 217
920 127
920 64
921 109
921 18
921 232
921 163
921 221
921 80
922 181
922 51
922 127
922 9
922 232
922 100
923 194
923 125
923 28
923 259
923 157
923 19
924 164
924 216
924 253
924 178
924 11
924 135
925 197
925 57
925 275
925 210
925 221
925 73
926 181
926 203
926 64
926 238
926 184
926 11
927 187
927 122
927 89
927 225
927 50
927 209
928 274
928 256
928 144
928 137
928 32
928 213
929 212
929 273
929 42
929 180
929 125
929 150
930 209
930 225
930 62
930 219
930 6
930 232
931 74
931 46
931 178
931 105
931 62
931 95
932 161
932 135
932 125
932 148
932 114
932 194
933 175
933 152
933 275
933 120
933 128
933 221
934 144
934 42
934 107
934 168
934 20
934 139
935 1
935 95
935 80
935 105
935 20
935 122
936 2
936 109
936 20
936 40
936 41
936 270
937 248
937 19
937 34
937 76
937 18
937 22
938 171
938 28
938 46
938 263
938 73
938 200
939 220
939 18
939 259
939 86
939 160
939 195
940 14
940 182
940 18
940 144
940 100
940 236
941 28
941 250
941 100
941 32
941 22
941 272
942 120
942 266
942 200
942 172
942 94
942 100
943 117
943 157
943 52
943 240
943 62
943 160
944 137
944 74
944 98
944 135
944 50
944 94
945 266
945 121
945 77
945 120
945 173
945 86
946 236
946 62
946 135
946 178
946 147
946 186
947 144
947 256
947 147
947 260
947 86
947 184
948 22
948 195
948 9
948 163
948 113
948 62
949 195
949 264
949 190
949 150
949 73
949 9
950 6
950 144
950 54
950 277
950 139
950 73
951 89
951 94
951 50
951 221
951 73
951 136
952 79
952 43
952 73
952 268
952 89
952 213
953 135
953 178
953 160
953 51
953 0
953 75
954 120
954 22
954 73
954 75
954 137
954 3
955 238
955 217
955 86
955 239
955 62
955 163
956 3
956 180
956 37
956 38
956 197
956 98
957 14
957 94
957 161
957 215
957 135
957 100
958 0
958 28
958 263
958 18
958 232
958 73
959 22
959 73
959 190
959 151
959 250
959 186
960 130
960 135
960 236
960 253
960 164
960 209
961 6
961 156
961 9
961 259
961 50
961 160
962 259
962 18
962 212
962 86
962 239
962 236
963 135
963 43
963 37
963 182
963 168
963 274
964 36
964 184
964 98
964 123
964 62
964 86
965 259
965 86
965 77
965 236
965 51
965 186
966 149
966 256
966 73
966 127
966 18
966 170
967 238
967 32
967 108
967 78
967 86
967 101
968 194
968 139
968 50
968 200
968 203
968 54
969 232
969 250
969 73
969 86
969 89
969 195
970 28
970 244
970 196
970 151
970 212
970 73
971 44
971 101
971 144
971 40
971 14
971 140
972 86
972 259
972 96
972 244
972 98
972 173
973 89
973 198
973 236
973 87
973 253
973 194
974 149
974 144
974 205
974 238
974 38
974 184
975 13
975 236
975 120
975 232
975 225
975 234
976 158
976 190
976 195
976 135
976 198
976 117
977 87
977 137
977 232
977 244
977 139
977 219
978 55
978 205
978 194
978 182
978 256
978 178
979 64
979 225
979 213
979 244
979 221
979 127
980 259
980 28
980 94
980 164
980 244
980 144
981 270
981 225
981 74
981 100
981 64
981 46
982 225
982 46
982 156
982 125
982 144
982 57
983 186
983 135
983 87
983 89
983 109
983 236
984 238
984 144
984 42
984 147
984 149
984 236
985 259
985 203
985 212
985 40
985 79
985 50
986 117
986 173
986 212
986 32
986 148
986 209
987 40
987 62
987 105
987 89
987 117
987 13
988 102
988 154
988 205
988 18
988 135
988 28
989 64
989 250
989 74
989 50
989 253
989 259
990 171
990 274
990 98
990 104
990 94
990 64
991 225
991 239
991 145
991 148
991 270
991 217
992 203
992 136
992 42
992 98
992 147
992 244
993 239
993 272
993 267
993 181
993 56
993 190
994 32
994 144
994 41
994 87
994 89
994 225
995 62
995 55
995 120
995 32
995 182
995 163
996 13
996 261
996 127
996 147
996 210
996 3
997 73
997 13
997 184
997 117
997 225
997 57
998 157
998 77
998 11
998 37
998 250
998 277
999 195
999 11
999 42
999 32
999 260
999 123
1000 117
1000 87
1000 225
1000 55
1000 94
1000 173
1001 130
1001 18
1001 273
1001 251
1001 3
1001 136
1002 62
1002 156
1002 232
1002 106
1002 113
1002 195
1003 14
1003 23
1003 36
1003 145
1003 62
1003 117
1004 73
1004 270
1004 164
1004 32
1004 75
1004 87
1005 209
1005 94
1005 147
1005 211
1005 6
1005 120
1006 41
1006 184
1006 97
1006 263
1006 174
1006 62
1007 270
1007 98
1007 226
1007 94
1007 232
1007 244
1008 130
1008 239
1008 215
1008 77
1008 94
1008 139
1009 94
1009 232
1009 186
1009 32
1009 54
1009 244
1010 53
1010 125
1010 148
1010 9
1010 232
1010 150
1011 64
1011 128
1011 244
1011 140
1011 178
1011 166
1012 101
1012 136
1012 251
1012 212
1012 259
1012 34
1013 144
1013 62
1013 18
1013 147
1013 215
1013 95
1014 73
1014 114
1014 13
1014 168
1014 194
1014 239
1015 136
1015 73
1015 23
1015 78
1015 32
1015 264
1016 136
1016 73
1016 250
1016 262
1016 23
1016 264
1017 28
1017 152
1017 168
1017 277
1017 161
1017 232
1018 50
1018 94
1018 18
1018 95
1018 190
1018 272
1019 136
1019 232
1019 55
1019 140
1019 277
1019 184
1020 62
1020 149
1020 73
1020 94
1020 170
1020 137
1021 113
1021 273
1021 157
1021 73
1021 184
1021 270
1022 73
1022 36
1022 100
1022 97
1022 23
1022 272
1023 273
1023 23
1023 45
1023 28
1023 6
1023 18
1024 144
1024 34
1024 272
1024 244
1024 250
1024 236
1025 87
1025 123
1025 250
1025 137
1025 98
1025 18
1026 73
1026 75
1026 256
1026 270
1026 157
1026 161
1027 168
1027 244
1027 36
1027 32
1027 50
1027 113
1028 101
1028 52
1028 13
1028 260
1028 62
1028 232
1029 58
1029 150
1029 42
1029 200
1029 157
1029 232
1030 210
1030 211
1030 18
1030 53
1030 151
1030 213
1031 106
1031 51
1031 74
1031 239
1031 128
1031 215
1032 95
1032 1
1032 212
1032 232
1032 236
1032 41
1033 28
1033 127
1033 73
1033 102
1033 104
1033 216
1034 34
1034 9
1034 62
1034 28
1034 232
1034 100
1035 32
1035 232
1035 18
1035 239
1035 244
1035 19
1036 236
1036 87
1036 14
1036 104
1036 174
1036 32
1037 148
1037 171
1037 11
1037 1
1037 44
1037 114
1038 168
1038 213
1038 110
1038 18
1038 250
1038 140
1039 62
1039 100
1039 212
1039 28
1039 232
1039 153
1040 96
1040 23
1040 73
1040 98
1040 176
1040 13
1041 87
1041 220
1041 117
1041 74
1041 198
1041 272
1042 43
1042 87
1042 23
1042 161
1042 187
1042 11
1043 110
1043 163
1043 205
1043 190
1043 194
1043 6
1044 28
1044 267
1044 244
1044 137
1044 62
1044 259
1045 210
1045 194
1045 32
1045 36
1045 137
1045 96
1046 137
1046 79
1046 256
1046 9
1046 89
1046 18
1047 176
1047 196
1047 36
1047 2
1047 87
1047 107
1048 40
1048 9
1048 113
1048 157
1048 200
1048 211
1049 130
1049 108
1049 203
1049 264
1049 190
1049 42
1050 120
1050 87
1050 178
1050 168
1050 214
1050 170
1051 203
1051 259
1051 74
1051 1
1051 253
1051 194
1052 77
1052 108
1052 18
1052 32
1052 200
1052 196
1053 137
1053 64
1053 157
1053 148
1053 77
1053 244
1054 32
1054 210
1054 232
1054 62
1054 110
1054 117
1055 32
1055 145
1055 217
1055 154
1055 14
1055 197
1056 108
1056 194
1056 215
1056 232
1056 62
1056 253
1057 54
1057 36
1057 42
1057 130
1057 40
1057 137
1058 239
1058 107
1058 77
1058 113
1058 232
1058 36
1059 87
1059 40
1059 11
1059 117
1059 251
1059 168
1060 272
1060 23
1060 74
1060 137
1060 200
1060 52
1061 154
1061 239
1061 250
1061 40
1061 176
1061 28
1062 130
1062 140
1062 13
1062 277
1062 0
1062 137
1063 168
1063 127
1063 40
1063 117
1063 175
1063 213
1064 219
1064 75
1064 77
1064 203
1064 232
1064 18
1065 239
1065 232
1065 95
1065 212
1065 64
1065 74
1066 97
1066 139
1066 260
1066 211
1066 62
1066 277
1067 200
1067 96
1067 154
1067 130
1067 260
1067 168
1068 139
1068 176
1068 194
1068 3
1068 210
1068 147
1069 6
1069 210
1069 168
1069 18
1069 239
1069 187
1070 45
1070 96
1070 140
1070 9
1070 11
1070 34
1071 264
1071 40
1071 158
1071 89
1071 203
1071 6
1072 9
1072 203
1072 210
1072 23
1072 102
1072 137
1073 168
1073 28
1073 144
1073 32
1073 244
1073 74
1074 267
1074 244
1074 171
1074 18
1074 13
1074 274
1075 104
1075 74
1075 122
1075 127
1075 6
1075 267
1076 251
1076 184
1076 161
1076 77
1076 274
1076 275
1077 212
1077 11
1077 186
1077 194
1077 151
1077 117
1078 125
1078 50
1078 200
1078 62
1078 147
1078 78
1079 236
1079 42
1079 174
1079 158
1079 205
1079 232
1080 34
1080 11
1080 168
1080 0
1080 137
1080 170
1081 210
1081 168
1081 260
1081 232
1081 217
1081 113
1082 153
1082 87
1082 152
1082 28
1082 56
1082 62
1083 171
1083 266
1083 139
1083 260
1083 34
1083 28
1084 113
1084 168
1084 195
1084 74
1084 120
1084 13
1085 205
1085 50
1085 113
1085 42
1085 137
1085 200
1086 236
1086 200
1086 214
1086 232
1086 95
1086 216
1087 236
1087 212
1087 149
1087 105
1087 110
1087 203
1088 266
1088 137
1088 186
1088 127
1088 4
1088 250
1089 125
1089 170
1089 40
1089 190
1089 52
1089 253
1090 79
1090 236
1090 239
1090 123
1090 172
1090 0
1091 54
1091 28
1091 108
1091 182
1091 217
1091 163
1092 34
1092 0
1092 36
1092 184
1092 171
1092 4
1093 264
1093 51
1093 148
1093 54
1093 260
1093 165
1094 264
1094 262
1094 137
1094 267
1094 168
1094 250
1095 3
1095 180
1095 250
1095 123
1095 40
1095 137
1096 114
1096 6
1096 89
1096 122
1096 125
1096 178
1097 139
1097 122
1097 11
1097 175
1097 78
1097 203
1098 34
1098 161
1098 130
1098 190
1098 78
1098 272
1099 37
1099 95
1099 28
1099 147
1099 117
1099 34
1100 13
1100 98
1100 87
1100 210
1100 175
1100 197
1101 240
1101 158
1101 256
1101 264
1101 62
1101 53
1102 28
1102 250
1102 266
1102 18
1102 137
1102 6
1103 161
1103 268
1103 236
1103 101
1103 215
1103 107
1104 154
1104 236
1104 74
1104 140
1104 40
1104 203
1105 137
1105 171
1105 210
1105 87
1105 53
1105 102
1106 161
1106 41
1106 34
1106 270
1106 100
1106 194
1107 157
1107 52
1107 161
1107 75
1107 54
1107 154
1108 158
1108 96
1108 181
1108 34
1108 18
1108 52
1109 152
1109 18
1109 240
1109 19
1109 250
1109 95
1110 268
1110 270
1110 236
1110 87
1110 43
1110 44
1111 56
1111 260
1111 57
1111 18
1111 210
1111 190
1112 109
1112 127
1112 272
1112 190
1112 97
1112 137
1113 264
1113 13
1113 34
1113 62
1113 236
1113 18
1114 41
1114 198
1114 236
1114 96
1114 87
1114 157
1115 139
1115 196
1115 13
1115 253
1115 161
1115 220
1116 260
1116 262
1116 265
1116 105
1116 239
1116 163
1117 212
1117 250
1117 253
1117 125
1117 128
1117 130
1118 154
1118 210
1118 174
1118 40
1118 78
1118 95
1119 239
1119 110
1119 137
1119 87
1119 210
1119 262
1120 210
1120 123
1120 95
1120 120
1120 62
1120 168
1121 163
1121 95
1121 96
1121 120
1121 62
1121 212
1122 6
1122 107
1122 139
1122 187
1122 117
1122 216
1123 34
1123 239
1123 240
1123 36
1123 55
1123 87
1124 253
1124 213
1124 2
1124 54
1124 256
1124 240
1125 262
1125 240
1125 97
1125 89
1125 256
1125 250
1126 150
1126 87
1126 153
1126 277
1126 240
1126 104
1127 114
1127 148
1127 220
1127 264
1127 195
1127 34
1128 240
1128 9
1128 95
1128 117
1128 147
1128 20
1129 1
1129 4
1129 240
1129 87
1129 34
1129 42
1130 260
1130 240
1130 212
1130 74
1130 9
1130 168
1131 101
1131 74
1131 190
1131 171
1131 122
1131 34
1132 260
1132 34
1132 250
1132 203
1132 74
1132 253
1133 139
1133 34
1133 74
1133 187
1133 140
1133 264
1134 250
1134 178
1134 210
1134 34
1134 9
1134 139
1135 125
1135 20
1135 41
1135 104
1135 158
1135 210
1136 187
1136 74
1136 216
1136 218
1136 78
1136 139
1137 240
1137 100
1137 95
1137 190
1137 216
1137 57
1138 212
1138 149
1138 40
1138 147
1138 186
1138 171
1139 213
1139 250
1139 89
1139 78
1139 100
1139 270
1140 34
1140 205
1140 144
1140 164
1140 75
1140 168
1141 240
1141 120
1141 250
1141 256
1141 0
1141 178
1142 125
1142 190
1142 113
1142 100
1142 191
1142 120
1143 34
1143 36
1143 108
1143 218
1143 64
1143 240
1144 250
1144 158
1144 18
1144 98
1144 139
1144 205
1145 266
1145 240
1145 250
1145 6
1145 268
1145 36
1146 217
1146 40
1146 240
1146 87
1146 106
1146 108
1147 157
1147 46
1147 250
1147 106
1147 195
1147 240
1148 113
1148 19
1148 250
1148 97
1148 173
1148 240
1149 54
1149 253
1149 250
1149 174
1149 79
1149 36
1150 128
1150 10
1150 75
1150 97
1150 120
1150 139
1151 240
1151 158
1151 250
1151 120
1151 13
1151 253
1152 203
1152 253
1152 54
1152 100
1152 240
1152 34
1153 140
1153 75
1153 240
1153 163
1153 144
1153 165
1154 97
1154 240
1154 261
1154 95
1154 4
1154 34
1155 240
1155 75
1155 113
1155 144
1155 261
1155 52
1156 203
1156 144
1156 36
1156 266
1156 147
1156 256
1157 52
1157 122
1157 212
1157 58
1157 267
1157 109
1158 46
1158 163
1158 147
1158 58
1158 190
1158 52
1159 210
1159 190
1159 117
1159 277
1159 9
1159 174
1160 253
1160 194
1160 139
1160 272
1160 157
1160 36
1161 52
1161 261
1161 240
1161 175
1161 139
1161 108
1162 53
1162 75
1162 13
1162 19
1162 184
1162 3
1163 196
1163 174
1163 274
1163 275
1163 205
1163 87
1164 19
1164 240
1164 42
1164 87
1164 13
1164 251
1165 56
1165 109
1165 95
1165 194
1165 212
1165 113
1166 100
1166 270
1166 240
1166 56
1166 178
1166 256
1167 163
1167 240
1167 272
1167 268
1167 180
1167 251
1168 117
1168 203
1168 87
1168 19
1168 186
1168 213
1169 78
1169 277
1169 164
1169 147
1169 101
1169 9
1170 216
1170 120
1170 157
1170 213
1170 210
1170 186
1171 190
1171 251
1171 113
1171 78
1171 106
1171 95
1172 197
1172 205
1172 3
1172 194
1172 253
1172 240
1173 87
1173 268
1173 186
1173 3
1173 191
1173 117
1174 57
1174 194
1174 219
1174 122
1174 220
1174 130
1175 174
1175 251
1175 240
1175 113
1175 97
1175 117
1176 181
1176 260
1176 117
1176 96
1176 98
1176 100
1177 260
1177 139
1177 52
1177 54
1177 240
1177 149
1178 168
1178 170
1178 125
1178 52
1178 46
1178 10
1179 240
1179 34
1179 127
1179 251
1179 267
1179 95
1180 163
1180 216
1180 34
1180 240
1180 36
1180 170
1181 274
1181 87
1181 64
1181 19
1181 34
1181 102
1182 272
1182 40
1182 219
1182 37
1182 19
1182 87
1183 190
1183 186
1183 168
1183 9
1183 218
1183 87
1184 109
1184 251
1184 4
1184 181
1184 40
1184 253
1185 107
1185 13
1185 186
1185 75
1185 19
1185 139
1186 240
1186 277
1186 54
1186 97
1186 52
1186 101
1187 153
1187 197
1187 172
1187 180
1187 178
1187 251
1188 34
1188 272
1188 125
1188 144
1188 10
1188 139
1189 158
1189 87
1189 19
1189 46
1189 261
1189 34
1190 127
1190 101
1190 256
1190 190
1190 195
1190 264
1191 240
1191 251
1191 253
1191 191
1191 11
1191 217
1192 40
1192 64
1192 178
1192 52
1192 87
1192 57
1193 36
1193 212
1193 19
1193 203
1193 122
1193 40
1194 180
1194 152
1194 52
1194 6
1194 95
1194 164
1195 9
1195 87
1195 122
1195 144
1195 150
1195 251
1196 266
1196 75
1196 251
1196 40
1196 253
1196 171
1197 75
1197 9
1197 262
1197 87
1197 182
1197 212
1198 9
1198 217
1198 117
1198 194
1198 191
1198 163
1199 240
1199 212
1199 190
1199 95
1199 87
1199 220
1200 190
1200 270
1200 11
1200 251
1200 139
1200 78
1201 260
1201 220
1201 163
1201 3
1201 190
1201 165
1202 122
1202 168
1202 251
1202 75
1202 253
1202 216
1203 87
1203 240
1203 9
1203 102
1203 75
1203 163
1204 128
1204 9
1204 53
1204 44
1204 37
1204 216
1205 139
1205 113
1205 140
1205 218
1205 275
1205 240
1206 212
1206 113
1206 260
1206 251
1206 194
1206 64
1207 240
1207 172
1207 251
1207 253
1207 95
1207 203
1208 87
1208 144
1208 253
1208 270
1208 36
1208 75
1209 36
1209 98
1209 191
1209 253
1209 106
1209 64
1210 64
1210 253
1210 95
1210 46
1210 260
1210 79
1211 37
1211 260
1211 213
1211 262
1211 163
1211 58
1212 260
1212 216
1212 168
1212 36
1212 19
1212 262
1213 110
1213 102
1213 215
1213 147
1213 270
1213 87
1214 36
1214 40
1214 46
1214 97
1214 87
1214 260
1215 171
1215 75
1215 157
1215 113
1215 275
1215 103
1216 95
1216 96
1216 164
1216 260
1216 168
1216 212
1217 78
1217 0
1217 87
1217 52
1217 182
1217 170
1218 260
1218 56
1218 89
1218 52
1218 6
1218 262
1219 20
1219 216
1219 64
1219 89
1219 152
1219 95
1220 165
1220 109
1220 260
1220 54
1220 79
1220 170
1221 139
1221 200
1221 140
1221 260
1221 55
1221 262
1222 36
1222 219
1222 170
1222 176
1222 139
1222 260
1223 219
1223 170
1223 122
1223 130
1223 125
1223 157
1224 36
1224 114
1224 40
1224 75
1224 41
1224 89
1225 191
1225 205
1225 95
1225 260
1225 40
1225 144
1226 260
1226 52
1226 10
1226 264
1226 89
1226 40
1227 184
1227 262
1227 13
1227 260
1227 36
1227 139
1228 125
1228 163
1228 191
1228 148
1228 122
1228 127
1229 158
1229 106
1229 89
1229 220
1229 210
1229 260
1230 52
1230 37
1230 56
1230 186
1230 260
1230 43
1231 260
1231 182
1231 262
1231 205
1231 37
1231 144
1232 57
1232 46
1232 260
1232 262
1232 96
1232 52
1233 182
1233 113
1233 218
1233 210
1233 277
1233 37
1234 264
1234 37
1234 40
1234 52
1234 260
1234 265
1235 171
1235 148
1235 270
1235 262
1235 158
1235 267
1236 163
1236 53
1236 260
1236 165
1236 1
1236 78
1237 37
1237 125
1237 205
1237 117
1237 9
1237 122
1238 117
1238 260
1238 19
1238 95
1238 75
1238 122
1239 215
1239 53
1239 37
1239 75
1239 40
1239 163
1240 19
1240 172
1240 37
1240 56
1240 178
1240 40
1241 260
1241 145
1241 78
1241 0
1241 149
1241 262
1242 53
1242 55
1242 37
1242 194
1242 117
1242 0
1243 130
1243 260
1243 89
1243 262
1243 157
1243 64
1244 37
1244 95
1244 260
1244 262
1244 163
1244 168
1245 260
1245 56
1245 64
1245 37
1245 270
1245 14
1246 191
1246 139
1246 260
1246 89
1246 95
1246 164
1247 53
1247 186
1247 150
1247 40
1247 56
1247 37
1248 37
1248 95
1248 272
1248 78
1248 157
1248 110
1249 109
1249 100
1249 260
1249 262
1249 122
1249 125
1250 78
1250 260
1250 262
1250 89
1250 210
1250 37
1251 261
1251 78
1251 210
1251 106
1251 113
1251 110
1252 145
1252 101
1252 158
1252 205
1252 106
1252 164
1253 19
1253 122
1253 78
1253 79
1253 101
1253 95
1254 170
1254 139
1254 181
1254 261
1254 174
1254 266
1255 139
1255 264
1255 19
1255 125
1255 37
1255 1
1256 53
1256 261
1256 13
1256 117
1256 178
1256 180
1257 181
1257 13
1257 261
1257 148
1257 262
1257 127
1258 151
1258 78
1258 178
1258 19
1258 64
1258 37
1259 261
1259 210
1259 262
1259 117
1259 107
1259 181
1260 261
1260 9
1260 89
1260 194
1260 262
1260 46
1261 261
1261 262
1261 0
1261 150
1261 264
1261 180
1262 42
1262 164
1262 37
1262 168
1262 40
1262 78
1263 168
1263 210
1263 1
1263 95
1263 268
1263 101
1264 198
1264 261
1264 145
1264 130
1264 262
1264 264
1265 78
1265 181
1265 4
1265 122
1265 147
1265 139
1266 37
1266 272
1266 149
1266 182
1266 264
1266 262
1267 139
1267 107
1267 6
1267 37
1267 266
1267 186
1268 261
1268 173
1268 275
1268 37
1268 53
1268 110
1269 53
1269 212
1269 54
1269 164
1269 57
1269 261
1270 79
1270 261
1270 37
1270 96
1270 40
1270 220
1271 95
1271 261
1271 125
1271 89
1271 122
1271 210
1272 64
1272 78
1272 40
1272 13
1272 37
1272 261
1273 0
1273 168
1273 178
1273 53
1273 262
1273 170
1274 78
1274 53
1274 79
1274 139
1274 261
1274 58
1275 96
1275 43
1275 264
1275 122
1275 148
1275 172
1276 170
1276 37
1276 261
1276 14
1276 262
1276 157
1277 194
1277 13
1277 261
1277 205
1277 107
1277 262
1278 89
1278 261
1278 78
1278 104
1278 109
1278 40
1279 170
1279 194
1279 125
1279 89
1279 186
1279 37
1280 212
1280 272
1280 158
1280 53
1280 37
1280 10
1281 176
1281 122
1281 78
1281 210
1281 261
1281 140
1282 152
1282 140
1282 157
1282 261
1282 37
1282 145
1283 37
1283 53
1283 46
1283 145
1283 180
1283 187
1284 178
1284 261
1284 262
1284 264
1284 205
1284 147
1285 4
1285 53
1285 164
1285 64
1285 6
1285 45
1286 95
1286 261
1286 191
1286 273
1286 140
1286 109
1287 57
1287 43
1287 78
1287 64
1287 37
1287 13
1288 261
1288 210
1288 37
1288 113
1288 274
1288 197
1289 101
1289 262
1289 37
1289 140
1289 264
1289 89
1290 37
1290 262
1290 89
1290 191
1290 264
1290 102
1291 130
1291 178
1291 262
1291 264
1291 265
1291 148
1292 262
1292 6
1292 264
1292 13
1292 37
1292 265
1293 195
1293 266
1293 262
1293 37
1293 6
1293 130
1294 101
1294 181
1294 272
1294 3
1294 164
1294 264
1295 95
1295 6
1295 37
1295 89
1295 78
1295 172
1296 140
1296 264
1296 78
1296 14
1296 210
1296 64
1297 205
1297 212
1297 64
1297 145
1297 53
1297 264
1298 89
1298 180
1298 53
1298 140
1298 1
1298 3
1299 128
1299 89
1299 53
1299 264
1299 170
1299 122
1300 157
1300 200
1300 191
1300 78
1300 123
1300 145
1301 127
1301 40
1301 210
1301 106
1301 264
1301 128
1302 78
1302 145
1302 200
1302 184
1302 58
1302 154
1303 104
1303 64
1303 170
1303 40
1303 157
1303 218
1304 127
1304 264
1304 40
1304 265
1304 41
1304 58
1305 184
1305 171
1305 147
1305 216
1305 40
1305 264
1306 78
1306 191
1306 150
1306 10
1306 175
1306 140
1307 210
1307 178
1307 148
1307 164
1307 19
1307 78
1308 40
1308 78
1308 127
1308 264
1308 265
1308 122
1309 140
1309 264
1309 215
1309 42
1309 200
1309 9
1310 19
1310 164
1310 122
1310 89
1310 145
1310 64
1311 19
1311 1
1311 264
1311 78
1311 210
1311 9
1312 40
1312 191
1312 113
1312 122
1312 89
1312 96
1313 122
1313 107
1313 186
1313 41
1313 53
1313 180
1314 130
1314 220
1314 101
1314 78
1314 264
1314 153
1315 164
1315 140
1315 78
1315 3
1315 196
1315 41
1316 19
1316 152
1316 42
1316 6
1316 174
1316 264
1317 78
1317 267
1317 264
1317 273
1317 103
1317 145
1318 41
1318 164
1318 140
1318 212
1318 19
1318 152
1319 264
1319 41
1319 140
1319 104
1319 265
1319 270
1320 164
1320 264
1320 198
1320 122
1320 265
1320 98
1321 122
1321 106
1321 20
1321 102
1321 264
1321 110
1322 19
1322 194
1322 9
1322 184
1322 41
1322 107
1323 180
1323 89
1323 130
1323 264
1323 265
1323 267
1324 42
1324 101
1324 164
1324 275
1324 44
1324 264
1325 267
1325 205
1325 122
1325 64
1325 264
1325 78
1326 113
1326 266
1326 43
1326 44
1326 89
1326 78
1327 122
1327 264
1327 6
1327 89
1327 3
1327 170
1328 140
1328 264
1328 114
1328 104
1328 170
1328 78
1329 212
1329 42
1329 78
1329 44
1329 46
1329 79
1330 106
1330 157
1330 64
1330 264
1330 198
1330 95
1331 264
1331 109
1331 42
1331 19
1331 122
1331 198
1332 96
1332 264
1332 212
1332 103
1332 176
1332 122
1333 171
1333 106
1333 104
1333 78
1333 53
1333 264
1334 78
1334 272
1334 157
1334 210
1334 103
1334 19
1335 53
1335 123
1335 265
1335 95
1335 157
1335 267
1336 265
1336 106
1336 210
1336 128
1336 196
1336 140
1337 6
1337 101
1337 113
1337 122
1337 53
1337 265
1338 89
1338 104
1338 148
1338 78
1338 272
1338 122
1339 265
1339 42
1339 95
1339 64
1339 78
1339 19
1340 101
1340 95
1340 79
1340 164
1340 152
1340 97
1341 265
1341 122
1341 42
1341 267
1341 53
1341 268
1342 64
1342 265
1342 42
1342 44
1342 122
1342 46
1343 265
1343 79
1343 267
1343 216
1343 154
1343 113
1344 275
1344 265
1344 57
1344 191
1344 44
1344 205
1345 98
1345 11
1345 128
1345 205
1345 187
1345 122
1346 42
1346 184
1346 53
1346 180
1346 265
1346 97
1347 89
1347 164
1347 103
1347 95
1347 265
1347 267
1348 265
1348 140
1348 125
1348 150
1348 42
1348 114
1349 265
1349 176
1349 194
1349 42
1349 44
1349 272
1350 266
1350 268
1350 152
1350 79
1350 210
1350 270
1351 180
1351 266
1351 213
1351 19
1351 98
1351 79
1352 79
1352 266
1352 274
1352 10
1352 107
1352 152
1353 186
1353 184
1353 170
1353 267
1353 6
1353 103
1354 42
1354 140
1354 44
1354 191
1354 114
1354 46
1355 184
1355 164
1355 79
1355 212
1355 267
1355 200
1356 140
1356 145
1356 267
1356 212
1356 4
1356 96
1357 140
1357 212
1357 122
1357 79
1357 1
1357 89
1358 215
1358 212
1358 267
1358 273
1358 53
1358 4
1359 79
1359 198
1359 89
1359 196
1359 186
1359 158
1360 267
1360 268
1360 191
1360 149
1360 270
1360 272
1361 122
1361 125
1361 42
1361 180
1361 145
1361 45
1362 42
1362 200
1362 45
1362 106
1362 79
1362 122
1363 170
1363 272
1363 107
1363 11
1363 267
1363 19
1364 96
1364 186
1364 172
1364 106
1364 89
1364 267
1365 130
1365 19
1365 267
1365 110
1365 101
1365 64
1366 79
1366 42
1366 267
1366 96
1366 212
1366 268
1367 212
1367 79
1367 19
1367 267
1367 140
1367 53
1368 79
1368 164
1368 96
1368 196
1368 103
1368 98
1369 268
1369 79
1369 140
1369 114
1369 186
1369 96
1370 79
1370 96
1370 191
1370 42
1370 104
1370 6
1371 11
1371 101
1371 53
1371 268
1371 106
1371 64
1372 145
1372 102
1372 214
1372 268
1372 158
1372 42
1373 268
1373 96
1373 98
1373 191
1373 42
1373 101
1374 96
1374 268
1374 19
1374 9
1374 42
1374 147
1375 184
1375 42
1375 270
1375 96
1375 98
1375 181
1376 212
1376 64
1376 79
1376 122
1376 96
1376 19
1377 186
1377 96
1377 98
1377 79
1377 212
1377 220
1378 171
1378 157
1378 79
1378 19
1378 0
1378 164
1379 79
1379 270
1379 214
1379 97
1379 130
1379 272
1380 215
1380 64
1380 275
1380 42
1380 98
1380 140
1381 97
1381 101
1381 273
1381 122
1381 19
1381 172
1382 194
1382 140
1382 182
1382 97
1382 172
1382 270
1383 176
1383 164
1383 79
1383 270
1383 172
1383 272
1384 270
1384 6
1384 97
1384 272
1384 164
1384 145
1385 140
1385 42
1385 218
1385 164
1385 79
1385 275
1386 191
1386 101
1386 127
1386 64
1386 270
1386 114
1387 3
1387 125
1387 130
1387 97
1387 270
1387 181
1388 79
1388 216
1388 176
1388 270
1388 42
1388 3
1389 149
1389 270
1389 97
1389 79
1389 272
1389 274
1390 270
1390 53
1390 272
1390 101
1390 42
1390 97
1391 42
1391 186
1391 0
1391 97
1391 64
1391 205
1392 270
1392 212
1392 64
1392 97
1392 101
1392 122
1393 45
1393 53
1393 270
1393 164
1393 272
1393 64
1394 270
1394 195
1394 145
1394 97
1394 53
1394 272
1395 186
1395 42
1395 270
1395 55
1395 0
1395 57
1396 182
1396 106
1396 19
1396 205
1396 42
1396 212
1397 1
1397 181
1397 106
1397 172
1397 101
1397 270
1398 97
1398 54
1398 212
1398 42
1398 270
1398 64
1399 172
1399 19
1399 200
1399 186
1399 270
1399 272
1400 130
1400 150
1400 172
1400 6
1400 148
1400 176
1401 212
1401 270
1401 46
1401 128
1401 107
1401 164
1402 42
1402 98
1402 195
1402 157
1402 174
1402 101
1403 103
1403 180
1403 54
1403 200
1403 1
1403 98
1404 212
1404 109
1404 270
1404 272
1404 107
1404 274
1405 217
1405 270
1405 42
1405 98
1405 272
1405 102
1406 42
1406 45
1406 197
1406 172
1406 122
1406 98
1407 164
1407 205
1407 42
1407 172
1407 101
1407 196
1408 270
1408 42
1408 194
1408 272
1408 150
1408 0
1409 20
1409 140
1409 172
1409 98
1409 128
1409 216
1410 98
1410 140
1410 42
1410 270
1410 272
1410 200
1411 98
1411 101
1411 214
1411 274
1411 145
1411 102
1412 145
1412 172
1412 140
1412 270
1412 184
1412 46
1413 114
1413 182
1413 140
1413 45
1413 194
1413 172
1414 270
1414 272
1414 145
1414 101
1414 42
1414 274
1415 42
1415 55
1415 198
1415 98
1415 45
1415 272
1416 175
1416 176
1416 272
1416 274
1416 0
1416 106
1417 191
1417 217
1417 158
1417 42
1417 98
1417 274
1418 55
1418 213
1418 140
1418 150
1418 217
1418 272
1419 212
1419 272
1419 98
1419 184
1419 9
1419 101
1420 140
1420 272
1420 147
1420 274
1420 145
1420 275
1421 272
1421 9
1421 164
1421 186
1421 98
1421 157
1422 186
1422 140
1422 45
1422 272
1422 98
1422 101
1423 205
1423 212
1423 123
1423 42
1423 19
1423 272
1424 42
1424 197
1424 45
1424 212
1424 98
1424 123
1425 145
1425 130
1425 164
1425 42
1425 98
1425 152
1426 153
1426 164
1426 125
1426 272
1426 98
1426 172
1427 101
1427 9
1427 158
1427 272
1427 172
1427 42
1428 130
1428 147
1428 212
1428 109
1428 42
1428 45
1429 123
1429 101
1429 205
1429 125
1429 272
1429 53
1430 194
1430 101
1430 273
1430 164
1430 130
1430 42
1431 180
1431 273
1431 58
1431 200
1431 145
1431 275
1432 212
1432 273
1432 42
1432 175
1432 172
1432 205
1433 101
1433 102
1433 104
1433 148
1433 106
1433 175
1434 130
1434 3
1434 42
1434 158
1434 123
1434 19
1435 9
1435 175
1435 101
1435 102
1435 42
1435 172
1436 42
1436 180
1436 107
1436 101
1436 172
1436 140
1437 273
1437 172
1437 125
1437 42
1437 101
1437 102
1438 53
1438 191
1438 42
1438 187
1438 45
1438 274
1439 0
1439 19
1439 140
1439 186
1439 53
1439 54
1440 101
1440 102
1440 57
1440 172
1440 274
1440 154
1441 145
1441 109
1441 101
1441 274
1441 9
1441 275
1442 274
1442 53
1442 54
1442 127
1442 42
1442 45
1443 19
1443 6
1443 164
1443 275
1443 0
1443 3
1444 153
1444 275
1444 0
1444 3
1444 173
1444 212
1445 123
1445 220
1445 57
1445 43
1445 200
1445 195
1446 275
1446 205
1446 147
1446 212
1446 198
1446 0
1447 198
1447 123
1447 57
1447 147
1447 197
1447 149
1448 53
1448 54
1448 19
1448 101
1448 212
1448 102
1449 101
1449 123
1449 19
1449 212
1449 180
1449 275
1450 101
1450 43
1450 45
1450 217
1450 275
1450 110
1451 101
1451 275
1451 43
1451 0
1451 149
1451 3
1452 107
1452 101
1452 275
1452 147
1452 176
1452 0
1453 101
1453 127
1453 43
1453 102
1453 158
1453 109
1454 212
1454 174
1454 275
1454 0
1454 175
1454 3
1455 200
1455 43
1455 148
1455 45
1455 198
1455 104
1456 53
1456 217
1456 164
1456 43
1456 101
1456 102
1457 275
1457 43
1457 0
1457 102
1457 180
1457 45
1458 102
1458 275
1458 180
1458 107
1458 104
1458 109
1459 181
1459 57
1459 275
1459 0
1459 123
1459 152
1460 102
1460 195
1460 53
1460 275
1460 148
1460 0
1461 275
1461 212
1461 0
1461 102
1461 148
1461 45
1462 275
1462 148
1462 102
1462 212
1462 43
1462 53
1463 102
1463 0
1463 213
1463 43
1463 220
1463 45
1464 0
1464 123
1464 149
1464 3
1464 6
1464 212
1465 0
1465 3
1465 43
1465 6
1465 9
1465 114
1466 43
1466 186
1466 176
1466 181
1466 213
1466 150
1467 0
1467 102
1467 104
1467 53
1467 3
1467 6
1468 0
1468 3
1468 123
1468 158
1468 127
1468 174
1469 150
1469 172
1469 102
1469 107
1469 152
1469 104
1470 125
1470 165
1470 109
1470 150
1470 102
1470 130
1471 150
1471 0
1471 123
1471 3
1471 114
1471 6
1472 150
1472 0
1472 3
1472 123
1472 152
1472 165
1473 150
1473 154
1473 0
1473 43
1473 3
1473 102
1474 104
1474 123
1474 43
1474 6
1474 0
1474 53
1475 102
1475 0
1475 104
1475 186
1475 172
1475 3
1476 109
1476 173
1476 123
1476 181
1476 191
1476 182
1477 9
1477 0
1477 172
1477 46
1477 102
1477 3
1478 43
1478 102
1478 104
1478 123
1478 107
1478 125
1479 45
1479 6
1479 57
1479 0
1479 3
1479 53
1480 213
1480 214
1480 217
1480 1
1480 45
1480 54
1481 217
1481 1
1481 130
1481 219
1481 102
1481 104
1482 1
1482 213
1482 3
1482 57
1482 200
1482 102
1483 107
1483 181
1483 3
1483 200
1483 103
1483 6
1484 172
1484 218
1484 123
1484 4
1484 45
1484 164
1485 150
1485 10
1485 6
1485 154
1485 102
1485 45
1486 102
1486 54
1486 6
1486 9
1486 172
1486 104
1487 45
1487 123
1487 102
1487 6
1487 9
1487 157
1488 6
1488 102
1488 10
1488 104
1488 107
1488 213
1489 45
1489 172
1489 6
1489 150
1489 219
1489 152
1490 103
1490 10
1490 109
1490 45
1490 213
1490 54
1491 172
1491 109
1491 150
1491 103
1491 153
1491 114
1492 191
1492 45
1492 54
1492 103
1492 109
1492 10
1493 150
1493 191
1493 10
1493 45
1493 54
1493 103
1494 103
1494 46
1494 181
1494 10
1494 172
1494 182
1495 125
1495 103
1495 196
1495 213
1495 54
1495 57
1496 46
1496 10
1496 103
1496 109
1496 187
1496 197
1497 11
1497 45
1497 54
1497 57
1497 109
1497 103
1498 175
1498 125
1498 45
1498 103
1498 172
1498 127
1499 103
1499 45
1499 54
1499 150
1499 57
1499 127
1500 217
1500 125
1500 103
1500 109
1500 11
1500 45
1501 11
1501 165
1501 103
1501 157
1501 150
1501 54
1502 11
1502 213
1502 45
1502 103
1502 109
1502 54
1503 11
1503 157
1503 125
1503 181
1503 45
1503 54
1504 191
1504 103
1504 213
1504 11
1504 45
1504 109
1505 104
1505 150
1505 194
1505 45
1505 11
1505 152
1506 150
1506 153
1506 11
1506 198
1506 184
1506 196
1507 172
1507 104
1507 150
1507 109
1507 114
1507 54
1508 11
1508 125
1508 104
1508 45
1508 157
1508 172
1509 45
1509 55
1509 128
1509 11
1509 57
1509 104
1510 11
1510 181
1510 173
1510 45
1510 220
1510 55
1511 175
1511 46
1511 11
1511 104
1511 55
1511 57
1512 125
1512 200
1512 11
1512 104
1512 109
1512 46
1513 165
1513 114
1513 11
1513 46
1513 184
1513 104
1514 57
1514 104
1514 213
1514 46
1514 154
1514 109
1515 11
1515 46
1515 150
1515 125
1515 213
1515 57
1516 46
1516 198
1516 104
1516 57
1516 109
1516 114
1517 11
1517 46
1517 125
1517 214
1517 150
1517 104
1518 11
1518 125
1518 46
1518 57
1518 104
1518 165
1519 104
1519 158
1519 46
1519 11
1519 58
1519 125
1520 46
1520 58
1520 104
1520 11
1520 109
1520 114
1521 104
1521 181
1521 157
1521 109
1521 150
1521 217
1522 213
1522 173
1522 175
1522 11
1522 58
1522 104
1523 150
1523 114
1523 11
1523 58
1523 219
1523 165
1524 11
1524 58
1524 104
1524 109
1524 114
1524 125
1525 104
1525 58
1525 128
1525 196
1525 11
1525 150
1526 104
1526 58
1526 110
1526 114
1526 11
1526 125
1527 58
1527 104
1527 110
1527 114
1527 125
1527 127
1528 58
1528 104
1528 11
1528 150
1528 110
1528 165
1529 58
1529 150
1529 152
1529 11
1529 104
1529 220
1530 11
1530 150
1530 165
1530 173
1530 152
1530 186
1531 213
1531 173
1531 11
1531 58
1531 110
1531 114
1532 110
1532 11
1532 58
1532 213
1532 114
1532 127
1533 58
1533 110
1533 114
1533 150
1533 125
1533 127
1534 110
1534 130
1534 58
1534 152
1534 114
1534 150
1535 110
1535 173
1535 58
1535 114
1535 125
1535 127
1536 110
1536 175
1536 186
1536 165
1536 58
1536 114
1537 158
1537 58
1537 110
1537 114
1537 130
1537 150
1538 220
1538 150
1538 58
1538 110
1538 154
1538 152
1539 152
1539 173
1539 58
1539 130
1539 110
1539 114
1540 200
1540 114
1540 198
1540 194
1540 130
1540 173
1541 58
1541 130
1541 213
1541 110
1541 114
1541 173
1542 58
1542 165
1542 110
1542 130
1542 152
1542 213
1543 213
1543 110
1543 186
1543 214
1543 130
1543 58
1544 165
1544 173
1544 58
1544 175
1544 198
1544 152
1545 58
1545 110
1545 130
1545 152
1545 153
1545 158
1546 58
1546 110
1546 130
1546 152
1546 154
1546 158
1547 130
1547 110
1547 58
1547 165
1547 152
1547 154
1548 110
1548 186
1548 130
1548 181
1548 58
1548 152
1549 58
1549 110
1549 165
1549 181
1549 130
1549 152
1550 130
1550 213
1550 152
1550 154
1550 58
1550 194
1551 173
1551 58
1551 110
1551 130
1551 152
1551 175
1552 152
1552 165
1552 58
1552 110
1552 130
1552 154
1553 110
1553 130
1553 154
1553 196
1553 158
1553 165
1554 110
1554 130
1554 154
1554 158
1554 165
1554 173
1555 110
1555 213
1555 165
1555 154
1555 158
1555 191
1556 154
1556 173
1556 110
1556 158
1556 213
1556 165
1557 110
1557 197
1557 154
1557 198
1557 165
1557 175
1558 154
1558 165
1558 175
1558 176
1558 181
1558 182
1559 195
1559 154
1559 186
1559 165
1559 175
1559 176
1560 154
1560 165
1560 220
1560 175
1560 213
1560 214
1561 154
1561 165
1561 175
1561 176
1561 181
1561 182
1562 175
1562 181
1562 154
1562 165
1562 176
1562 191
1563 154
1563 165
1563 181
1563 176
1563 182
1563 184
1564 186
1564 154
1564 176
1564 181
1564 182
1564 191
1565 154
1565 176
1565 181
1565 186
1565 191
1565 194
1566 154
1566 176
1566 181
1566 186
1566 191
1566 194
1567 154
1567 176
1567 181
1567 186
1567 191
1567 194
1568 220
1568 154
1568 176
1568 186
1568 181
1568 191
1569 154
1569 181
1569 176
1569 186
1569 191
1569 194
1570 198
1570 154
1570 176
1570 181
1570 191
1570 186
1571 154
1571 176
1571 186
1571 181
1571 191
1571 194
1572 186
1572 154
1572 176
1572 181
1572 191
1572 194
1573 154
1573 176
1573 217
1573 181
1573 187
1573 191
1574 176
1574 154
1574 181
1574 191
1574 187
1574 195
1575 214
1575 187
1575 154
1575 181
1575 191
1575 195
1576 154
1576 181
1576 187
1576 213
1576 191
1576 195
1577 154
1577 181
1577 187
1577 191
1577 195
1577 197
1578 154
1578 181
1578 187
1578 213
1578 191
1578 195
1579 181
1579 187
1579 191
1579 195
1579 197
1579 218
1580 181
1580 187
1580 191
1580 195
1580 197
1580 198
1581 181
1581 187
1581 191
1581 195
1581 197
1581 198
1582 181
1582 187
1582 191
1582 195
1582 197
1582 198
1583 181
1583 195
1583 187
1583 197
1583 198
1583 213
1584 187
1584 195
1584 197
1584 198
1584 213
1584 214
1585 187
1585 195
1585 214
1585 197
1585 198
1585 217
1586 187
1586 195
1586 197
1586 198
1586 214
1586 217
1587 187
1587 195
1587 197
1587 214
1587 217
1587 219
1588 187
1588 195
1588 197
1588 214
1588 217
1588 219
1589 187
1589 195
1589 197
1589 214
1589 217
1589 219
1590 187
1590 195
1590 214
1590 218
1590 197
1590 220
1591 187
1591 195
1591 197
1591 214
1591 218
1591 220
1592 187
1592 195
1592 214
1592 219
1592 220
1593 187
1593 196
1593 214
1593 219
1593 220
1594 187
1594 196
1594 214
1594 219
1594 220
1595 187
1595 196
1595 214
1595 219
1595 220
1596 214
1596 187
1596 196
1596 219
1596 220
1597 187
1597 196
1597 214
1597 219
1597 220
1598 219
1598 187
1598 196
1598 214
1598 220
1599 187
1599 196
1599 214
1599 219
1599 220
1600 196
1600 214
1600 219
1600 220
1601 196
1601 214
1601 219
1601 220
1602 196
1602 214
1602 219
1602 220
1603 196
1603 214
1603 219
1603 220
1604 196
1604 214
1604 219
1604 220
1605 196
1605 214
1605 219
1606 196
1606 214
1606 219
1607 196
1607 214
1607 219
1608 196
1608 214
1608 219
1609 214
1609 219
1610 214
1610 219
1611 214
1611 219
1612 214
1612 219
1613 214
1613 219
1614 214
1614 219
1615 214
1615 219
1616 219
1616 214
1617 214
1617 219
1618 214
1618 219
1619 214
1619 219
1620 219
1621 219
1622 219
1623 219
1624 219
1625 219
1626 219
