1 63
1 77
1 200
1 106
1 162
1 20
2 175
2 46
2 194
2 260
2 197
2 214
3 239
3 162
3 174
3 114
3 77
3 225
4 35
4 66
4 163
4 159
4 196
4 49
5 195
5 77
5 145
5 40
5 152
5 161
6 55
6 25
6 62
6 130
6 99
6 24
7 63
7 178
7 17
7 200
7 132
7 138
8 54
8 72
8 56
8 66
8 57
8 192
9 92
9 119
9 32
9 95
9 109
9 63
10 265
10 231
10 109
10 91
10 125
10 29
11 164
11 141
11 52
11 104
11 223
11 35
12 57
12 201
12 195
12 172
12 207
12 231
13 157
13 131
13 266
13 33
13 249
13 240
14 152
14 256
14 101
14 212
14 83
14 180
15 232
15 108
15 67
15 200
15 248
15 230
16 269
16 263
16 222
16 145
16 106
16 1
17 64
17 130
17 270
17 261
17 58
17 121
18 135
18 250
18 207
18 126
18 278
18 214
19 24
19 100
19 15
19 235
19 104
19 143
20 165
20 34
20 269
20 27
20 217
20 169
21 269
21 267
21 211
21 0
21 271
21 143
22 97
22 19
22 85
22 206
22 135
22 22
23 132
23 113
23 158
23 265
23 115
23 243
24 249
24 124
24 217
24 153
24 26
24 81
25 181
25 160
25 5
25 252
25 53
25 162
26 101
26 221
26 146
26 0
26 9
26 65
27 187
27 179
27 222
27 234
27 50
27 40
28 77
28 266
28 79
28 80
28 279
28 241
29 39
29 33
29 84
29 120
29 15
29 210
30 249
30 112
30 270
30 271
30 88
30 226
31 75
31 61
31 22
31 47
31 231
31 200
32 36
32 111
32 25
32 235
32 82
32 105
33 206
33 221
33 58
33 161
33 218
33 167
34 109
34 87
34 11
34 177
34 180
34 159
35 44
35 221
35 70
35 67
35 191
35 93
36 198
36 156
36 45
36 84
36 33
36 67
37 188
37 198
37 233
37 137
37 50
37 147
38 74
38 209
38 203
38 262
38 264
38 17
39 220
39 19
39 279
39 191
39 13
39 164
40 197
40 215
40 241
40 229
40 5
40 61
41 72
41 53
41 210
41 240
41 91
41 155
42 209
42 45
42 212
42 58
42 228
42 100
43 3
43 25
43 262
43 138
43 235
43 231
44 17
44 264
44 19
44 143
44 5
44 11
45 267
45 190
45 239
45 144
45 268
45 270
46 133
46 236
46 89
46 16
46 245
46 137
47 261
47 214
47 235
47 139
47 256
47 96
48 159
48 111
48 169
48 126
48 232
48 52
49 181
49 102
49 29
49 173
49 54
49 72
50 183
50 250
50 59
50 156
50 217
50 248
51 156
51 108
51 158
51 267
51 225
51 86
52 181
52 6
52 10
52 174
52 93
52 171
53 121
53 41
53 201
53 58
53 91
53 232
54 113
54 68
54 121
54 90
54 49
54 70
55 49
55 205
55 95
55 270
55 88
55 273
56 6
56 46
56 162
56 169
56 66
56 181
57 50
57 57
57 180
57 214
57 97
57 239
58 185
58 195
58 197
58 181
58 139
58 21
59 124
59 45
59 54
59 111
59 88
59 192
60 222
60 90
60 11
60 201
60 157
60 99
61 18
61 158
61 103
61 115
61 126
61 54
62 15
62 101
62 209
62 57
62 200
62 234
63 241
63 173
63 175
63 226
63 180
63 146
64 196
64 2
64 7
64 103
64 37
64 30
65 8
65 45
65 143
65 147
65 277
65 10
66 154
66 148
66 25
66 27
66 265
66 80
67 74
67 231
67 101
67 103
67 180
67 154
68 189
68 182
68 211
68 39
68 43
68 85
69 79
69 220
69 239
69 57
69 218
69 87
70 215
70 7
70 151
70 144
70 71
70 107
71 39
71 3
71 262
71 41
71 253
71 215
72 13
72 25
72 261
72 174
72 43
72 206
73 194
73 49
73 231
73 257
73 277
73 263
74 131
74 22
74 220
74 166
74 47
74 168
75 51
75 27
75 245
75 76
75 39
75 190
76 258
76 112
76 159
76 37
76 271
76 38
77 16
77 169
77 161
77 148
77 68
77 260
78 162
78 79
78 262
78 18
78 209
78 266
79 80
79 254
79 171
79 7
79 149
79 255
80 102
80 91
80 261
80 73
80 98
80 189
81 234
81 21
81 50
81 201
81 120
81 259
82 14
82 93
82 243
82 22
82 179
82 149
83 159
83 266
83 47
83 224
83 207
83 122
84 63
84 166
84 25
84 244
84 177
84 273
85 254
85 199
85 59
85 172
85 162
85 16
86 205
86 266
86 54
86 142
86 143
86 242
87 114
87 107
87 120
87 150
87 152
87 198
88 82
88 239
88 191
88 214
88 68
88 11
89 136
89 127
89 61
89 34
89 83
89 66
90 172
90 16
90 130
90 97
90 128
90 45
91 132
91 57
91 28
91 261
91 43
91 214
92 1
92 17
92 79
92 108
92 157
92 175
93 184
93 265
93 251
93 232
93 203
93 13
94 219
94 103
94 19
94 171
94 7
94 69
95 142
95 232
95 47
95 266
95 268
95 185
96 171
96 130
96 225
96 115
96 186
96 47
97 185
97 112
97 169
97 255
97 29
97 161
98 64
98 218
98 248
98 82
98 89
98 252
99 268
99 158
99 117
99 94
99 171
99 58
100 113
100 125
100 32
100 202
100 238
100 221
101 227
101 261
101 183
101 122
101 190
101 258
102 65
102 81
102 96
102 249
102 219
102 177
103 140
103 243
103 108
103 131
103 254
103 266
104 188
104 154
104 62
104 169
104 80
104 191
105 205
105 180
105 97
105 169
105 221
105 12
106 27
106 55
106 103
106 68
106 95
106 100
107 156
107 277
107 231
107 33
107 180
107 202
108 163
108 134
108 273
108 85
108 151
108 259
109 235
109 99
109 232
109 174
109 126
109 11
110 257
110 113
110 105
110 109
110 265
110 19
111 182
111 272
111 175
111 268
111 184
111 198
112 132
112 177
112 199
112 151
112 34
112 97
113 263
113 193
113 116
113 33
113 8
113 259
114 271
114 263
114 82
114 131
114 16
114 252
115 130
115 102
115 42
115 188
115 236
115 243
116 189
116 27
116 236
116 68
116 137
116 191
117 265
117 79
117 130
117 48
117 50
117 175
118 99
118 245
118 174
118 129
118 5
118 2
119 32
119 58
119 23
119 198
119 248
119 12
120 16
120 247
120 8
120 149
120 251
120 118
121 22
121 154
121 156
121 264
121 53
121 255
122 71
122 83
122 232
122 43
122 131
122 21
123 37
123 218
123 85
123 271
123 205
123 56
124 195
124 201
124 276
124 179
124 274
124 31
125 225
125 275
125 198
125 25
125 165
125 219
126 148
126 73
126 182
126 261
126 123
126 216
127 218
127 108
127 177
127 68
127 30
127 150
128 154
128 265
128 149
128 252
128 207
128 39
129 277
129 111
129 225
129 14
129 256
129 57
130 189
130 167
130 120
130 41
130 276
130 229
131 261
131 123
131 108
131 115
131 177
131 158
132 117
132 120
132 76
132 95
132 54
132 97
133 145
133 77
133 234
133 27
133 50
133 17
134 60
134 279
134 0
134 47
134 239
134 48
135 246
135 227
135 140
135 136
135 272
135 95
136 211
136 257
136 162
136 76
136 232
136 242
137 83
137 271
137 121
137 35
137 198
137 97
138 91
138 70
138 69
138 160
138 207
138 244
139 166
139 42
139 265
139 112
139 180
139 119
140 175
140 246
140 31
140 113
140 203
140 139
141 90
141 41
141 165
141 107
141 15
141 87
142 234
142 81
142 224
142 131
142 249
142 126
143 185
143 25
143 23
143 100
143 149
143 7
144 105
144 175
144 97
144 179
144 94
144 44
145 29
145 7
145 108
145 168
145 155
145 259
146 135
146 164
146 171
146 47
146 8
146 79
147 279
147 208
147 41
147 183
147 130
147 82
148 199
148 68
148 276
148 269
148 77
148 278
149 220
149 194
149 214
149 113
149 195
149 13
150 264
150 103
150 246
150 181
150 193
150 166
151 139
151 167
151 152
151 205
151 216
151 128
152 155
152 211
152 21
152 73
152 45
152 26
153 103
153 181
153 33
153 271
153 23
153 143
154 1
154 207
154 222
154 97
154 7
154 271
155 193
155 128
155 145
155 175
155 66
155 200
156 131
156 125
156 1
156 88
156 73
156 269
157 232
157 77
157 30
157 72
157 138
157 5
158 168
158 143
158 68
158 142
158 188
158 94
159 105
159 212
159 171
159 5
159 201
159 3
160 185
160 265
160 171
160 75
160 103
160 172
161 206
161 42
161 244
161 117
161 195
161 49
162 224
162 80
162 211
162 5
162 237
162 11
163 158
163 224
163 226
163 269
163 234
163 4
164 187
164 4
164 97
164 168
164 160
164 272
165 275
165 267
165 47
165 94
165 216
165 66
166 178
166 182
166 77
166 63
166 238
166 16
167 7
167 161
167 226
167 209
167 264
167 179
168 238
168 192
168 202
168 152
168 32
168 182
169 8
169 15
169 216
169 220
169 182
169 44
170 120
170 97
170 83
170 85
170 81
170 266
171 108
171 170
171 232
171 153
171 213
171 234
172 148
172 211
172 265
172 126
172 264
172 152
173 260
173 188
173 38
173 185
173 199
173 235
174 185
174 213
174 234
174 122
174 83
174 62
175 224
175 23
175 3
175 264
175 12
175 241
176 267
176 50
176 89
176 71
176 255
176 204
177 227
177 106
177 28
177 77
177 121
177 155
178 60
178 155
178 234
178 258
178 236
178 112
179 83
179 88
179 234
179 159
179 141
179 122
180 168
180 51
180 275
180 218
180 44
180 232
181 8
181 75
181 146
181 259
181 213
181 172
182 36
182 53
182 148
182 244
182 253
182 177
183 258
183 180
183 140
183 128
183 69
183 114
184 101
184 150
184 17
184 214
184 144
184 0
185 210
185 202
185 34
185 169
185 75
185 157
186 275
186 10
186 207
186 224
186 69
186 252
187 238
187 1
187 34
187 168
187 254
187 108
188 104
188 277
188 163
188 264
188 168
188 234
189 13
189 208
189 31
189 224
189 199
189 97
190 214
190 137
190 144
190 259
190 39
190 253
191 242
191 16
191 100
191 206
191 176
191 142
192 164
192 142
192 4
192 60
192 126
192 203
193 111
193 140
193 94
193 109
193 234
193 254
194 164
194 221
194 120
194 212
194 129
194 38
195 38
195 72
195 235
195 16
195 74
195 262
196 169
196 159
196 117
196 145
196 79
196 258
197 190
197 260
197 173
197 152
197 201
197 138
198 138
198 54
198 180
198 131
198 69
198 133
199 29
199 201
199 261
199 255
199 249
199 87
200 94
200 136
200 95
200 97
200 169
200 209
201 171
201 23
201 279
201 194
201 121
201 228
202 1
202 78
202 143
202 126
202 117
202 202
203 203
203 165
203 234
203 19
203 105
203 154
204 275
204 141
204 166
204 51
204 148
204 16
205 58
205 20
205 116
205 243
205 5
205 192
206 216
206 91
206 246
206 229
206 232
206 14
207 164
207 109
207 188
207 199
207 16
207 65
208 170
208 94
208 278
208 7
208 173
208 183
209 65
209 179
209 112
209 254
209 71
209 25
210 203
210 186
210 268
210 54
210 88
210 256
211 88
211 46
211 134
211 116
211 2
211 57
212 166
212 223
212 188
212 89
212 26
212 68
213 203
213 132
213 86
213 34
213 44
213 194
214 116
214 38
214 202
214 227
214 20
214 123
215 23
215 275
215 57
215 148
215 186
215 219
216 195
216 252
216 52
216 163
216 228
216 133
217 115
217 7
217 98
217 194
217 145
217 176
218 18
218 60
218 14
218 11
218 208
218 43
219 2
219 240
219 62
219 17
219 198
219 45
220 90
220 111
220 243
220 20
220 218
220 177
221 18
221 251
221 123
221 275
221 60
221 55
222 229
222 106
222 108
222 18
222 224
222 28
223 155
223 247
223 231
223 97
223 83
223 57
224 74
224 69
224 117
224 15
224 60
224 102
225 94
225 171
225 224
225 36
225 216
225 39
226 153
226 252
226 61
226 64
226 137
226 97
227 158
227 107
227 7
227 102
227 0
227 152
228 175
228 26
228 44
228 141
228 101
228 194
229 252
229 5
229 135
229 201
229 209
229 139
230 173
230 106
230 175
230 46
230 133
230 239
231 72
231 234
231 77
231 260
231 95
231 120
232 99
232 155
232 112
232 147
232 259
232 168
233 225
233 260
233 50
233 51
233 16
233 238
234 228
234 150
234 95
234 242
234 44
234 126
235 241
235 243
235 64
235 229
235 209
235 115
236 103
236 137
236 127
236 48
236 23
236 164
237 83
237 234
237 92
237 98
237 201
237 25
238 194
238 230
238 211
238 116
238 265
238 279
239 258
239 219
239 10
239 259
239 28
239 18
240 221
240 133
240 53
240 234
240 48
240 211
241 60
241 177
241 269
241 162
241 99
241 154
242 102
242 104
242 237
242 148
242 105
242 107
243 205
243 277
243 38
243 20
243 207
243 148
244 25
244 163
244 247
244 61
244 240
244 115
245 225
245 176
245 5
245 23
245 87
245 82
246 179
246 237
246 163
246 114
246 231
246 115
247 8
247 21
247 203
247 241
247 212
247 31
248 208
248 124
248 275
248 247
248 229
248 186
249 135
249 223
249 31
249 137
249 161
249 95
250 82
250 86
250 115
250 12
250 122
250 92
251 209
251 135
251 249
251 153
251 20
251 226
252 194
252 248
252 29
252 97
252 272
252 245
253 198
253 14
253 42
253 249
253 59
253 170
254 77
254 106
254 81
254 243
254 181
254 2
255 135
255 260
255 100
255 272
255 47
255 18
256 25
256 98
256 229
256 112
256 235
256 0
257 135
257 97
257 150
257 246
257 137
257 249
258 176
258 179
258 258
258 3
258 200
258 247
259 198
259 275
259 194
259 103
259 95
259 266
260 8
260 238
260 190
260 231
260 31
260 48
261 48
261 45
261 130
261 207
261 243
261 19
262 175
262 130
262 20
262 95
262 171
262 266
263 57
263 54
263 194
263 99
263 59
263 237
264 143
264 194
264 172
264 155
264 77
264 75
265 122
265 175
265 51
265 82
265 223
265 117
266 275
266 122
266 220
266 81
266 120
266 162
267 199
267 100
267 57
267 116
267 214
267 105
268 275
268 232
268 255
268 174
268 13
268 77
269 69
269 114
269 253
269 83
269 35
269 257
270 180
270 194
270 27
270 247
270 15
270 149
271 10
271 235
271 237
271 41
271 175
271 143
272 12
272 126
272 203
272 144
272 149
272 124
273 239
273 255
273 83
273 220
273 159
273 174
274 131
274 138
274 216
274 247
274 178
274 225
275 198
275 145
275 248
275 196
275 73
275 216
276 237
276 268
276 50
276 212
276 97
276 65
277 90
277 34
277 206
277 98
277 207
277 241
278 90
278 117
278 232
278 226
278 58
278 20
279 106
279 77
279 102
279 247
279 139
279 46
280 119
280 109
280 237
280 37
280 115
280 122
281 60
281 191
281 139
281 111
281 152
281 124
282 5
282 51
282 70
282 179
282 7
282 257
283 110
283 168
283 30
283 199
283 201
283 37
284 54
284 113
284 118
284 241
284 237
284 191
285 104
285 168
285 165
285 123
285 17
285 62
286 123
286 159
286 275
286 158
286 7
286 38
287 267
287 218
287 240
287 262
287 139
287 278
288 170
288 213
288 272
288 186
288 38
288 113
289 68
289 97
289 191
289 186
289 18
289 116
290 43
290 13
290 247
290 194
290 58
290 132
291 184
291 224
291 154
291 150
291 103
291 166
292 127
292 275
292 247
292 235
292 64
292 176
293 110
293 21
293 252
293 155
293 187
293 84
294 126
294 265
294 13
294 25
294 234
294 136
295 200
295 38
295 204
295 102
295 52
295 11
296 164
296 11
296 279
296 114
296 232
296 227
297 26
297 44
297 252
297 184
297 36
297 109
298 246
298 32
298 258
298 143
298 223
298 124
299 257
299 198
299 68
299 227
299 100
299 216
300 199
300 272
300 127
300 37
300 34
300 174
301 172
301 90
301 230
301 163
301 194
301 97
302 174
302 182
302 242
302 139
302 115
302 32
303 85
303 152
303 141
303 48
303 268
303 245
304 100
304 30
304 66
304 32
304 45
304 150
305 122
305 85
305 275
305 186
305 255
305 109
306 10
306 275
306 114
306 146
306 198
306 32
307 275
307 189
307 102
307 20
307 111
307 7
308 76
308 90
308 259
308 98
308 23
308 48
309 269
309 177
309 85
309 7
309 258
309 116
310 30
310 245
310 210
310 7
310 198
310 150
311 279
311 234
311 130
311 140
311 143
311 57
312 194
312 234
312 105
312 177
312 162
312 40
313 268
313 152
313 115
313 87
313 241
313 160
314 49
314 109
314 75
314 181
314 267
314 271
315 123
315 227
315 73
315 87
315 136
315 210
316 18
316 234
316 242
316 214
316 104
316 218
317 70
317 271
317 126
317 123
317 158
317 14
318 264
318 258
318 203
318 207
318 268
318 275
319 252
319 148
319 28
319 254
319 138
319 111
320 39
320 25
320 46
320 48
320 224
320 199
321 64
321 232
321 223
321 180
321 79
321 227
322 230
322 200
322 209
322 269
322 157
322 257
323 75
323 62
323 226
323 201
323 59
323 84
324 266
324 168
324 133
324 186
324 196
324 10
325 198
325 74
325 0
325 21
325 196
325 234
326 256
326 69
326 40
326 81
326 53
326 25
327 234
327 276
327 77
327 247
327 97
327 278
328 8
328 143
328 87
328 207
328 48
328 58
329 262
329 264
329 28
329 163
329 221
329 68
330 46
330 18
330 204
330 137
330 149
330 236
331 130
331 254
331 144
331 268
331 232
331 169
332 76
332 20
332 104
332 187
332 153
332 252
333 39
333 109
333 55
333 14
333 188
333 97
334 70
334 112
334 2
334 26
334 78
334 132
335 104
335 8
335 226
335 137
335 173
335 229
336 51
336 263
336 77
336 199
336 111
336 266
337 62
337 106
337 122
337 187
337 196
337 239
338 46
338 36
338 102
338 140
338 143
338 91
339 205
339 222
339 128
339 210
339 224
339 34
340 275
340 243
340 137
340 245
340 57
340 34
341 264
341 201
341 17
341 119
341 141
341 36
342 236
342 130
342 15
342 190
342 37
342 23
343 54
343 265
343 43
343 100
343 227
343 157
344 2
344 169
344 135
344 55
344 45
344 81
345 135
345 229
345 202
345 109
345 147
345 137
346 29
346 196
346 147
346 229
346 68
346 106
347 156
347 40
347 203
347 221
347 171
347 182
348 14
348 178
348 255
348 23
348 107
348 21
349 137
349 86
349 53
349 55
349 163
349 73
350 147
350 223
350 210
350 103
350 120
350 144
351 1
351 108
351 236
351 257
351 112
351 141
352 122
352 160
352 172
352 202
352 254
352 66
353 248
353 239
353 51
353 143
353 64
353 171
354 146
354 153
354 150
354 264
354 90
354 48
355 249
355 97
355 41
355 218
355 120
355 149
356 216
356 158
356 153
356 72
356 198
356 104
357 212
357 81
357 226
357 1
357 162
357 44
358 275
358 246
358 214
358 257
358 124
358 132
359 7
359 55
359 183
359 196
359 216
359 147
360 231
360 33
360 260
360 262
360 11
360 110
361 222
361 42
361 190
361 35
361 37
361 76
362 28
362 106
362 38
362 122
362 40
362 114
363 192
363 247
363 234
363 160
363 84
363 243
364 213
364 100
364 275
364 49
364 90
364 214
365 275
365 73
365 10
365 55
365 269
365 126
366 216
366 34
366 84
366 149
366 134
366 175
367 71
367 97
367 50
367 275
367 64
367 60
368 87
368 41
368 69
368 49
368 43
368 169
369 7
369 65
369 122
369 199
369 192
369 27
370 58
370 122
370 258
370 237
370 17
370 234
371 158
371 9
371 199
371 102
371 239
371 61
372 39
372 256
372 222
372 146
372 181
372 179
373 73
373 174
373 136
373 192
373 29
373 146
374 262
374 33
374 214
374 111
374 171
374 81
375 267
375 55
375 232
375 97
375 131
375 86
376 161
376 276
376 172
376 186
376 117
376 271
377 174
377 159
377 203
377 214
377 97
377 90
378 158
378 116
378 204
378 127
378 271
378 170
379 159
379 25
379 268
379 271
379 120
379 64
380 1
380 9
380 154
380 75
380 15
380 40
381 113
381 221
381 64
381 239
381 175
381 180
382 21
382 191
382 87
382 265
382 25
382 196
383 68
383 33
383 42
383 82
383 88
383 150
384 11
384 275
384 278
384 20
384 0
384 16
385 221
385 155
385 245
385 210
385 216
385 225
386 278
386 199
386 68
386 174
386 222
386 117
387 194
387 256
387 122
387 275
387 241
387 101
388 182
388 90
388 120
388 27
388 223
388 180
389 234
389 129
389 181
389 268
389 108
389 277
390 80
390 234
390 135
390 110
390 43
390 224
391 245
391 182
391 170
391 58
391 97
391 232
392 275
392 208
392 181
392 250
392 82
392 92
393 75
393 179
393 231
393 174
393 189
393 27
394 251
394 145
394 103
394 133
394 71
394 65
395 169
395 164
395 34
395 175
395 268
395 271
396 199
396 16
396 195
396 130
396 227
396 13
397 55
397 199
397 165
397 184
397 150
397 34
398 271
398 254
398 201
398 26
398 49
398 71
399 179
399 0
399 204
399 275
399 92
399 106
400 177
400 119
400 12
400 184
400 279
400 114
401 175
401 184
401 126
401 257
401 195
401 124
402 179
402 204
402 250
402 162
402 114
402 27
403 226
403 85
403 3
403 30
403 0
403 33
404 200
404 10
404 38
404 254
404 99
404 220
405 165
405 187
405 271
405 237
405 169
405 23
406 7
406 62
406 9
406 80
406 205
406 194
407 88
407 83
407 73
407 141
407 0
407 57
408 269
408 36
408 164
408 271
408 138
408 254
409 262
409 114
409 88
409 124
409 176
409 142
410 251
410 249
410 129
410 97
410 111
410 45
411 248
411 216
411 23
411 50
411 26
411 61
412 200
412 183
412 277
412 55
412 97
412 259
413 120
413 122
413 234
413 28
413 194
413 12
414 53
414 97
414 268
414 118
414 278
414 13
415 119
415 82
415 72
415 234
415 68
415 3
416 128
416 112
416 209
416 145
416 18
416 49
417 147
417 246
417 13
417 169
417 184
417 106
418 177
418 36
418 84
418 173
418 124
418 53
419 57
419 92
419 159
419 187
419 188
419 59
420 194
420 59
420 260
420 57
420 268
420 218
421 12
421 203
421 241
421 159
421 205
421 101
422 262
422 179
422 107
422 138
422 7
422 108
423 136
423 14
423 41
423 235
423 186
423 65
424 19
424 31
424 101
424 170
424 102
424 240
425 100
425 117
425 186
425 50
425 36
425 249
426 129
426 104
426 151
426 223
426 74
426 34
427 244
427 212
427 223
427 216
427 252
427 106
428 87
428 275
428 2
428 169
428 242
428 279
429 151
429 115
429 90
429 57
429 275
429 229
430 194
430 133
430 57
430 134
430 262
430 21
431 73
431 205
431 256
431 108
431 259
431 55
432 0
432 76
432 88
432 210
432 17
432 90
433 151
433 131
433 226
433 183
433 276
433 98
434 165
434 147
434 162
434 268
434 241
434 79
435 97
435 91
435 50
435 8
435 31
435 194
436 68
436 278
436 13
436 50
436 200
436 141
437 229
437 266
437 123
437 50
437 212
437 268
438 224
438 123
438 83
438 43
438 99
438 178
439 140
439 74
439 76
439 7
439 278
439 201
440 113
440 137
440 68
440 267
440 14
440 277
441 275
441 277
441 278
441 101
441 254
441 15
442 275
442 55
442 277
442 102
442 239
442 266
443 165
443 40
443 188
443 223
443 246
443 169
444 83
444 176
444 43
444 85
444 34
444 115
445 186
445 144
445 174
445 69
445 123
445 124
446 129
446 277
446 132
446 98
446 25
446 87
447 170
447 143
447 166
447 175
447 149
447 183
448 23
448 234
448 74
448 118
448 91
448 120
449 252
449 144
449 164
449 25
449 97
449 50
450 101
450 11
450 146
450 149
450 18
450 128
451 210
451 245
451 64
451 235
451 17
451 149
452 10
452 50
452 123
452 190
452 101
452 105
453 224
453 124
453 16
453 226
453 27
453 230
454 173
454 232
454 181
454 10
454 227
454 84
455 83
455 136
455 275
455 186
455 31
455 229
456 23
456 265
456 115
456 241
456 90
456 59
457 235
457 59
457 181
457 206
457 251
457 221
458 172
458 12
458 137
458 275
458 147
458 1
459 250
459 199
459 190
459 225
459 50
459 73
460 266
460 73
460 126
460 223
460 196
460 16
461 92
461 139
461 200
461 169
461 62
461 80
462 43
462 154
462 139
462 165
462 275
462 64
463 82
463 226
463 140
463 152
463 178
463 25
464 72
464 52
464 203
464 186
464 0
464 223
465 221
465 8
465 122
465 40
465 33
465 184
466 135
466 28
466 245
466 53
466 70
466 234
467 5
467 21
467 190
467 122
467 46
467 276
468 15
468 172
468 169
468 113
468 199
468 14
469 232
469 68
469 162
469 31
469 264
469 278
470 160
470 39
470 189
470 126
470 35
470 32
471 60
471 11
471 103
471 275
471 208
471 238
472 114
472 40
472 79
472 194
472 51
472 71
473 212
473 85
473 92
473 50
473 20
473 29
474 260
474 275
474 57
474 177
474 34
474 243
475 104
475 172
475 184
475 149
475 194
475 74
476 181
476 68
476 275
476 155
476 250
476 214
477 50
477 187
477 64
477 160
477 257
477 149
478 15
478 260
478 122
478 39
478 174
478 33
479 152
479 276
479 66
479 265
479 58
479 236
480 32
480 5
480 263
480 276
480 186
480 221
481 45
481 199
481 99
481 149
481 132
481 196
482 62
482 102
482 34
482 224
482 262
482 250
483 135
483 43
483 194
483 117
483 264
483 101
484 210
484 212
484 156
484 141
484 279
484 136
485 234
485 50
485 255
485 252
485 14
485 160
486 39
486 190
486 241
486 199
486 19
486 44
487 275
487 115
487 199
487 277
487 99
487 40
488 268
488 28
488 249
488 105
488 99
488 97
489 62
489 158
489 38
489 104
489 138
489 55
490 160
490 278
490 179
490 169
490 99
490 7
491 134
491 164
491 39
491 0
491 102
491 186
492 60
492 245
492 179
492 183
492 206
492 1
493 275
493 112
493 2
493 216
493 58
493 14
494 268
494 209
494 59
494 262
494 76
494 120
495 110
495 17
495 51
495 206
495 72
495 0
496 194
496 26
496 222
496 55
496 177
496 163
497 209
497 5
497 102
497 39
497 36
497 160
498 266
498 255
498 232
498 205
498 7
498 151
499 68
499 131
499 107
499 172
499 276
499 4
500 232
500 75
500 265
500 59
500 87
500 219
501 69
501 38
501 70
501 239
501 97
501 199
502 178
502 205
502 23
502 134
502 27
502 189
503 263
503 50
503 57
503 5
503 101
503 194
504 256
504 59
504 98
504 252
504 239
504 40
505 38
505 31
505 146
505 136
505 10
505 19
506 16
506 116
506 143
506 43
506 79
506 265
507 190
507 275
507 178
507 219
507 249
507 202
508 26
508 169
508 205
508 265
508 187
508 158
509 199
509 85
509 35
509 277
509 212
509 275
510 186
510 237
510 165
510 106
510 259
510 4
511 172
511 250
511 103
511 254
511 212
511 105
512 2
512 220
512 259
512 201
512 43
512 134
513 212
513 170
513 252
513 241
513 177
513 133
514 278
514 108
514 234
514 199
514 64
514 212
515 223
515 279
515 20
515 57
515 46
515 156
516 61
516 135
516 199
516 218
516 50
516 232
517 249
517 182
517 164
517 9
517 1
517 55
518 45
518 25
518 165
518 109
518 128
518 232
519 269
519 157
519 25
519 126
519 58
519 206
520 206
520 170
520 260
520 232
520 1
520 13
521 122
521 206
521 169
521 186
521 194
521 214
522 188
522 201
522 178
522 275
522 247
522 212
523 114
523 130
523 153
523 268
523 101
523 11
524 118
524 92
524 203
524 34
524 46
524 71
525 115
525 57
525 73
525 276
525 194
525 55
526 208
526 122
526 139
526 251
526 232
526 186
527 268
527 103
527 194
527 70
527 1
527 182
528 12
528 263
528 183
528 190
528 1
528 14
529 229
529 276
529 31
529 119
529 23
529 76
530 206
530 97
530 199
530 64
530 245
530 126
531 44
531 162
531 218
531 176
531 66
531 40
532 73
532 237
532 143
532 69
532 212
532 210
533 268
533 229
533 30
533 7
533 105
533 103
534 169
534 68
534 74
534 275
534 277
534 225
535 82
535 92
535 186
535 180
535 219
535 210
536 268
536 256
536 212
536 238
536 28
536 97
537 39
537 243
537 111
537 269
537 190
537 226
538 57
538 97
538 234
538 242
538 4
538 152
539 227
539 186
539 202
539 142
539 275
539 206
540 55
540 214
540 189
540 209
540 50
540 13
541 163
541 13
541 33
541 160
541 75
541 90
542 141
542 180
542 53
542 152
542 23
542 264
543 107
543 252
543 163
543 57
543 40
543 178
544 252
544 258
544 214
544 177
544 206
544 194
545 248
545 180
545 9
545 227
545 226
545 262
546 156
546 97
546 108
546 87
546 183
546 126
547 86
547 178
547 242
547 139
547 85
547 184
548 199
548 234
548 46
548 219
548 209
548 160
549 200
549 4
549 37
549 65
549 7
549 229
550 33
550 42
550 154
550 71
550 199
550 82
551 17
551 28
551 154
551 218
551 142
551 248
552 243
552 50
552 189
552 268
552 30
552 175
553 194
553 86
553 267
553 91
553 26
553 88
554 122
554 169
554 127
554 184
554 230
554 250
555 133
555 172
555 266
555 196
555 251
555 45
556 119
556 183
556 53
556 189
556 29
556 135
557 149
557 194
557 27
557 255
557 102
557 180
558 108
558 269
558 55
558 206
558 160
558 126
559 163
559 165
559 7
559 246
559 108
559 158
560 244
560 4
560 146
560 101
560 247
560 1
561 243
561 52
561 12
561 82
561 275
561 226
562 202
562 199
562 225
562 174
562 105
562 90
563 5
563 73
563 139
563 50
563 75
563 122
564 78
564 242
564 83
564 79
564 182
564 155
565 266
565 5
565 104
565 52
565 101
565 134
566 57
566 131
566 7
566 97
566 220
566 130
567 123
567 126
567 201
567 64
567 246
567 199
568 78
568 268
568 149
568 160
568 236
568 34
569 145
569 152
569 169
569 90
569 243
569 275
570 165
570 127
570 2
570 201
570 152
570 126
571 196
571 76
571 152
571 53
571 179
571 176
572 23
572 246
572 160
572 97
572 79
572 77
573 234
573 221
573 50
573 241
573 55
573 122
574 1
574 235
574 64
574 187
574 244
574 206
575 84
575 194
575 218
575 160
575 110
575 202
576 17
576 278
576 177
576 26
576 169
576 264
577 256
577 60
577 242
577 23
577 87
577 210
578 14
578 117
578 161
578 163
578 108
578 172
579 57
579 152
579 187
579 53
579 78
579 83
580 12
580 135
580 21
580 115
580 30
580 80
581 87
581 275
581 52
581 232
581 104
581 144
582 212
582 199
582 44
582 138
582 50
582 40
583 108
583 202
583 55
583 230
583 259
583 64
584 139
584 163
584 60
584 238
584 149
584 212
585 165
585 201
585 216
585 223
585 178
585 44
586 86
586 113
586 55
586 88
586 206
586 138
587 154
587 12
587 183
587 221
587 35
587 122
588 208
588 199
588 219
588 201
588 38
588 210
589 77
589 268
589 246
589 263
589 199
589 97
590 137
590 131
590 97
590 69
590 150
590 196
591 267
591 170
591 218
591 234
591 103
591 154
592 206
592 163
592 43
592 112
592 61
592 212
593 50
593 235
593 252
593 9
593 105
593 126
594 97
594 242
594 109
594 196
594 79
594 55
595 154
595 0
595 169
595 97
595 102
595 23
596 138
596 242
596 0
596 206
596 169
596 180
597 214
597 216
597 104
597 169
597 122
597 117
598 87
598 184
598 162
598 151
598 39
598 28
599 263
599 62
599 275
599 199
599 34
599 214
600 85
600 45
600 73
600 181
600 170
600 70
601 251
601 86
601 138
601 166
601 4
601 145
602 118
602 257
602 79
602 80
602 194
602 108
603 109
603 275
603 101
603 151
603 158
603 91
604 138
604 68
604 257
604 160
604 0
604 152
605 183
605 279
605 133
605 199
605 64
605 201
606 226
606 43
606 212
606 214
606 126
606 257
607 101
607 176
607 116
607 243
607 268
607 10
608 158
608 219
608 42
608 83
608 209
608 19
609 279
609 137
609 41
609 50
609 275
609 147
610 101
610 15
610 127
610 43
610 27
610 51
611 209
611 172
611 134
611 8
611 264
611 13
612 30
612 35
612 55
612 275
612 31
612 53
613 206
613 111
613 15
613 212
613 279
613 259
614 140
614 219
614 90
614 136
614 127
614 13
615 268
615 139
615 229
615 105
615 177
615 234
616 123
616 181
616 4
616 12
616 34
616 239
617 153
617 135
617 9
617 182
617 80
617 100
618 124
618 257
618 35
618 38
618 102
618 252
619 150
619 84
619 92
619 13
619 15
619 135
620 42
620 225
620 80
620 44
620 160
620 58
621 275
621 133
621 152
621 245
621 266
621 35
622 206
622 13
622 254
622 139
622 117
622 92
623 229
623 143
623 160
623 80
623 12
623 175
624 112
624 119
624 43
624 139
624 86
624 37
625 242
625 257
625 33
625 209
625 35
625 214
626 243
626 74
626 7
626 78
626 97
626 165
627 105
627 190
627 176
627 223
627 199
627 153
628 255
628 38
628 218
628 2
628 55
628 234
629 85
629 72
629 126
629 209
629 44
629 164
630 113
630 124
630 169
630 50
630 249
630 51
631 28
631 68
631 150
631 172
631 64
631 255
632 252
632 199
632 236
632 258
632 43
632 142
633 186
633 120
633 266
633 275
633 75
633 277
634 50
634 135
634 266
634 53
634 230
634 131
635 234
635 160
635 149
635 55
635 107
635 139
636 227
636 86
636 19
636 8
636 111
636 126
637 30
637 12
637 259
637 103
637 68
637 1
638 91
638 244
638 163
638 105
638 2
638 183
639 131
639 275
639 260
639 232
639 27
639 101
640 15
640 166
640 254
640 97
640 150
640 188
641 82
641 221
641 60
641 142
641 206
641 79
642 57
642 29
642 51
642 269
642 169
642 242
643 220
643 108
643 174
643 97
643 232
643 206
644 127
644 206
644 97
644 220
644 140
644 153
645 32
645 152
645 208
645 210
645 174
645 128
646 128
646 7
646 244
646 80
646 258
646 175
647 257
647 206
647 243
647 254
647 70
647 138
648 64
648 251
648 119
648 262
648 248
648 17
649 263
649 234
649 122
649 170
649 276
649 2
650 259
650 249
650 78
650 212
650 174
650 103
651 236
651 276
651 169
651 176
651 31
651 178
652 220
652 163
652 222
652 55
652 35
652 90
653 17
653 8
653 180
653 116
653 224
653 25
654 219
654 120
654 150
654 190
654 97
654 196
655 152
655 64
655 249
655 45
655 196
655 194
656 97
656 206
656 37
656 235
656 236
656 133
657 182
657 251
657 206
657 229
657 245
657 45
658 72
658 160
658 266
658 143
658 126
658 65
659 251
659 69
659 12
659 166
659 208
659 2
660 222
660 134
660 136
660 110
660 236
660 120
661 194
661 146
661 141
661 163
661 258
661 226
662 226
662 100
662 43
662 116
662 199
662 152
663 35
663 103
663 50
663 169
663 226
663 39
664 173
664 186
664 222
664 71
664 164
664 51
665 83
665 99
665 73
665 151
665 137
665 234
666 42
666 170
666 251
666 141
666 275
666 139
667 43
667 34
667 60
667 88
667 98
667 160
668 65
668 262
668 170
668 265
668 25
668 155
669 83
669 162
669 275
669 163
669 33
669 112
670 219
670 162
670 10
670 275
670 165
670 77
671 0
671 275
671 158
671 199
671 268
671 17
672 112
672 214
672 126
672 65
672 216
672 226
673 23
673 258
673 222
673 166
673 117
673 66
674 82
674 41
674 276
674 262
674 226
674 83
675 248
675 108
675 249
675 83
675 175
675 176
676 201
676 179
676 242
676 113
676 183
676 57
677 212
677 194
677 108
677 249
677 136
677 163
678 85
678 7
678 102
678 180
678 44
678 166
679 166
679 140
679 187
679 230
679 8
679 82
680 248
680 279
680 224
680 138
680 199
680 212
681 162
681 28
681 155
681 25
681 158
681 90
682 156
682 132
682 1
682 84
682 275
682 166
683 275
683 277
683 55
683 33
683 73
683 244
684 279
684 41
684 70
684 222
684 57
684 201
685 236
685 74
685 216
685 275
685 244
685 131
686 19
686 149
686 230
686 21
686 194
686 112
687 18
687 186
687 83
687 110
687 254
687 226
688 268
688 74
688 203
688 69
688 23
688 275
689 15
689 102
689 229
689 218
689 55
689 199
690 79
690 50
690 234
690 169
690 202
690 249
691 176
691 40
691 97
691 174
691 262
691 65
692 43
692 275
692 277
692 87
692 212
692 90
693 14
693 212
693 176
693 158
693 64
693 55
694 154
694 39
694 235
694 278
694 242
694 108
695 164
695 113
695 72
695 264
695 23
695 59
696 126
696 218
696 85
696 258
696 194
696 275
697 55
697 97
697 199
697 44
697 227
697 239
698 212
698 236
698 123
698 199
698 254
698 114
699 7
699 209
699 87
699 264
699 257
699 131
700 234
700 262
700 218
700 44
700 90
700 138
701 135
701 107
701 46
701 214
701 210
701 50
702 10
702 106
702 232
702 12
702 275
702 199
703 201
703 275
703 97
703 108
703 145
703 34
704 149
704 250
704 122
704 275
704 242
704 108
705 156
705 146
705 179
705 267
705 28
705 135
706 135
706 189
706 92
706 257
706 38
706 143
707 126
707 259
707 249
707 57
707 91
707 212
708 194
708 223
708 137
708 275
708 139
708 83
709 269
709 143
709 1
709 40
709 169
709 257
710 230
710 68
710 232
710 208
710 7
710 250
711 242
711 238
711 55
711 201
711 114
711 59
712 122
712 224
712 257
712 155
712 234
712 106
713 23
713 163
713 243
713 258
713 40
713 206
714 102
714 53
714 262
714 179
714 114
714 254
715 209
715 175
715 12
715 264
715 21
715 60
716 4
716 33
716 206
716 35
716 38
716 199
717 142
717 106
717 218
717 117
717 184
717 194
718 166
718 141
718 138
718 248
718 206
718 114
719 4
719 83
719 226
719 230
719 151
719 55
720 201
720 97
720 17
720 143
720 100
720 164
721 172
721 227
721 129
721 118
721 262
721 44
722 70
722 262
722 166
722 85
722 242
722 210
723 86
723 65
723 21
723 229
723 100
723 196
724 230
724 262
724 106
724 199
724 73
724 9
725 206
725 254
725 129
725 218
725 17
725 33
726 51
726 179
726 110
726 172
726 115
726 162
727 275
727 199
727 279
727 190
727 265
727 249
728 269
728 44
728 29
728 120
728 68
728 156
729 151
729 169
729 59
729 257
729 214
729 254
730 202
730 57
730 25
730 113
730 124
730 139
731 149
731 247
731 51
731 199
731 71
731 210
732 101
732 62
732 243
732 235
732 245
732 91
733 189
733 229
733 178
733 106
733 84
733 9
734 19
734 41
734 7
734 169
734 267
734 202
735 212
735 194
735 74
735 59
735 276
735 2
736 214
736 175
736 86
736 229
736 79
736 254
737 40
737 203
737 194
737 206
737 60
737 71
738 230
738 218
738 44
738 126
738 276
738 162
739 266
739 65
739 251
739 17
739 70
739 120
740 186
740 46
740 119
740 254
740 252
740 72
741 216
741 259
741 203
741 34
741 119
741 68
742 51
742 28
742 135
742 32
742 206
742 279
743 87
743 214
743 37
743 252
743 259
743 101
744 149
744 138
744 55
744 112
744 72
744 186
745 218
745 208
745 7
745 144
745 20
745 146
746 182
746 4
746 248
746 15
746 180
746 58
747 59
747 135
747 55
747 255
747 51
747 206
748 276
748 65
748 208
748 229
748 51
748 210
749 10
749 230
749 38
749 232
749 242
749 146
750 218
750 199
750 210
750 248
750 109
750 150
751 169
751 196
751 30
751 131
751 163
751 143
752 259
752 169
752 153
752 12
752 73
752 14
753 122
753 9
753 229
753 124
753 21
753 223
754 106
754 158
754 151
754 201
754 194
754 208
755 161
755 184
755 97
755 68
755 187
755 163
756 4
756 115
756 230
756 135
756 178
756 234
757 18
757 202
757 69
757 230
757 44
757 38
758 140
758 53
758 31
758 199
758 30
758 169
759 74
759 109
759 243
759 4
759 99
759 15
760 35
760 115
760 279
760 4
760 242
760 244
761 97
761 51
761 73
761 242
761 199
761 160
762 156
762 4
762 105
762 178
762 186
762 68
763 210
763 218
763 269
763 38
763 266
763 252
764 100
764 189
764 20
764 90
764 51
764 203
765 7
765 153
765 41
765 122
765 172
765 262
766 214
766 181
766 25
766 162
766 20
766 276
767 143
767 183
767 64
767 23
767 249
767 120
768 7
768 203
768 257
768 51
768 254
768 245
769 242
769 259
769 37
769 216
769 60
769 51
770 151
770 88
770 97
770 262
770 229
770 219
771 212
771 140
771 187
771 223
771 142
771 25
772 172
772 181
772 29
772 51
772 254
772 40
773 115
773 53
773 42
773 122
773 124
773 199
774 194
774 208
774 105
774 112
774 276
774 142
775 199
775 169
775 13
775 226
775 102
775 44
776 53
776 169
776 61
776 232
776 42
776 129
777 218
777 1
777 97
777 123
777 229
777 41
778 189
778 276
778 175
778 87
778 74
778 13
779 230
779 276
779 44
779 104
779 258
779 130
780 206
780 60
780 87
780 187
780 103
780 154
781 149
781 57
781 25
781 29
781 242
781 59
782 17
782 267
782 115
782 108
782 173
782 232
783 266
783 51
783 254
783 4
783 37
783 258
784 83
784 262
784 32
784 147
784 230
784 97
785 118
785 20
785 136
785 103
785 156
785 64
786 31
786 7
786 25
786 18
786 116
786 147
787 220
787 123
787 163
787 44
787 238
787 160
788 123
788 76
788 51
788 154
788 262
788 269
789 186
789 14
789 55
789 39
789 113
789 153
790 109
790 131
790 276
790 199
790 237
790 149
791 173
791 0
791 90
791 267
791 242
791 38
792 55
792 149
792 252
792 29
792 134
792 10
793 9
793 151
793 80
793 263
793 2
793 220
794 276
794 238
794 108
794 195
794 68
794 70
795 257
795 55
795 199
795 85
795 57
795 201
796 208
796 146
796 99
796 147
796 23
796 74
797 184
797 175
797 55
797 124
797 35
797 40
798 15
798 64
798 230
798 7
798 66
798 276
799 98
799 206
799 157
799 82
799 166
799 133
800 133
800 262
800 182
800 77
800 7
800 226
801 97
801 175
801 157
801 184
801 120
801 166
802 74
802 71
802 216
802 123
802 212
802 218
803 41
803 88
803 82
803 157
803 208
803 210
804 189
804 137
804 170
804 44
804 32
804 106
805 40
805 97
805 247
805 175
805 59
805 161
806 216
806 131
806 183
806 145
806 65
806 114
807 141
807 222
807 194
807 199
807 72
807 218
808 255
808 140
808 69
808 276
808 254
808 237
809 60
809 12
809 186
809 248
809 85
809 51
810 262
810 173
810 214
810 276
810 155
810 90
811 222
811 91
811 99
811 44
811 194
811 262
812 142
812 82
812 235
812 88
812 219
812 248
813 97
813 258
813 145
813 208
813 263
813 149
814 45
814 180
814 212
814 218
814 113
814 18
815 58
815 10
815 64
815 230
815 278
815 97
816 84
816 232
816 149
816 199
816 143
816 115
817 160
817 13
817 276
817 137
817 186
817 84
818 129
818 75
818 262
818 20
818 242
818 55
819 208
819 175
819 176
819 55
819 4
819 26
820 149
820 142
820 39
820 208
820 131
820 135
821 79
821 51
821 132
821 195
821 103
821 57
822 221
822 29
822 265
822 55
822 23
822 21
823 248
823 155
823 57
823 9
823 214
823 23
824 206
824 15
824 252
824 116
824 12
824 276
825 169
825 129
825 31
825 90
825 221
825 61
826 137
826 12
826 64
826 18
826 276
826 126
827 161
827 164
827 12
827 90
827 194
827 246
828 80
828 62
828 58
828 109
828 145
828 223
829 134
829 37
829 97
829 208
829 262
829 85
830 255
830 9
830 173
830 44
830 75
830 29
831 80
831 189
831 243
831 206
831 161
831 117
832 10
832 7
832 147
832 69
832 262
832 278
833 257
833 129
833 149
833 2
833 13
833 254
834 162
834 276
834 209
834 88
834 90
834 199
835 152
835 79
835 12
835 1
835 212
835 262
836 59
836 15
836 154
836 175
836 242
836 64
837 141
837 144
837 169
837 99
837 276
837 84
838 123
838 70
838 227
838 12
838 203
838 244
839 173
839 201
839 190
839 35
839 138
839 76
840 252
840 26
840 18
840 178
840 156
840 97
841 2
841 9
841 29
841 97
841 263
841 140
842 162
842 232
842 137
842 74
842 4
842 163
843 257
843 25
843 106
843 234
843 91
843 12
844 18
844 173
844 160
844 31
844 224
844 216
845 257
845 201
845 276
845 74
845 90
845 160
846 199
846 147
846 173
846 33
846 259
846 277
847 147
847 175
847 252
847 276
847 99
847 278
848 232
848 246
848 255
848 141
848 4
848 90
849 97
849 21
849 58
849 114
849 182
849 118
850 57
850 138
850 276
850 65
850 194
850 132
851 117
851 65
851 112
851 255
851 90
851 25
852 79
852 218
852 190
852 108
852 164
852 194
853 65
853 58
853 77
853 187
853 102
853 248
854 65
854 212
854 13
854 55
854 152
854 68
855 87
855 151
855 242
855 123
855 214
855 124
856 243
856 242
856 229
856 64
856 9
856 123
857 51
857 194
857 201
857 17
857 97
857 149
858 64
858 34
858 257
858 242
858 118
858 12
859 238
859 252
859 206
859 55
859 126
859 255
860 58
860 60
860 242
860 7
860 140
860 232
861 160
861 162
861 9
861 97
861 51
861 44
862 123
862 156
862 212
862 97
862 173
862 140
863 163
863 243
863 252
863 25
863 31
863 199
864 150
864 44
864 131
864 243
864 238
864 166
865 199
865 86
865 234
865 118
865 181
865 208
866 74
866 182
866 163
866 21
866 166
866 156
867 162
867 199
867 173
867 218
867 23
867 201
868 157
868 276
868 23
868 220
868 194
868 196
869 135
869 252
869 25
869 232
869 164
869 108
870 123
870 136
870 166
870 138
870 155
870 194
871 218
871 115
871 154
871 135
871 189
871 105
872 156
872 266
872 108
872 141
872 33
872 100
873 277
873 62
873 278
873 97
873 44
873 86
874 117
874 199
874 262
874 79
874 78
874 209
875 278
875 124
875 112
875 206
875 21
875 186
876 90
876 229
876 75
876 220
876 276
876 40
877 173
877 10
877 57
877 74
877 237
877 80
878 123
878 214
878 179
878 21
878 97
878 160
879 150
879 252
879 257
879 214
879 124
879 212
880 180
880 46
880 126
880 187
880 129
880 30
881 57
881 35
881 112
881 252
881 30
881 110
882 182
882 248
882 252
882 140
882 126
882 269
883 266
883 12
883 31
883 230
883 166
883 0
884 190
884 39
884 164
884 276
884 243
884 57
885 141
885 234
885 59
885 9
885 17
885 279
886 9
886 195
886 257
886 134
886 214
886 279
887 41
887 224
887 104
887 126
887 226
887 227
888 252
888 90
888 153
888 21
888 232
888 112
889 264
889 236
889 142
889 186
889 35
889 238
890 4
890 149
890 74
890 138
890 33
890 103
891 90
891 203
891 221
891 51
891 124
891 57
892 262
892 12
892 189
892 10
892 58
892 221
893 226
893 222
893 188
893 42
893 219
893 187
894 257
894 68
894 57
894 51
894 100
894 109
895 45
895 97
895 57
895 10
895 276
895 34
896 258
896 105
896 74
896 70
896 267
896 262
897 51
897 133
897 17
897 155
897 131
897 57
898 173
898 266
898 175
898 72
898 151
898 208
899 100
899 195
899 45
899 71
899 140
899 126
900 140
900 106
900 227
900 203
900 103
900 51
901 152
901 243
901 32
901 262
901 20
901 181
902 7
902 136
902 97
902 86
902 195
902 142
903 133
903 35
903 17
903 117
903 44
903 65
904 201
904 100
904 222
904 124
904 51
904 154
905 29
905 115
905 106
905 75
905 232
905 218
906 219
906 223
906 120
906 262
906 264
906 72
907 218
907 87
907 130
907 232
907 196
907 101
908 100
908 206
908 263
908 34
908 51
908 38
909 90
909 38
909 118
909 183
909 51
909 57
910 176
910 97
910 32
910 7
910 99
910 34
911 97
911 42
911 229
911 218
911 243
911 190
912 234
912 38
912 247
912 155
912 109
912 258
913 243
913 153
913 186
913 78
913 9
913 100
914 126
914 206
914 66
914 51
914 188
914 144
915 255
915 178
915 127
915 85
915 37
915 57
916 85
916 119
916 108
916 60
916 214
916 74
917 130
917 163
917 230
917 214
917 218
917 202
918 173
918 90
918 126
918 20
918 201
918 25
919 123
919 57
919 130
919 4
919 114
919 86
920 57
920 187
920 66
920 201
920 133
920 13
921 7
921 223
921 58
921 25
921 186
921 31
922 195
922 208
922 276
922 14
922 135
922 129
923 4
923 9
923 149
923 20
923 131
923 44
924 278
924 252
924 173
924 247
924 29
924 155
925 264
925 126
925 109
925 149
925 154
925 147
926 173
926 276
926 212
926 247
926 123
926 265
927 129
927 70
927 127
927 4
927 277
927 202
928 234
928 157
928 110
928 236
928 133
928 243
929 227
929 31
929 234
929 229
929 17
929 97
930 278
930 212
930 58
930 175
930 173
930 232
931 265
931 140
931 84
931 195
931 276
931 126
932 42
932 128
932 177
932 2
932 195
932 78
933 276
933 116
933 243
933 7
933 160
933 162
934 31
934 14
934 143
934 12
934 39
934 151
935 41
935 97
935 118
935 173
935 115
935 186
936 218
936 75
936 97
936 183
936 92
936 257
937 255
937 247
937 119
937 40
937 19
937 269
938 140
938 17
938 201
938 127
938 98
938 218
939 218
939 252
939 136
939 262
939 257
939 25
940 258
940 98
940 243
940 99
940 259
940 128
941 102
941 118
941 134
941 277
941 266
941 33
942 208
942 173
942 68
942 135
942 58
942 86
943 276
943 137
943 149
943 247
943 68
943 37
944 76
944 266
944 229
944 243
944 74
944 85
945 90
945 153
945 237
945 229
945 276
945 259
946 201
946 90
946 115
946 137
946 208
946 124
947 276
947 51
947 186
947 130
947 218
947 58
948 141
948 175
948 201
948 157
948 61
948 276
949 39
949 212
949 85
949 199
949 32
949 208
950 190
950 173
950 238
950 4
950 2
950 51
951 187
951 267
951 58
951 214
951 163
951 179
952 105
952 68
952 9
952 178
952 199
952 29
953 199
953 59
953 19
953 98
953 70
953 258
954 29
954 1
954 98
954 180
954 129
954 166
955 71
955 177
955 247
955 131
955 179
955 74
956 90
956 201
956 249
956 210
956 118
956 31
957 229
957 279
957 80
957 179
957 244
957 25
958 70
958 92
958 91
958 276
958 227
958 218
959 238
959 279
959 252
959 151
959 75
959 173
960 144
960 126
960 186
960 160
960 162
960 146
961 247
961 59
961 206
961 262
961 1
961 195
962 232
962 29
962 202
962 214
962 103
962 13
963 255
963 123
963 20
963 78
963 262
963 160
964 229
964 79
964 206
964 29
964 104
964 74
965 166
965 230
965 110
965 31
965 21
965 112
966 7
966 37
966 123
966 276
966 173
966 9
967 9
967 112
967 160
967 154
967 58
967 234
968 214
968 173
968 31
968 105
968 14
968 74
969 230
969 276
969 132
969 255
969 85
969 162
970 258
970 39
970 137
970 51
970 195
970 151
971 144
971 123
971 156
971 208
971 173
971 51
972 234
972 276
972 25
972 226
972 118
972 252
973 201
973 74
973 180
973 86
973 21
973 30
974 226
974 85
974 128
974 13
974 257
974 247
975 199
975 173
975 276
975 12
975 123
975 212
976 183
976 186
976 173
976 276
976 243
976 87
977 188
977 9
977 2
977 155
977 44
977 173
978 173
978 160
978 179
978 124
978 243
978 114
979 7
979 212
979 160
979 98
979 229
979 162
980 276
980 106
980 206
980 195
980 155
980 99
981 206
981 209
981 276
981 70
981 64
981 243
982 60
982 247
982 64
982 30
982 277
982 262
983 243
983 238
983 29
983 85
983 218
983 183
984 70
984 262
984 51
984 264
984 13
984 45
985 262
985 150
985 98
985 244
985 32
985 278
986 69
986 243
986 85
986 181
986 10
986 12
987 186
987 150
987 75
987 232
987 80
987 142
988 183
988 91
988 232
988 119
988 276
988 140
989 262
989 234
989 255
989 104
989 98
989 92
990 220
990 113
990 133
990 0
990 124
990 262
991 173
991 269
991 104
991 163
991 189
991 243
992 37
992 195
992 112
992 206
992 26
992 247
993 173
993 51
993 276
993 175
993 98
993 223
994 262
994 58
994 249
994 98
994 276
994 230
995 17
995 186
995 38
995 112
995 85
995 26
996 78
996 175
996 212
996 201
996 177
996 85
997 128
997 42
997 248
997 7
997 224
997 263
998 29
998 98
998 126
998 255
998 69
998 276
999 262
999 276
999 123
999 227
999 124
999 98
1000 223
1000 157
1000 13
1000 77
1000 75
1000 51
1001 234
1001 100
1001 127
1001 214
1001 9
1001 243
1002 247
1002 189
1002 66
1002 12
1002 88
1002 236
1003 225
1003 232
1003 134
1003 257
1003 98
1003 173
1004 135
1004 98
1004 25
1004 262
1004 70
1004 278
1005 123
1005 225
1005 7
1005 214
1005 120
1005 33
1006 60
1006 236
1006 243
1006 74
1006 29
1006 173
1007 262
1007 142
1007 202
1007 37
1007 189
1007 154
1008 223
1008 116
1008 173
1008 276
1008 187
1008 218
1009 92
1009 202
1009 32
1009 68
1009 237
1009 39
1010 136
1010 210
1010 7
1010 223
1010 44
1010 196
1011 252
1011 87
1011 9
1011 130
1011 113
1011 90
1012 146
1012 98
1012 177
1012 1
1012 124
1012 265
1013 243
1013 126
1013 276
1013 278
1013 195
1013 223
1014 255
1014 262
1014 183
1014 173
1014 166
1014 4
1015 132
1015 44
1015 237
1015 34
1015 152
1015 262
1016 214
1016 189
1016 227
1016 51
1016 75
1016 72
1017 276
1017 115
1017 278
1017 226
1017 64
1017 0
1018 112
1018 33
1018 91
1018 160
1018 258
1018 179
1019 203
1019 21
1019 223
1019 90
1019 220
1019 65
1020 12
1020 51
1020 173
1020 106
1020 252
1020 62
1021 203
1021 178
1021 51
1021 173
1021 229
1021 209
1022 218
1022 255
1022 142
1022 51
1022 33
1022 66
1023 219
1023 64
1023 220
1023 88
1023 224
1023 133
1024 199
1024 140
1024 218
1024 34
1024 258
1024 98
1025 58
1025 60
1025 9
1025 110
1025 173
1025 20
1026 226
1026 20
1026 202
1026 143
1026 98
1026 80
1027 78
1027 145
1027 147
1027 58
1027 79
1027 124
1028 232
1028 9
1028 248
1028 147
1028 92
1028 243
1029 154
1029 37
1029 178
1029 4
1029 40
1029 144
1030 262
1030 243
1030 220
1030 255
1030 37
1030 212
1031 276
1031 218
1031 137
1031 128
1031 189
1031 124
1032 62
1032 58
1032 51
1032 112
1032 210
1032 195
1033 131
1033 129
1033 262
1033 75
1033 44
1033 9
1034 4
1034 2
1034 252
1034 85
1034 155
1034 156
1035 108
1035 136
1035 138
1035 265
1035 257
1035 71
1036 206
1036 71
1036 201
1036 203
1036 90
1036 276
1037 180
1037 25
1037 166
1037 276
1037 102
1037 218
1038 78
1038 214
1038 99
1038 226
1038 236
1038 262
1039 109
1039 173
1039 244
1039 248
1039 223
1039 219
1040 214
1040 33
1040 137
1040 243
1040 142
1040 25
1041 60
1041 129
1041 252
1041 19
1041 74
1041 9
1042 29
1042 44
1042 98
1042 227
1042 72
1042 26
1043 18
1043 98
1043 244
1043 267
1043 12
1043 186
1044 149
1044 173
1044 25
1044 155
1044 98
1044 124
1045 234
1045 266
1045 132
1045 218
1045 40
1045 106
1046 58
1046 9
1046 214
1046 201
1046 229
1046 130
1047 244
1047 279
1047 142
1047 154
1047 238
1047 13
1048 232
1048 140
1048 98
1048 29
1048 46
1048 187
1049 25
1049 152
1049 186
1049 31
1049 76
1049 12
1050 249
1050 208
1050 210
1050 114
1050 85
1050 21
1051 255
1051 243
1051 87
1051 25
1051 58
1051 51
1052 212
1052 106
1052 206
1052 276
1052 140
1052 173
1053 61
1053 255
1053 157
1053 51
1053 276
1053 98
1054 14
1054 262
1054 21
1054 68
1054 104
1054 190
1055 71
1055 263
1055 218
1055 20
1055 265
1055 25
1056 276
1056 126
1056 131
1056 214
1056 156
1056 29
1057 262
1057 119
1057 223
1057 201
1057 257
1057 218
1058 183
1058 115
1058 134
1058 154
1058 102
1058 227
1059 58
1059 98
1059 124
1059 226
1059 244
1059 127
1060 101
1060 249
1060 127
1060 146
1060 102
1060 212
1061 51
1061 9
1061 195
1061 257
1061 18
1061 98
1062 151
1062 145
1062 232
1062 129
1062 161
1062 153
1063 226
1063 238
1063 243
1063 21
1063 229
1063 58
1064 276
1064 229
1064 124
1064 255
1064 9
1064 68
1065 265
1065 153
1065 26
1065 133
1065 262
1065 44
1066 145
1066 40
1066 152
1066 15
1066 257
1066 70
1067 120
1067 257
1067 218
1067 85
1067 279
1067 74
1068 90
1068 21
1068 258
1068 154
1068 234
1068 19
1069 44
1069 249
1069 243
1069 220
1069 255
1069 156
1070 76
1070 263
1070 2
1070 223
1070 190
1070 85
1071 75
1071 252
1071 25
1071 208
1071 255
1071 68
1072 147
1072 223
1072 109
1072 277
1072 44
1072 264
1073 196
1073 243
1073 218
1073 32
1073 99
1073 44
1074 276
1074 62
1074 248
1074 12
1074 100
1074 201
1075 201
1075 248
1075 51
1075 114
1075 173
1075 157
1076 140
1076 12
1076 257
1076 101
1076 131
1076 85
1077 232
1077 229
1077 209
1077 120
1077 13
1077 149
1078 103
1078 106
1078 26
1078 58
1078 255
1078 124
1079 117
1079 151
1079 262
1079 257
1079 105
1079 85
1080 0
1080 173
1080 66
1080 196
1080 201
1080 238
1081 206
1081 277
1081 19
1081 187
1081 210
1081 58
1082 88
1082 243
1082 12
1082 126
1082 218
1082 266
1083 114
1083 149
1083 59
1083 147
1083 115
1083 173
1084 85
1084 104
1084 203
1084 25
1084 212
1084 62
1085 229
1085 230
1085 91
1085 26
1085 173
1085 51
1086 37
1086 262
1086 131
1086 186
1086 78
1086 173
1087 258
1087 230
1087 173
1087 238
1087 236
1087 134
1088 266
1088 32
1088 62
1088 29
1088 25
1088 91
1089 212
1089 279
1089 179
1089 33
1089 114
1089 226
1090 255
1090 143
1090 218
1090 20
1090 160
1090 173
1091 13
1091 59
1091 34
1091 173
1091 15
1091 175
1092 162
1092 175
1092 153
1092 243
1092 206
1092 277
1093 66
1093 138
1093 187
1093 98
1093 133
1093 59
1094 232
1094 255
1094 195
1094 59
1094 201
1094 98
1095 103
1095 29
1095 160
1095 14
1095 59
1095 100
1096 13
1096 124
1096 112
1096 129
1096 90
1096 15
1097 153
1097 9
1097 202
1097 206
1097 243
1097 133
1098 99
1098 218
1098 232
1098 223
1098 266
1098 257
1099 210
1099 77
1099 33
1099 74
1099 208
1099 236
1100 210
1100 114
1100 262
1100 157
1100 132
1100 142
1101 206
1101 166
1101 78
1101 10
1101 238
1101 65
1102 127
1102 88
1102 277
1102 218
1102 201
1102 173
1103 243
1103 12
1103 269
1103 1
1103 98
1103 255
1104 12
1104 277
1104 237
1104 90
1104 223
1104 143
1105 114
1105 179
1105 25
1105 232
1105 29
1105 212
1106 232
1106 218
1106 116
1106 74
1106 201
1106 17
1107 74
1107 189
1107 267
1107 201
1107 51
1107 187
1108 183
1108 143
1108 59
1108 206
1108 60
1108 37
1109 85
1109 141
1109 115
1109 218
1109 126
1109 243
1110 277
1110 106
1110 104
1110 45
1110 124
1110 109
1111 99
1111 112
1111 219
1111 10
1111 262
1111 186
1112 108
1112 90
1112 118
1112 190
1112 25
1112 208
1113 262
1113 160
1113 177
1113 108
1113 126
1113 195
1114 173
1114 102
1114 206
1114 126
1114 257
1114 196
1115 136
1115 166
1115 126
1115 186
1115 32
1115 189
1116 115
1116 10
1116 78
1116 177
1116 70
1116 262
1117 175
1117 268
1117 110
1117 70
1117 234
1117 195
1118 195
1118 154
1118 40
1118 162
1118 202
1118 37
1119 268
1119 9
1119 214
1119 124
1119 218
1119 106
1120 9
1120 25
1120 14
1120 29
1120 208
1120 234
1121 19
1121 249
1121 177
1121 25
1121 51
1121 206
1122 201
1122 195
1122 51
1122 279
1122 161
1122 59
1123 144
1123 34
1123 262
1123 277
1123 255
1123 278
1124 161
1124 79
1124 264
1124 38
1124 186
1124 59
1125 173
1125 42
1125 219
1125 25
1125 127
1125 186
1126 124
1126 220
1126 140
1126 232
1126 234
1126 223
1127 248
1127 237
1127 101
1127 277
1127 227
1127 195
1128 219
1128 74
1128 214
1128 262
1128 70
1128 18
1129 150
1129 71
1129 206
1129 101
1129 14
1129 20
1130 35
1130 248
1130 59
1130 60
1130 74
1130 133
1131 136
1131 45
1131 109
1131 68
1131 124
1131 9
1132 9
1132 31
1132 112
1132 234
1132 85
1132 224
1133 85
1133 219
1133 2
1133 44
1133 86
1133 249
1134 85
1134 37
1134 88
1134 18
1134 201
1134 277
1135 46
1135 68
1135 0
1135 173
1135 255
1135 206
1136 119
1136 154
1136 183
1136 195
1136 201
1136 51
1137 248
1137 13
1137 151
1137 186
1137 77
1137 268
1138 90
1138 29
1138 173
1138 196
1138 257
1138 21
1139 13
1139 208
1139 175
1139 59
1139 98
1139 60
1140 262
1140 13
1140 155
1140 186
1140 37
1140 175
1141 9
1141 116
1141 152
1141 66
1141 195
1141 15
1142 187
1142 173
1142 85
1142 131
1142 46
1142 59
1143 18
1143 248
1143 183
1143 249
1143 12
1143 173
1144 236
1144 85
1144 173
1144 14
1144 75
1144 201
1145 25
1145 219
1145 12
1145 59
1145 18
1145 60
1146 98
1146 183
1146 262
1146 72
1146 230
1146 1
1147 206
1147 236
1147 173
1147 219
1147 146
1147 203
1148 161
1148 51
1148 124
1148 103
1148 75
1148 145
1149 229
1149 201
1149 243
1149 68
1149 17
1149 4
1150 124
1150 195
1150 277
1150 248
1150 85
1150 61
1151 154
1151 51
1151 138
1151 29
1151 1
1151 31
1152 230
1152 42
1152 21
1152 4
1152 243
1152 68
1153 17
1153 26
1153 31
1153 71
1153 219
1153 195
1154 124
1154 30
1154 26
1154 92
1154 147
1154 64
1155 61
1155 59
1155 186
1155 104
1155 32
1155 34
1156 195
1156 59
1156 225
1156 60
1156 173
1156 255
1157 18
1157 279
1157 72
1157 229
1157 124
1157 143
1158 214
1158 59
1158 45
1158 255
1158 209
1158 32
1159 85
1159 232
1159 98
1159 201
1159 29
1159 277
1160 257
1160 17
1160 85
1160 175
1160 269
1160 98
1161 76
1161 0
1161 152
1161 4
1161 119
1161 106
1162 202
1162 173
1162 206
1162 179
1162 51
1162 9
1163 223
1163 31
1163 19
1163 149
1163 146
1163 265
1164 141
1164 4
1164 10
1164 37
1164 147
1164 75
1165 255
1165 98
1165 119
1165 183
1165 252
1165 195
1166 151
1166 224
1166 112
1166 277
1166 146
1166 59
1167 214
1167 59
1167 9
1167 252
1167 223
1167 141
1168 173
1168 230
1168 65
1168 201
1168 59
1168 144
1169 140
1169 154
1169 51
1169 161
1169 17
1169 137
1170 252
1170 61
1170 225
1170 178
1170 14
1170 173
1171 145
1171 201
1171 219
1171 85
1171 277
1171 255
1172 98
1172 173
1172 141
1172 0
1172 212
1172 175
1173 59
1173 277
1173 226
1173 147
1173 257
1173 262
1174 106
1174 17
1174 155
1174 136
1174 152
1174 179
1175 223
1175 101
1175 60
1175 41
1175 238
1175 173
1176 37
1176 124
1176 40
1176 71
1176 66
1176 150
1177 85
1177 86
1177 162
1177 173
1177 145
1177 75
1178 133
1178 220
1178 59
1178 226
1178 107
1178 126
1179 26
1179 236
1179 147
1179 29
1179 206
1179 234
1180 126
1180 177
1180 141
1180 152
1180 51
1180 85
1181 264
1181 9
1181 186
1181 1
1181 68
1181 12
1182 201
1182 277
1182 114
1182 112
1182 196
1182 42
1183 255
1183 78
1183 160
1183 219
1183 59
1183 124
1184 180
1184 206
1184 163
1184 214
1184 9
1184 229
1185 160
1185 227
1185 132
1185 124
1185 277
1185 278
1186 244
1186 232
1186 74
1186 126
1186 206
1186 77
1187 61
1187 140
1187 68
1187 112
1187 232
1187 195
1188 13
1188 60
1188 90
1188 26
1188 252
1188 214
1189 26
1189 161
1189 173
1189 149
1189 112
1189 19
1190 149
1190 59
1190 14
1190 77
1190 232
1190 51
1191 234
1191 45
1191 219
1191 210
1191 232
1191 265
1192 244
1192 145
1192 173
1192 51
1192 224
1192 136
1193 118
1193 12
1193 206
1193 219
1193 153
1193 29
1194 230
1194 223
1194 175
1194 232
1194 31
1194 9
1195 108
1195 224
1195 17
1195 196
1195 201
1195 140
1196 183
1196 41
1196 244
1196 252
1196 162
1196 108
1197 9
1197 262
1197 248
1197 59
1197 208
1197 13
1198 244
1198 62
1198 225
1198 214
1198 150
1198 9
1199 85
1199 91
1199 150
1199 134
1199 160
1199 9
1200 114
1200 9
1200 175
1200 226
1200 277
1200 13
1201 61
1201 103
1201 92
1201 136
1201 230
1201 105
1202 37
1202 38
1202 124
1202 114
1202 210
1202 236
1203 80
1203 91
1203 98
1203 147
1203 26
1203 265
1204 117
1204 132
1204 85
1204 59
1204 134
1204 60
1205 74
1205 186
1205 177
1205 77
1205 88
1205 79
1206 0
1206 71
1206 201
1206 162
1206 92
1206 264
1207 187
1207 181
1207 244
1207 268
1207 133
1207 21
1208 232
1208 262
1208 206
1208 160
1208 163
1208 265
1209 227
1209 208
1209 252
1209 51
1209 77
1209 187
1210 44
1210 112
1210 2
1210 244
1210 85
1210 108
1211 133
1211 98
1211 150
1211 190
1211 112
1211 10
1212 29
1212 85
1212 51
1212 262
1212 0
1212 227
1213 132
1213 187
1213 34
1213 88
1213 163
1213 278
1214 255
1214 21
1214 195
1214 12
1214 278
1214 100
1215 244
1215 29
1215 124
1215 187
1215 248
1215 219
1216 116
1216 106
1216 257
1216 85
1216 80
1216 232
1217 183
1217 41
1217 152
1217 112
1217 34
1217 100
1218 60
1218 85
1218 34
1218 202
1218 162
1218 9
1219 29
1219 223
1219 38
1219 18
1219 124
1219 60
1220 195
1220 33
1220 86
1220 112
1220 126
1220 187
1221 112
1221 236
1221 4
1221 263
1221 244
1221 117
1222 112
1222 12
1222 35
1222 160
1222 118
1222 66
1223 129
1223 183
1223 278
1223 60
1223 9
1223 141
1224 126
1224 140
1224 21
1224 66
1224 166
1224 175
1225 238
1225 60
1225 257
1225 173
1225 88
1225 85
1226 60
1226 62
1226 202
1226 214
1226 131
1226 114
1227 206
1227 244
1227 266
1227 236
1227 4
1227 252
1228 173
1228 109
1228 223
1228 60
1228 62
1228 164
1229 77
1229 195
1229 44
1229 183
1229 248
1229 108
1230 64
1230 9
1230 41
1230 219
1230 17
1230 37
1231 266
1231 0
1231 33
1231 35
1231 60
1231 12
1232 147
1232 131
1232 212
1232 160
1232 46
1232 155
1233 124
1233 257
1233 166
1233 248
1233 154
1233 66
1234 13
1234 88
1234 9
1234 195
1234 29
1234 90
1235 105
1235 17
1235 29
1235 128
1235 21
1235 190
1236 2
1236 120
1236 175
1236 98
1236 9
1236 103
1237 119
1237 278
1237 102
1237 252
1237 219
1237 268
1238 17
1238 248
1238 41
1238 164
1238 249
1238 178
1239 248
1239 160
1239 29
1239 80
1239 206
1239 195
1240 195
1240 124
1240 18
1240 257
1240 37
1240 249
1241 278
1241 138
1241 79
1241 134
1241 60
1241 18
1242 85
1242 74
1242 86
1242 279
1242 152
1242 126
1243 175
1243 267
1243 161
1243 145
1243 42
1243 68
1244 85
1244 248
1244 187
1244 13
1244 202
1244 92
1245 60
1245 106
1245 45
1245 225
1245 187
1245 190
1246 85
1246 126
1246 262
1246 219
1246 120
1246 279
1247 127
1247 26
1247 60
1247 71
1247 126
1247 12
1248 112
1248 164
1248 219
1248 279
1248 236
1248 265
1249 60
1249 279
1249 187
1249 210
1249 149
1249 147
1250 119
1250 249
1250 60
1250 80
1250 126
1250 62
1251 262
1251 208
1251 206
1251 164
1251 128
1251 177
1252 26
1252 60
1252 279
1252 62
1252 132
1252 77
1253 267
1253 116
1253 257
1253 61
1253 236
1253 37
1254 232
1254 219
1254 85
1254 157
1254 44
1254 279
1255 232
1255 62
1255 279
1255 68
1255 202
1255 26
1256 146
1256 100
1256 68
1256 248
1256 61
1256 173
1257 77
1257 248
1257 236
1257 46
1257 279
1257 178
1258 279
1258 132
1258 161
1258 146
1258 150
1258 262
1259 61
1259 12
1259 64
1259 119
1259 14
1259 0
1260 154
1260 20
1260 173
1260 68
1260 42
1260 98
1261 80
1261 279
1261 104
1261 34
1261 180
1261 61
1262 44
1262 131
1262 219
1262 18
1262 4
1262 85
1263 85
1263 126
1263 26
1263 248
1263 249
1263 279
1264 61
1264 4
1264 9
1264 66
1264 45
1264 17
1265 14
1265 164
1265 42
1265 92
1265 248
1265 38
1266 279
1266 219
1266 227
1266 225
1266 177
1266 223
1267 79
1267 61
1267 262
1267 77
1267 173
1267 175
1268 131
1268 248
1268 120
1268 116
1268 219
1268 9
1269 0
1269 146
1269 138
1269 279
1269 262
1269 147
1270 210
1270 102
1270 252
1270 66
1270 203
1270 212
1271 74
1271 61
1271 248
1271 77
1271 86
1271 279
1272 88
1272 202
1272 264
1272 255
1272 206
1272 64
1273 86
1273 238
1273 202
1273 79
1273 223
1273 183
1274 70
1274 154
1274 195
1274 164
1274 248
1274 257
1275 180
1275 252
1275 279
1275 131
1275 223
1275 86
1276 12
1276 262
1276 219
1276 119
1276 279
1276 230
1277 21
1277 114
1277 224
1277 202
1277 257
1277 61
1278 255
1278 44
1278 136
1278 237
1278 252
1278 248
1279 90
1279 86
1279 105
1279 88
1279 141
1279 126
1280 70
1280 206
1280 208
1280 65
1280 187
1280 128
1281 92
1281 263
1281 13
1281 77
1281 119
1281 88
1282 210
1282 104
1282 37
1282 248
1282 86
1282 279
1283 143
1283 195
1283 258
1283 268
1283 173
1283 112
1284 248
1284 267
1284 100
1284 249
1284 225
1284 102
1285 202
1285 175
1285 66
1285 101
1285 263
1285 61
1286 26
1286 42
1286 2
1286 112
1286 44
1286 13
1287 206
1287 248
1287 236
1287 98
1287 29
1287 152
1288 61
1288 187
1288 65
1288 126
1288 264
1288 69
1289 2
1289 98
1289 178
1289 232
1289 71
1289 34
1290 37
1290 4
1290 236
1290 265
1290 119
1290 223
1291 258
1291 263
1291 64
1291 224
1291 66
1291 188
1292 208
1292 45
1292 180
1292 61
1292 127
1292 64
1293 30
1293 0
1293 105
1293 61
1293 227
1293 120
1294 107
1294 208
1294 248
1294 236
1294 152
1294 265
1295 75
1295 69
1295 112
1295 128
1295 161
1295 154
1296 62
1296 155
1296 126
1296 209
1296 31
1296 30
1297 106
1297 202
1297 149
1297 208
1297 257
1297 210
1298 202
1298 223
1298 115
1298 230
1298 72
1298 209
1299 99
1299 29
1299 101
1299 196
1299 98
1299 80
1300 132
1300 105
1300 32
1300 34
1300 263
1300 219
1301 13
1301 179
1301 208
1301 19
1301 86
1301 202
1302 196
1302 19
1302 230
1302 140
1302 126
1302 202
1303 98
1303 126
1303 248
1303 61
1303 255
1303 112
1304 131
1304 157
1304 2
1304 177
1304 64
1304 248
1305 75
1305 183
1305 98
1305 164
1305 20
1305 146
1306 20
1306 146
1306 112
1306 69
1306 30
1306 126
1307 112
1307 42
1307 279
1307 175
1307 101
1307 91
1308 279
1308 88
1308 9
1308 157
1308 42
1308 140
1309 45
1309 4
1309 219
1309 187
1309 268
1309 175
1310 136
1310 134
1310 38
1310 29
1310 202
1310 150
1311 175
1311 208
1311 74
1311 77
1311 126
1311 127
1312 189
1312 202
1312 149
1312 69
1312 175
1312 106
1313 202
1313 61
1313 70
1313 77
1313 268
1313 9
1314 26
1314 61
1314 255
1314 279
1314 88
1314 187
1315 112
1315 238
1315 72
1315 61
1315 236
1315 88
1316 61
1316 77
1316 248
1316 162
1316 249
1316 104
1317 78
1317 187
1317 72
1317 267
1317 26
1317 109
1318 114
1318 126
1318 263
1318 279
1318 20
1318 80
1319 31
1319 4
1319 175
1319 136
1319 98
1319 26
1320 223
1320 61
1320 88
1320 64
1320 29
1320 31
1321 219
1321 208
1321 252
1321 44
1321 220
1321 18
1322 153
1322 155
1322 20
1322 91
1322 161
1322 157
1323 249
1323 195
1323 21
1323 263
1323 64
1323 37
1324 220
1324 187
1324 104
1324 35
1324 26
1324 0
1325 208
1325 141
1325 161
1325 249
1325 42
1325 92
1326 134
1326 64
1326 107
1326 258
1326 71
1326 224
1327 26
1327 61
1327 155
1327 202
1327 13
1327 144
1328 208
1328 119
1328 61
1328 98
1328 4
1328 143
1329 175
1329 9
1329 66
1329 166
1329 74
1329 267
1330 208
1330 46
1330 196
1330 66
1330 149
1330 61
1331 61
1331 120
1331 133
1331 108
1331 75
1331 35
1332 0
1332 26
1332 267
1332 61
1332 42
1332 236
1333 175
1333 13
1333 114
1333 177
1333 75
1333 249
1334 98
1334 61
1334 79
1334 37
1334 90
1334 109
1335 202
1335 249
1335 4
1335 13
1335 75
1335 86
1336 61
1336 108
1336 69
1336 127
1336 151
1336 70
1337 263
1337 137
1337 119
1337 13
1337 35
1337 61
1338 109
1338 107
1338 126
1338 90
1338 13
1338 178
1339 98
1339 190
1339 86
1339 78
1339 175
1339 252
1340 255
1340 107
1340 108
1340 61
1340 164
1340 175
1341 91
1341 133
1341 65
1341 188
1341 112
1341 78
1342 34
1342 131
1342 61
1342 0
1342 137
1342 2
1343 0
1343 61
1343 187
1343 138
1343 101
1343 2
1344 157
1344 190
1344 249
1344 219
1344 208
1344 267
1345 166
1345 126
1345 225
1345 252
1345 132
1345 219
1346 209
1346 223
1346 188
1346 225
1346 149
1346 0
1347 268
1347 29
1347 187
1347 212
1347 219
1347 249
1348 202
1348 17
1348 210
1348 249
1348 263
1348 88
1349 179
1349 35
1349 112
1349 61
1349 45
1349 175
1350 74
1350 62
1350 77
1350 45
1350 131
1350 1
1351 38
1351 220
1351 61
1351 252
1351 249
1351 175
1352 208
1352 212
1352 107
1352 126
1352 101
1352 263
1353 212
1353 112
1353 161
1353 146
1353 189
1353 61
1354 142
1354 69
1354 98
1354 37
1354 263
1354 202
1355 202
1355 263
1355 175
1355 133
1355 108
1355 14
1356 42
1356 13
1356 236
1356 91
1356 232
1356 138
1357 34
1357 131
1357 42
1357 249
1357 257
1357 86
1358 175
1358 252
1358 69
1358 0
1358 226
1358 157
1359 13
1359 42
1359 74
1359 79
1359 175
1359 267
1360 101
1360 104
1360 61
1360 2
1360 64
1360 202
1361 236
1361 126
1361 64
1361 4
1361 45
1361 32
1362 66
1362 98
1362 150
1362 137
1362 220
1362 133
1363 0
1363 61
1363 220
1363 64
1363 14
1363 236
1364 101
1364 114
1364 13
1364 229
1364 264
1364 70
1365 220
1365 45
1365 61
1365 29
1365 64
1365 229
1366 61
1366 187
1366 26
1366 88
1366 136
1366 1
1367 69
1367 91
1367 157
1367 126
1367 61
1367 257
1368 112
1368 223
1368 224
1368 17
1368 152
1368 61
1369 90
1369 187
1369 236
1369 71
1369 226
1369 177
1370 90
1370 61
1370 120
1370 224
1370 34
1370 69
1371 61
1371 99
1371 202
1371 140
1371 183
1371 126
1372 101
1372 249
1372 38
1372 88
1372 212
1372 61
1373 0
1373 66
1373 61
1373 190
1373 79
1373 212
1374 255
1374 175
1374 13
1374 180
1374 91
1374 223
1375 141
1375 98
1375 249
1375 86
1375 77
1375 212
1376 18
1376 249
1376 161
1376 252
1376 227
1376 61
1377 146
1377 224
1377 220
1377 86
1377 66
1377 175
1378 29
1378 153
1378 220
1378 202
1378 249
1378 224
1379 30
1379 90
1379 106
1379 220
1379 0
1379 26
1380 161
1380 236
1380 175
1380 114
1380 164
1380 74
1381 79
1381 249
1381 114
1381 208
1381 177
1381 65
1382 114
1382 13
1382 155
1382 115
1382 202
1382 232
1383 80
1383 13
1383 17
1383 0
1383 161
1383 2
1384 166
1384 108
1384 88
1384 90
1384 42
1384 179
1385 13
1385 187
1385 164
1385 195
1385 86
1385 223
1386 229
1386 71
1386 0
1386 29
1386 146
1386 140
1387 92
1387 17
1387 263
1387 26
1387 265
1387 114
1388 126
1388 208
1388 13
1388 249
1388 64
1388 212
1389 42
1389 86
1389 220
1389 88
1389 183
1389 44
1390 150
1390 0
1390 108
1390 187
1390 29
1390 255
1391 92
1391 236
1391 181
1391 1
1391 136
1391 264
1392 126
1392 99
1392 249
1392 69
1392 37
1392 98
1393 17
1393 86
1393 61
1393 0
1393 164
1393 13
1394 155
1394 212
1394 195
1394 126
1394 120
1394 127
1395 166
1395 249
1395 61
1395 37
1395 175
1395 188
1396 0
1396 232
1396 227
1396 2
1396 115
1396 220
1397 183
1397 61
1397 230
1397 37
1397 133
1397 249
1398 120
1398 175
1398 183
1398 86
1398 88
1398 267
1399 0
1399 220
1399 164
1399 75
1399 150
1399 18
1400 154
1400 188
1400 166
1400 133
1400 69
1400 268
1401 61
1401 236
1401 140
1401 232
1401 175
1401 263
1402 157
1402 220
1402 223
1402 175
1402 249
1402 195
1403 137
1403 66
1403 114
1403 249
1403 220
1403 0
1404 263
1404 252
1404 114
1404 258
1404 115
1404 65
1405 263
1405 17
1405 202
1405 237
1405 181
1405 183
1406 229
1406 149
1406 252
1406 258
1406 126
1406 20
1407 162
1407 70
1407 0
1407 45
1407 175
1407 126
1408 4
1408 114
1408 104
1408 226
1408 127
1408 137
1409 164
1409 69
1409 183
1409 4
1409 249
1409 116
1410 249
1410 195
1410 252
1410 98
1410 203
1410 0
1411 42
1411 61
1411 208
1411 175
1411 224
1411 249
1412 106
1412 157
1412 42
1412 208
1412 13
1412 129
1413 183
1413 141
1413 196
1413 212
1413 66
1413 109
1414 79
1414 42
1414 38
1414 71
1414 65
1414 230
1415 0
1415 62
1415 34
1415 2
1415 190
1415 144
1416 196
1416 149
1416 13
1416 98
1416 104
1416 166
1417 13
1417 249
1417 71
1417 17
1417 143
1417 127
1418 35
1418 69
1418 86
1418 127
1418 61
1418 164
1419 212
1419 263
1419 142
1419 119
1419 101
1419 104
1420 61
1420 90
1420 175
1420 183
1420 220
1420 2
1421 109
1421 75
1421 131
1421 37
1421 34
1421 104
1422 150
1422 74
1422 153
1422 88
1422 21
1422 92
1423 150
1423 13
1423 232
1423 149
1423 177
1423 263
1424 108
1424 104
1424 220
1424 29
1424 42
1424 140
1425 133
1425 61
1425 249
1425 224
1425 226
1425 64
1426 237
1426 249
1426 37
1426 92
1426 150
1426 267
1427 18
1427 0
1427 249
1427 196
1427 69
1427 147
1428 115
1428 223
1428 226
1428 13
1428 61
1428 224
1429 31
1429 101
1429 90
1429 0
1429 61
1429 64
1430 175
1430 117
1430 252
1430 61
1430 69
1430 0
1431 80
1431 252
1431 42
1431 255
1431 257
1431 208
1432 62
1432 146
1432 45
1432 131
1432 37
1432 209
1433 220
1433 223
1433 44
1433 187
1433 116
1433 46
1434 154
1434 142
1434 104
1434 238
1434 136
1434 114
1435 181
1435 66
1435 117
1435 252
1435 78
1435 127
1436 62
1436 232
1436 212
1436 64
1436 220
1436 263
1437 13
1437 175
1437 209
1437 74
1437 117
1437 62
1438 161
1438 263
1438 255
1438 258
1438 252
1438 13
1439 78
1439 120
1439 114
1439 108
1439 14
1439 151
1440 17
1440 4
1440 34
1440 187
1440 62
1440 127
1441 0
1441 37
1441 77
1441 2
1441 178
1441 183
1442 104
1442 44
1442 70
1442 225
1442 114
1442 101
1443 150
1443 152
1443 223
1443 166
1443 164
1443 141
1444 252
1444 108
1444 255
1444 0
1444 140
1444 4
1445 252
1445 164
1445 267
1445 229
1445 17
1445 196
1446 18
1446 252
1446 150
1446 62
1446 140
1446 220
1447 106
1447 109
1447 14
1447 72
1447 209
1447 196
1448 44
1448 26
1448 115
1448 164
1448 177
1448 119
1449 0
1449 62
1449 177
1449 104
1449 4
1449 196
1450 71
1450 14
1450 129
1450 146
1450 17
1450 203
1451 252
1451 0
1451 131
1451 161
1451 127
1451 155
1452 220
1452 144
1452 227
1452 14
1452 149
1452 223
1453 196
1453 236
1453 70
1453 202
1453 69
1453 14
1454 140
1454 157
1454 149
1454 230
1454 209
1454 98
1455 209
1455 117
1455 146
1455 255
1455 137
1455 220
1456 127
1456 252
1456 0
1456 2
1456 187
1456 162
1457 69
1457 65
1457 149
1457 267
1457 78
1457 20
1458 232
1458 196
1458 220
1458 229
1458 86
1458 263
1459 14
1459 263
1459 104
1459 17
1459 69
1459 0
1460 209
1460 90
1460 132
1460 220
1460 223
1460 177
1461 252
1461 14
1461 161
1461 255
1461 75
1461 164
1462 17
1462 20
1462 14
1462 1
1462 226
1462 267
1463 157
1463 30
1463 127
1463 209
1463 220
1463 133
1464 223
1464 1
1464 35
1464 31
1464 62
1464 42
1465 2
1465 187
1465 161
1465 86
1465 142
1465 146
1466 220
1466 104
1466 127
1466 133
1466 114
1466 105
1467 62
1467 114
1467 32
1467 115
1467 220
1467 14
1468 230
1468 209
1468 190
1468 109
1468 33
1468 21
1469 127
1469 209
1469 62
1469 70
1469 255
1469 142
1470 119
1470 62
1470 196
1470 98
1470 2
1470 209
1471 90
1471 127
1471 202
1471 144
1471 44
1471 128
1472 26
1472 38
1472 180
1472 141
1472 127
1472 258
1473 190
1473 196
1473 2
1473 4
1473 119
1473 252
1474 134
1474 86
1474 88
1474 196
1474 154
1474 225
1475 252
1475 17
1475 202
1475 64
1475 187
1475 155
1476 129
1476 180
1476 224
1476 104
1476 62
1476 236
1477 42
1477 86
1477 209
1477 196
1477 98
1477 99
1478 62
1478 177
1478 161
1478 65
1478 42
1478 255
1479 263
1479 136
1479 252
1479 14
1479 257
1479 62
1480 26
1480 72
1480 178
1480 252
1480 62
1480 114
1481 220
1481 189
1481 119
1481 196
1481 255
1481 17
1482 257
1482 189
1482 104
1482 230
1482 232
1482 202
1483 62
1483 91
1483 104
1483 180
1483 98
1483 178
1484 196
1484 177
1484 183
1484 98
1484 268
1484 21
1485 72
1485 2
1485 257
1485 69
1485 138
1485 177
1486 2
1486 202
1486 177
1486 17
1486 62
1486 91
1487 183
1487 133
1487 196
1487 2
1487 86
1487 69
1488 157
1488 98
1488 99
1488 132
1488 227
1488 101
1489 146
1489 62
1489 257
1489 38
1489 117
1489 263
1490 257
1490 14
1490 263
1490 142
1490 177
1490 62
1491 38
1491 80
1491 210
1491 106
1491 127
1491 21
1492 62
1492 127
1492 203
1492 105
1492 98
1492 116
1493 98
1493 86
1493 230
1493 202
1493 2
1493 224
1494 209
1494 236
1494 196
1494 109
1494 44
1494 104
1495 14
1495 164
1495 90
1495 17
1495 119
1495 62
1496 2
1496 90
1496 26
1496 4
1496 14
1496 92
1497 164
1497 166
1497 188
1497 69
1497 187
1497 267
1498 14
1498 127
1498 177
1498 17
1498 209
1498 65
1499 196
1499 164
1499 151
1499 32
1499 14
1499 20
1500 132
1500 144
1500 114
1500 224
1500 115
1500 99
1501 257
1501 263
1501 114
1501 38
1501 86
1501 65
1502 177
1502 157
1502 119
1502 136
1502 117
1502 257
1503 187
1503 131
1503 268
1503 99
1503 90
1503 224
1504 90
1504 177
1504 140
1504 14
1504 117
1504 17
1505 188
1505 180
1505 74
1505 265
1505 187
1505 14
1506 32
1506 187
1506 90
1506 196
1506 4
1506 99
1507 138
1507 257
1507 38
1507 62
1507 236
1507 90
1508 220
1508 79
1508 177
1508 144
1508 65
1508 179
1509 132
1509 65
1509 62
1509 230
1509 129
1509 109
1510 99
1510 14
1510 86
1510 62
1510 177
1510 232
1511 265
1511 166
1511 187
1511 202
1511 42
1511 188
1512 86
1512 69
1512 119
1512 62
1512 140
1512 70
1513 65
1513 14
1513 31
1513 42
1513 69
1513 263
1514 202
1514 127
1514 114
1514 220
1514 32
1514 46
1515 264
1515 232
1515 127
1515 149
1515 14
1515 258
1516 21
1516 90
1516 99
1516 4
1516 209
1516 149
1517 65
1517 258
1517 147
1517 69
1517 2
1517 177
1518 224
1518 263
1518 209
1518 164
1518 17
1518 114
1519 78
1519 127
1519 263
1519 212
1519 220
1519 196
1520 263
1520 224
1520 220
1520 149
1520 17
1520 178
1521 14
1521 161
1521 17
1521 236
1521 263
1521 2
1522 263
1522 78
1522 187
1522 202
1522 90
1522 20
1523 212
1523 263
1523 267
1523 179
1523 209
1523 146
1524 127
1524 42
1524 224
1524 34
1524 161
1524 2
1525 2
1525 26
1525 14
1525 179
1525 263
1525 265
1526 26
1526 78
1526 263
1526 29
1526 101
1526 265
1527 114
1527 86
1527 30
1527 263
1527 220
1527 42
1528 224
1528 90
1528 92
1528 220
1528 14
1528 65
1529 142
1529 75
1529 14
1529 78
1529 17
1529 180
1530 129
1530 179
1530 183
1530 263
1530 265
1530 2
1531 2
1531 202
1531 209
1531 4
1531 268
1531 91
1532 127
1532 263
1532 265
1532 236
1532 220
1532 196
1533 263
1533 142
1533 202
1533 220
1533 265
1533 65
1534 263
1534 38
1534 90
1534 202
1534 14
1534 265
1535 264
1535 104
1535 38
1535 265
1535 14
1535 224
1536 202
1536 264
1536 14
1536 127
1536 128
1536 2
1537 202
1537 14
1537 220
1537 226
1537 264
1537 209
1538 65
1538 69
1538 202
1538 264
1538 140
1538 90
1539 14
1539 188
1539 78
1539 202
1539 20
1539 17
1540 117
1540 29
1540 31
1540 4
1540 32
1540 141
1541 17
1541 14
1541 106
1541 114
1541 65
1541 149
1542 14
1542 99
1542 179
1542 212
1542 17
1542 65
1543 179
1543 151
1543 65
1543 181
1543 138
1543 14
1544 65
1544 264
1544 2
1544 209
1544 181
1544 42
1545 179
1545 161
1545 18
1545 210
1545 264
1545 224
1546 90
1546 20
1546 236
1546 65
1546 92
1546 149
1547 18
1547 187
1547 69
1547 65
1547 196
1547 188
1548 187
1548 90
1548 114
1548 18
1548 104
1548 99
1549 127
1549 65
1549 161
1549 220
1549 2
1549 20
1550 196
1550 65
1550 69
1550 209
1550 212
1550 70
1551 18
1551 151
1551 42
1551 209
1551 140
1551 65
1552 34
1552 65
1552 183
1552 78
1552 90
1552 20
1553 157
1553 109
1553 65
1553 29
1553 127
1553 209
1554 114
1554 155
1554 116
1554 31
1554 99
1554 120
1555 78
1555 116
1555 264
1555 107
1555 79
1555 196
1556 18
1556 209
1556 154
1556 90
1556 69
1556 2
1557 114
1557 42
1557 2
1557 209
1557 236
1557 26
1558 146
1558 119
1558 75
1558 26
1558 179
1558 181
1559 227
1559 209
1559 26
1559 220
1559 69
1559 127
1560 26
1560 220
1560 187
1560 151
1560 183
1560 44
1561 20
1561 209
1561 142
1561 90
1561 44
1561 264
1562 196
1562 220
1562 119
1562 78
1562 264
1562 90
1563 31
1563 264
1563 220
1563 65
1563 265
1563 99
1564 227
1564 18
1564 224
1564 151
1564 69
1564 90
1565 44
1565 142
1565 2
1565 116
1565 91
1565 34
1566 209
1566 119
1566 212
1566 65
1566 220
1566 224
1567 2
1567 220
1567 236
1567 104
1567 146
1567 42
1568 119
1568 236
1568 91
1568 264
1568 29
1568 196
1569 65
1569 227
1569 18
1569 157
1569 20
1569 236
1570 65
1570 21
1570 264
1570 179
1570 78
1570 31
1571 264
1571 236
1571 78
1571 187
1571 99
1571 149
1572 265
1572 151
1572 153
1572 2
1572 18
1572 38
1573 18
1573 183
1573 138
1573 65
1573 264
1573 179
1574 236
1574 161
1574 164
1574 104
1574 65
1574 267
1575 101
1575 236
1575 227
1575 179
1575 134
1575 42
1576 65
1576 153
1576 21
1576 128
1576 196
1576 179
1577 99
1577 166
1577 104
1577 264
1577 44
1577 131
1578 209
1578 180
1578 99
1578 65
1578 20
1578 2
1579 42
1579 209
1579 119
1579 264
1579 2
1579 236
1580 236
1580 127
1580 149
1580 69
1580 138
1580 101
1581 237
1581 140
1581 209
1581 127
1581 264
1581 179
1582 157
1582 65
1582 4
1582 30
1582 187
1582 32
1583 45
1583 166
1583 30
1583 209
1583 220
1583 101
1584 42
1584 236
1584 26
1584 114
1584 104
1584 264
1585 264
1585 210
1585 179
1585 236
1585 18
1585 65
1586 142
1586 26
1586 268
1586 114
1586 133
1586 101
1587 91
1587 149
1587 183
1587 236
1587 264
1587 179
1588 264
1588 26
1588 70
1588 127
1588 265
1588 267
1589 26
1589 127
1589 209
1589 78
1589 237
1589 196
1590 2
1590 119
1590 65
1590 114
1590 91
1590 74
1591 154
1591 18
1591 106
1591 224
1591 91
1591 2
1592 264
1592 129
1592 29
1592 101
1592 265
1592 65
1593 209
1593 127
1593 2
1593 224
1593 196
1593 161
1594 188
1594 35
1594 132
1594 18
1594 264
1594 161
1595 92
1595 65
1595 183
1595 106
1595 224
1595 20
1596 78
1596 196
1596 104
1596 265
1596 20
1596 179
1597 114
1597 42
1597 65
1597 2
1597 4
1597 20
1598 65
1598 2
1598 29
1598 101
1598 91
1598 224
1599 265
1599 20
1599 267
1599 144
1599 268
1599 65
1600 20
1600 209
1600 188
1600 69
1600 265
1600 190
1601 78
1601 224
1601 188
1601 227
1601 91
1601 45
1602 38
1602 151
1602 265
1602 4
1602 267
1602 20
1603 66
1603 79
1603 236
1603 20
1603 265
1603 4
1604 127
1604 65
1604 104
1604 227
1604 114
1604 20
1605 265
1605 91
1605 209
1605 31
1605 224
1605 127
1606 189
1606 119
1606 69
1606 65
1606 127
1606 265
1607 4
1607 74
1607 91
1607 20
1607 267
1607 92
1608 179
1608 20
1608 29
1608 91
1608 101
1608 183
1609 127
1609 91
1609 101
1609 265
1609 104
1609 65
1610 104
1610 166
1610 65
1610 101
1610 132
1610 119
1611 265
1611 101
1611 127
1611 20
1611 267
1611 196
1612 209
1612 65
1612 140
1612 144
1612 101
1612 151
1613 267
1613 268
1613 29
1613 20
1613 65
1613 227
1614 101
1614 196
1614 104
1614 136
1614 152
1614 20
1615 267
1615 131
1615 20
1615 34
1615 91
1615 151
1616 267
1616 268
1616 127
1616 166
1616 188
1616 20
1617 104
1617 268
1617 20
1617 29
1617 31
1617 188
1618 188
1618 72
1618 65
1618 20
1618 224
1618 91
1619 179
1619 71
1619 183
1619 20
1619 29
1619 268
1620 101
1620 69
1620 268
1620 236
1620 209
1620 128
1621 69
1621 224
1621 29
1621 20
1621 196
1621 209
1622 32
1622 65
1622 179
1622 268
1622 120
1622 196
1623 209
1623 20
1623 65
1623 91
1623 161
1623 69
1624 209
1624 190
1624 20
1624 101
1624 153
1624 128
1625 65
1625 69
1625 70
1625 115
1625 224
1625 236
1626 20
1626 29
1626 136
1626 179
1626 128
1626 91
1627 224
1627 20
1627 115
1627 30
1627 31
1627 144
1628 268
1628 227
1628 65
1628 237
1628 20
1628 30
1629 20
1629 196
1629 30
1629 31
1629 268
1629 180
1630 209
1630 268
1630 188
1630 69
1630 20
1630 70
1631 268
1631 69
1631 157
1631 224
1631 117
1631 20
1632 209
1632 71
1632 164
1632 104
1632 268
1632 20
1633 69
1633 20
1633 268
1633 30
1633 70
1633 149
1634 268
1634 30
1634 161
1634 180
1634 31
1634 42
1635 209
1635 224
1635 141
1635 268
1635 104
1635 149
1636 268
1636 20
1636 224
1636 32
1636 237
1636 227
1637 227
1637 80
1637 166
1637 107
1637 42
1637 91
1638 30
1638 268
1638 209
1638 20
1638 128
1638 224
1639 20
1639 30
1639 196
1639 183
1639 119
1639 268
1640 141
1640 33
1640 35
1640 268
1640 237
1640 74
1641 21
1641 30
1641 75
1641 31
1641 224
1641 138
1642 20
1642 80
1642 69
1642 164
1642 104
1642 105
1643 109
1643 42
1643 30
1643 114
1643 128
1643 224
1644 20
1644 42
1644 30
1644 180
1644 31
1644 74
1645 20
1645 128
1645 120
1645 30
1645 31
1645 91
1646 224
1646 131
1646 20
1646 210
1646 227
1646 157
1647 45
1647 224
1647 21
1647 114
1647 30
1647 151
1648 188
1648 70
1648 21
1648 190
1648 91
1648 196
1649 162
1649 21
1649 149
1649 183
1649 30
1649 91
1650 70
1650 80
1650 162
1650 131
1650 21
1650 91
1651 21
1651 30
1651 115
1651 31
1651 196
1651 32
1652 91
1652 161
1652 104
1652 164
1652 183
1652 237
1653 70
1653 21
1653 78
1653 106
1653 210
1653 188
1654 38
1654 21
1654 237
1654 91
1654 30
1654 149
1655 210
1655 128
1655 224
1655 31
1655 138
1655 32
1656 70
1656 180
1656 72
1656 237
1656 149
1656 116
1657 91
1657 31
1657 45
1657 32
1657 80
1657 128
1658 146
1658 70
1658 91
1658 114
1658 31
1658 32
1659 116
1659 119
1659 128
1659 31
1659 131
1659 210
1660 31
1660 237
1660 104
1660 32
1660 140
1660 210
1661 91
1661 210
1661 227
1661 70
1661 134
1661 31
1662 137
1662 91
1662 45
1662 152
1662 31
1662 104
1663 31
1663 70
1663 224
1663 153
1663 190
1663 32
1664 155
1664 227
1664 224
1664 144
1664 31
1664 237
1665 91
1665 128
1665 104
1665 31
1665 190
1665 32
1666 161
1666 137
1666 188
1666 79
1666 31
1666 91
1667 104
1667 149
1667 31
1667 70
1667 210
1667 72
1668 31
1668 104
1668 70
1668 45
1668 180
1668 188
1669 227
1669 119
1669 210
1669 224
1669 144
1669 32
1670 32
1670 35
1670 38
1670 114
1670 45
1670 70
1671 32
1671 149
1671 154
1671 109
1671 224
1671 183
1672 38
1672 32
1672 35
1672 151
1672 45
1672 224
1673 180
1673 128
1673 137
1673 104
1673 32
1673 224
1674 183
1674 32
1674 70
1674 35
1674 180
1674 45
1675 32
1675 224
1675 35
1675 132
1675 114
1675 38
1676 104
1676 32
1676 224
1676 129
1676 210
1676 227
1677 32
1677 38
1677 180
1677 188
1677 35
1677 45
1678 210
1678 32
1678 45
1678 117
1678 35
1678 146
1679 142
1679 32
1679 104
1679 35
1679 72
1679 210
1680 140
1680 188
1680 32
1680 166
1680 35
1680 45
1681 166
1681 154
1681 38
1681 104
1681 210
1681 32
1682 237
1682 32
1682 115
1682 188
1682 35
1682 45
1683 32
1683 91
1683 210
1683 188
1683 132
1683 70
1684 32
1684 35
1684 227
1684 224
1684 45
1684 71
1685 32
1685 74
1685 224
1685 35
1685 151
1685 128
1686 151
1686 71
1686 146
1686 237
1686 210
1686 32
1687 71
1687 74
1687 78
1687 224
1687 80
1687 105
1688 151
1688 128
1688 210
1688 32
1688 115
1688 117
1689 237
1689 72
1689 74
1689 131
1689 227
1689 78
1690 104
1690 72
1690 105
1690 32
1690 188
1690 227
1691 180
1691 72
1691 188
1691 183
1691 74
1691 104
1692 78
1692 151
1692 32
1692 161
1692 91
1692 35
1693 32
1693 35
1693 72
1693 74
1693 78
1693 237
1694 144
1694 128
1694 32
1694 154
1694 35
1694 134
1695 137
1695 72
1695 32
1695 35
1695 74
1695 78
1696 32
1696 91
1696 35
1696 180
1696 104
1696 115
1697 210
1697 104
1697 32
1697 107
1697 180
1697 162
1698 153
1698 32
1698 180
1698 72
1698 128
1698 237
1699 104
1699 137
1699 210
1699 188
1699 190
1699 32
1700 227
1700 151
1700 32
1700 35
1700 106
1700 72
1701 32
1701 146
1701 190
1701 72
1701 237
1701 35
1702 32
1702 104
1702 115
1702 157
1702 151
1702 72
1703 144
1703 237
1703 151
1703 104
1703 105
1703 32
1704 183
1704 104
1704 128
1704 227
1704 131
1704 237
1705 237
1705 72
1705 210
1705 74
1705 227
1705 78
1706 33
1706 115
1706 35
1706 72
1706 237
1706 210
1707 104
1707 33
1707 78
1707 35
1707 74
1707 80
1708 33
1708 74
1708 183
1708 35
1708 237
1708 137
1709 74
1709 104
1709 227
1709 105
1709 210
1709 107
1710 190
1710 104
1710 210
1710 74
1710 227
1710 154
1711 210
1711 190
1711 183
1711 33
1711 106
1711 227
1712 183
1712 154
1712 157
1712 144
1712 161
1712 164
1713 33
1713 35
1713 74
1713 78
1713 131
1713 80
1714 78
1714 33
1714 35
1714 74
1714 190
1714 105
1715 183
1715 188
1715 190
1715 210
1715 74
1715 227
1716 128
1716 33
1716 74
1716 35
1716 131
1716 161
1717 227
1717 74
1717 154
1717 105
1717 33
1717 237
1718 161
1718 74
1718 188
1718 190
1718 164
1718 78
1719 105
1719 210
1719 237
1719 154
1719 74
1719 33
1720 78
1720 188
1720 105
1720 210
1720 33
1720 35
1721 131
1721 33
1721 35
1721 161
1721 119
1721 151
1722 188
1722 190
1722 237
1722 105
1722 161
1722 74
1723 33
1723 106
1723 35
1723 75
1723 109
1723 78
1724 105
1724 162
1724 107
1724 140
1724 134
1724 33
1725 154
1725 33
1725 105
1725 107
1725 35
1725 109
1726 115
1726 33
1726 151
1726 35
1726 210
1726 117
1727 131
1727 105
1727 151
1727 154
1727 128
1727 75
1728 33
1728 162
1728 188
1728 35
1728 237
1728 75
1729 33
1729 35
1729 128
1729 75
1729 78
1729 131
1730 227
1730 140
1730 188
1730 33
1730 35
1730 75
1731 75
1731 33
1731 237
1731 188
1731 35
1731 78
1732 75
1732 133
1732 105
1732 33
1732 227
1732 35
1733 33
1733 75
1733 210
1733 188
1733 35
1733 78
1734 33
1734 157
1734 75
1734 80
1734 105
1734 35
1735 75
1735 142
1735 33
1735 78
1735 80
1735 35
1736 128
1736 33
1736 132
1736 75
1736 35
1736 151
1737 75
1737 33
1737 35
1737 210
1737 78
1737 166
1738 33
1738 115
1738 105
1738 35
1738 75
1738 78
1739 188
1739 190
1739 132
1739 210
1739 105
1739 115
1740 75
1740 33
1740 132
1740 78
1740 105
1740 80
1741 33
1741 105
1741 227
1741 75
1741 107
1741 140
1742 33
1742 75
1742 78
1742 119
1742 138
1742 237
1743 105
1743 162
1743 227
1743 115
1743 137
1743 210
1744 157
1744 33
1744 75
1744 105
1744 78
1744 119
1745 75
1745 188
1745 33
1745 166
1745 128
1745 115
1746 33
1746 227
1746 75
1746 78
1746 105
1746 109
1747 75
1747 78
1747 188
1747 33
1747 80
1747 105
1748 188
1748 190
1748 105
1748 210
1748 75
1748 78
1749 75
1749 109
1749 105
1749 78
1749 80
1749 154
1750 157
1750 75
1750 132
1750 105
1750 227
1750 78
1751 188
1751 78
1751 75
1751 190
1751 80
1751 105
1752 210
1752 227
1752 75
1752 78
1752 80
1752 128
1753 78
1753 188
1753 128
1753 109
1753 227
1753 105
1754 78
1754 80
1754 166
1754 115
1754 133
1754 227
1755 188
1755 80
1755 105
1755 107
1755 109
1755 132
1756 162
1756 80
1756 105
1756 227
1756 210
1756 107
1757 151
1757 80
1757 188
1757 105
1757 107
1757 109
1758 80
1758 162
1758 105
1758 107
1758 109
1758 227
1759 80
1759 132
1759 106
1759 129
1759 109
1759 137
1760 119
1760 237
1760 80
1760 151
1760 105
1760 107
1761 80
1761 210
1761 105
1761 107
1761 237
1761 188
1762 237
1762 80
1762 105
1762 210
1762 107
1762 109
1763 154
1763 80
1763 188
1763 105
1763 107
1763 109
1764 210
1764 80
1764 237
1764 166
1764 154
1764 119
1765 80
1765 105
1765 107
1765 237
1765 109
1765 115
1766 134
1766 132
1766 80
1766 105
1766 107
1766 151
1767 80
1767 105
1767 107
1767 109
1767 115
1767 117
1768 137
1768 144
1768 80
1768 105
1768 237
1768 140
1769 142
1769 105
1769 80
1769 210
1769 107
1769 109
1770 188
1770 80
1770 237
1770 105
1770 107
1770 109
1771 80
1771 105
1771 107
1771 210
1771 109
1771 115
1772 237
1772 105
1772 80
1772 128
1772 107
1772 109
1773 80
1773 237
1773 188
1773 105
1773 107
1773 109
1774 107
1774 115
1774 117
1774 138
1774 109
1774 210
1775 237
1775 80
1775 105
1775 188
1775 107
1775 109
1776 237
1776 80
1776 105
1776 115
1776 107
1776 117
1777 151
1777 157
1777 80
1777 237
1777 105
1777 128
1778 237
1778 115
1778 105
1778 107
1778 188
1778 109
1779 188
1779 106
1779 164
1779 109
1779 190
1779 140
1780 106
1780 109
1780 188
1780 115
1780 237
1780 117
1781 106
1781 109
1781 132
1781 119
1781 115
1781 188
1782 106
1782 237
1782 109
1782 115
1782 117
1782 188
1783 106
1783 237
1783 188
1783 109
1783 115
1783 117
1784 115
1784 106
1784 109
1784 117
1784 119
1784 128
1785 106
1785 109
1785 237
1785 116
1785 162
1785 120
1786 106
1786 109
1786 116
1786 157
1786 133
1786 120
1787 106
1787 109
1787 116
1787 120
1787 128
1787 188
1788 106
1788 151
1788 109
1788 116
1788 140
1788 237
1789 106
1789 128
1789 109
1789 116
1789 154
1789 120
1790 128
1790 106
1790 109
1790 116
1790 237
1790 120
1791 120
1791 128
1791 106
1791 237
1791 109
1791 132
1792 107
1792 116
1792 120
1792 128
1792 144
1792 132
1793 107
1793 116
1793 140
1793 237
1793 120
1793 190
1794 107
1794 116
1794 120
1794 140
1794 190
1794 128
1795 116
1795 237
1795 107
1795 120
1795 128
1795 132
1796 107
1796 116
1796 120
1796 128
1796 132
1796 134
1797 107
1797 237
1797 116
1797 128
1797 132
1797 134
1798 116
1798 237
1798 128
1798 132
1798 137
1798 140
1799 116
1799 128
1799 132
1799 237
1799 162
1799 137
1800 116
1800 162
1800 128
1800 132
1800 137
1800 140
1801 116
1801 190
1801 237
1801 128
1801 132
1801 137
1802 128
1802 237
1802 116
1802 137
1802 162
1802 132
1803 116
1803 190
1803 128
1803 132
1803 137
1803 140
1804 237
1804 116
1804 128
1804 133
1804 157
1804 137
1805 116
1805 128
1805 132
1805 137
1805 140
1805 142
1806 154
1806 128
1806 116
1806 132
1806 137
1806 142
1807 116
1807 128
1807 132
1807 137
1807 140
1807 190
1808 164
1808 116
1808 128
1808 132
1808 190
1808 137
1809 116
1809 128
1809 132
1809 137
1809 140
1809 142
1810 116
1810 128
1810 132
1810 137
1810 140
1810 142
1811 116
1811 128
1811 132
1811 137
1811 140
1811 142
1812 116
1812 128
1812 132
1812 137
1812 140
1812 142
1813 116
1813 190
1813 128
1813 132
1813 137
1813 140
1814 116
1814 154
1814 129
1814 132
1814 190
1814 140
1815 116
1815 129
1815 132
1815 137
1815 141
1815 144
1816 154
1816 190
1816 116
1816 129
1816 132
1816 137
1817 116
1817 129
1817 164
1817 132
1817 137
1817 141
1818 116
1818 129
1818 132
1818 137
1818 141
1818 144
1819 116
1819 129
1819 132
1819 190
1819 137
1819 141
1820 129
1820 190
1820 116
1820 132
1820 137
1820 142
1821 116
1821 129
1821 132
1821 137
1821 144
1821 164
1822 116
1822 129
1822 132
1822 137
1822 142
1822 144
1823 116
1823 129
1823 132
1823 154
1823 137
1823 142
1824 116
1824 129
1824 132
1824 137
1824 142
1824 144
1825 116
1825 129
1825 132
1825 137
1825 142
1825 144
1826 129
1826 132
1826 137
1826 142
1826 144
1826 154
1827 129
1827 132
1827 137
1827 144
1827 154
1827 157
1828 129
1828 132
1828 137
1828 144
1828 154
1828 157
1829 129
1829 132
1829 137
1829 144
1829 154
1829 157
1830 129
1830 132
1830 137
1830 164
1830 144
1830 154
1831 129
1831 133
1831 137
1831 164
1831 144
1831 154
1832 129
1832 144
1832 133
1832 137
1832 154
1832 157
1833 129
1833 133
1833 138
1833 144
1833 154
1833 157
1834 129
1834 133
1834 138
1834 144
1834 154
1834 157
1835 144
1835 129
1835 133
1835 138
1835 154
1835 157
1836 129
1836 133
1836 138
1836 144
1836 154
1836 164
1837 129
1837 133
1837 138
1837 144
1837 154
1837 157
1838 129
1838 138
1838 133
1838 144
1838 164
1838 154
1839 129
1839 133
1839 138
1839 144
1839 154
1839 157
1840 129
1840 133
1840 154
1840 138
1840 144
1840 157
1841 129
1841 133
1841 138
1841 154
1841 144
1841 157
1842 129
1842 133
1842 138
1842 154
1842 144
1842 157
1843 129
1843 164
1843 133
1843 138
1843 144
1843 155
1844 129
1844 155
1844 133
1844 138
1844 144
1844 157
1845 129
1845 133
1845 138
1845 144
1845 155
1845 157
1846 129
1846 133
1846 138
1846 144
1846 155
1846 157
1847 164
1847 129
1847 133
1847 138
1847 144
1847 155
1848 155
1848 129
1848 133
1848 138
1848 144
1848 164
1849 129
1849 133
1849 138
1849 144
1849 155
1849 164
1850 129
1850 133
1850 138
1850 144
1850 155
1850 164
1851 129
1851 133
1851 155
1851 138
1851 144
1851 164
1852 129
1852 155
1852 133
1852 138
1852 144
1853 129
1853 133
1853 138
1853 144
1853 155
1854 129
1854 155
1854 133
1854 138
1854 144
1855 129
1855 133
1855 138
1855 144
1855 155
1856 144
1856 129
1856 155
1856 133
1856 138
1857 129
1857 133
1857 144
1857 155
1857 138
1858 129
1858 133
1858 138
1858 144
1858 155
1859 133
1859 138
1859 144
1859 155
1860 133
1860 138
1860 144
1860 155
1861 133
1861 155
1861 138
1862 133
1862 138
1862 155
1863 133
1863 138
1863 155
1864 133
1864 138
1865 138
1866 138
1867 138
1868 138
