1 31
1 82
1 53
1 50
1 10
1 85
2 94
2 110
2 9
2 84
2 61
2 37
3 31
3 6
3 58
3 115
3 135
3 126
4 11
4 33
4 20
4 56
4 0
4 108
5 31
5 16
5 37
5 30
5 49
5 90
6 90
6 24
6 136
6 122
6 109
6 61
7 95
7 91
7 50
7 121
7 130
7 55
8 114
8 54
8 58
8 79
8 86
8 88
9 27
9 49
9 25
9 51
9 41
9 100
10 20
10 132
10 104
10 15
10 14
10 69
11 62
11 4
11 51
11 77
11 25
11 110
12 32
12 105
12 137
12 93
12 123
12 114
13 119
13 15
13 9
13 105
13 68
13 0
14 134
14 138
14 74
14 122
14 136
14 89
15 74
15 109
15 138
15 69
15 92
15 0
16 123
16 20
16 46
16 79
16 34
16 88
17 1
17 23
17 137
17 115
17 117
17 107
18 46
18 3
18 112
18 99
18 18
18 76
19 8
19 70
19 5
19 1
19 112
19 81
20 94
20 136
20 22
20 30
20 28
20 61
21 79
21 25
21 31
21 50
21 109
21 20
22 32
22 1
22 87
22 138
22 53
22 34
23 14
23 24
23 108
23 26
23 74
23 97
24 17
24 108
24 68
24 116
24 72
24 59
25 117
25 73
25 24
25 75
25 127
25 83
26 57
26 117
26 78
26 3
26 121
26 50
27 46
27 13
27 75
27 18
27 47
27 89
28 115
28 101
28 13
28 117
28 125
28 3
29 48
29 58
29 63
29 55
29 50
29 77
30 32
30 105
30 34
30 92
30 51
30 12
31 15
31 112
31 7
31 76
31 48
31 122
32 32
32 124
32 139
32 97
32 65
32 10
33 23
33 57
33 84
33 10
33 132
33 62
34 129
34 35
34 126
34 131
34 106
34 82
35 112
35 7
35 62
35 82
35 122
35 64
36 91
36 114
36 136
36 42
36 125
36 122
37 35
37 138
37 44
37 54
37 5
37 56
38 132
38 121
38 32
38 51
38 30
38 77
39 135
39 18
39 98
39 45
39 137
39 99
40 124
40 57
40 48
40 123
40 81
40 16
41 81
41 44
41 46
41 56
41 51
41 22
42 46
42 73
42 19
42 72
42 26
42 18
43 119
43 70
43 51
43 2
43 14
43 110
44 127
44 22
44 27
44 92
44 134
44 25
45 35
45 40
45 125
45 37
45 38
45 64
46 6
46 51
46 58
46 130
46 53
46 47
47 94
47 4
47 91
47 120
47 52
47 0
48 2
48 120
48 139
48 125
48 6
48 10
49 105
49 39
49 58
49 124
49 62
49 4
50 26
50 77
50 11
50 81
50 18
50 12
51 139
51 87
51 23
51 13
51 100
51 71
52 104
52 122
52 55
52 32
52 53
52 86
53 86
53 71
53 73
53 84
53 126
53 68
54 125
54 11
54 115
54 98
54 130
54 45
55 130
55 19
55 65
55 37
55 67
55 83
56 30
56 38
56 48
56 133
56 20
56 101
57 100
57 92
57 72
57 60
57 73
57 130
58 56
58 138
58 0
58 89
58 32
58 14
59 78
59 76
59 102
59 14
59 123
59 12
60 111
60 49
60 128
60 83
60 9
60 89
61 52
61 54
61 134
61 56
61 36
61 109
62 80
62 66
62 128
62 137
62 117
62 82
63 110
63 71
63 5
63 23
63 117
63 21
64 16
64 38
64 71
64 139
64 35
64 54
65 52
65 57
65 127
65 89
65 4
65 126
66 96
66 25
66 76
66 71
66 62
66 52
67 136
67 49
67 22
67 116
67 47
67 65
68 93
68 54
68 24
68 86
68 4
68 6
69 124
69 26
69 28
69 33
69 68
69 16
70 78
70 110
70 68
70 47
70 18
70 61
71 138
71 118
71 120
71 107
71 66
71 77
72 125
72 94
72 105
72 102
72 117
72 26
73 136
73 96
73 34
73 8
73 128
73 119
74 3
74 76
74 94
74 135
74 78
74 26
75 0
75 138
75 121
75 123
75 100
75 104
76 3
76 85
76 27
76 71
76 125
76 90
77 14
77 100
77 72
77 103
77 60
77 65
78 102
78 75
78 4
78 139
78 54
78 12
79 88
79 4
79 85
79 43
79 86
79 103
80 105
80 62
80 12
80 21
80 97
80 99
81 137
81 124
81 127
81 94
81 29
81 73
82 74
82 8
82 22
82 76
82 78
82 112
83 5
83 97
83 119
83 20
83 9
83 112
84 122
84 99
84 36
84 125
84 84
84 105
85 10
85 24
85 52
85 12
85 139
85 34
86 86
86 88
86 126
86 49
86 6
86 113
87 4
87 80
87 67
87 46
87 95
87 9
88 111
88 137
88 115
88 107
88 108
88 117
89 99
89 42
89 110
89 25
89 75
89 91
90 0
90 121
90 22
90 73
90 51
90 45
91 116
91 138
91 37
91 78
91 0
91 35
92 114
92 43
92 16
92 105
92 1
92 59
93 124
93 126
93 133
93 43
93 72
93 46
94 128
94 52
94 38
94 83
94 113
94 19
95 61
95 83
95 117
95 46
95 58
95 63
96 94
96 43
96 8
96 73
96 39
96 78
97 55
97 25
97 50
97 14
97 91
97 47
98 91
98 89
98 6
98 106
98 78
98 2
99 47
99 31
99 48
99 87
99 28
99 82
100 58
100 83
100 60
100 121
100 18
100 127
101 86
101 104
101 37
101 105
101 119
101 121
102 47
102 93
102 115
102 78
102 95
102 4
103 96
103 30
103 28
103 72
103 88
103 74
104 45
104 53
104 139
104 119
104 130
104 0
105 104
105 6
105 48
105 25
105 18
105 27
106 45
106 89
106 93
106 82
106 121
106 52
107 11
107 90
107 110
107 92
107 104
107 29
108 28
108 110
108 97
108 7
108 35
108 59
109 121
109 77
109 137
109 10
109 106
109 85
110 33
110 120
110 10
110 65
110 35
110 14
111 114
111 71
111 122
111 137
111 102
111 65
112 48
112 24
112 15
112 57
112 0
112 75
113 38
113 127
113 128
113 121
113 109
113 14
114 96
114 10
114 18
114 1
114 36
114 51
115 61
115 9
115 3
115 6
115 135
115 43
116 83
116 110
116 35
116 120
116 85
116 86
117 15
117 87
117 26
117 83
117 75
117 28
118 39
118 53
118 131
118 13
118 137
118 29
119 135
119 10
119 32
119 78
119 55
119 47
120 13
120 92
120 120
120 20
120 79
120 53
121 109
121 92
121 134
121 111
121 76
121 98
122 138
122 118
122 4
122 23
122 88
122 106
123 56
123 61
123 71
123 122
123 31
123 63
124 18
124 131
124 128
124 71
124 76
124 130
125 97
125 123
125 19
125 22
125 1
125 95
126 45
126 108
126 115
126 71
126 51
126 3
127 47
127 83
127 35
127 19
127 113
127 30
128 104
128 48
128 62
128 58
128 11
128 24
129 117
129 68
129 9
129 47
129 82
129 27
130 6
130 61
130 74
130 110
130 127
130 63
131 63
131 0
131 60
131 72
131 10
131 31
132 104
132 105
132 75
132 128
132 0
132 14
133 78
133 101
133 8
133 131
133 90
133 18
134 26
134 89
134 130
134 28
134 24
134 33
135 121
135 128
135 61
135 130
135 36
135 10
136 31
136 88
136 125
136 34
136 96
136 130
137 64
137 57
137 27
137 134
137 11
137 24
138 34
138 74
138 114
138 93
138 48
138 54
139 15
139 55
139 82
139 130
139 108
139 110
140 19
140 119
140 51
140 88
140 99
140 57
141 18
141 119
141 9
141 64
141 87
141 100
142 47
142 44
142 39
142 139
142 118
142 62
143 99
143 59
143 13
143 110
143 1
143 29
144 12
144 72
144 110
144 65
144 135
144 92
145 41
145 60
145 75
145 14
145 82
145 58
146 2
146 57
146 28
146 76
146 30
146 24
147 139
147 18
147 21
147 101
147 116
147 134
148 136
148 37
148 132
148 60
148 21
148 76
149 117
149 12
149 63
149 40
149 136
149 137
150 27
150 18
150 56
150 105
150 34
150 108
151 28
151 27
151 113
151 96
151 12
151 131
152 110
152 30
152 126
152 128
152 81
152 101
153 36
153 38
153 56
153 58
153 49
153 106
154 85
154 28
154 103
154 105
154 58
154 131
155 96
155 119
155 132
155 20
155 41
155 98
156 96
156 6
156 98
156 0
156 135
156 40
157 61
157 73
157 107
157 64
157 88
157 66
158 66
158 60
158 111
158 137
158 15
158 30
159 104
159 25
159 131
159 45
159 42
159 18
160 59
160 9
160 57
160 61
160 115
160 30
161 108
161 20
161 53
161 134
161 6
161 131
162 71
162 6
162 56
162 117
162 102
162 68
163 67
163 49
163 126
163 28
163 106
163 79
164 47
164 27
164 103
164 43
164 123
164 84
165 6
165 68
165 78
165 53
165 54
165 28
166 92
166 131
166 126
166 124
166 41
166 36
167 21
167 64
167 33
167 78
167 28
167 61
168 18
168 63
168 93
168 132
168 121
168 34
169 0
169 6
169 110
169 18
169 71
169 131
170 85
170 35
170 117
170 29
170 37
170 47
171 11
171 93
171 16
171 99
171 84
171 115
172 106
172 139
172 24
172 39
172 125
172 35
173 60
173 53
173 105
173 88
173 138
173 112
174 34
174 15
174 10
174 138
174 65
174 112
175 16
175 43
175 77
175 104
175 120
175 115
176 132
176 9
176 63
176 71
176 87
176 107
177 58
177 62
177 75
177 89
177 60
177 6
178 20
178 105
178 24
178 43
178 52
178 78
179 132
179 134
179 138
179 63
179 4
179 103
180 74
180 11
180 16
180 85
180 22
180 138
181 41
181 108
181 117
181 45
181 24
181 71
182 103
182 98
182 126
182 0
182 77
182 11
183 95
183 96
183 43
183 104
183 76
183 6
184 27
184 81
184 11
184 20
184 99
184 107
185 138
185 18
185 120
185 113
185 135
185 85
186 120
186 121
186 132
186 71
186 54
186 67
187 11
187 56
187 71
187 73
187 34
187 4
188 45
188 126
188 111
188 117
188 61
188 100
189 4
189 1
189 14
189 60
189 108
189 41
190 104
190 85
190 133
190 107
190 25
190 114
191 28
191 87
191 81
191 93
191 6
191 9
192 107
192 120
192 92
192 44
192 133
192 102
193 128
193 85
193 131
193 42
193 138
193 93
194 52
194 80
194 64
194 54
194 127
194 60
195 60
195 59
195 96
195 127
195 75
195 65
196 37
196 31
196 4
196 116
196 127
196 1
197 90
197 14
197 54
197 58
197 79
197 51
198 9
198 30
198 25
198 67
198 120
198 114
199 80
199 32
199 75
199 55
199 6
199 103
200 108
200 126
200 81
200 24
200 57
200 96
201 89
201 21
201 45
201 121
201 33
201 116
202 121
202 116
202 79
202 66
202 39
202 14
203 103
203 78
203 56
203 51
203 138
203 0
204 71
204 96
204 20
204 132
204 114
204 58
205 128
205 107
205 49
205 133
205 34
205 102
206 15
206 63
206 34
206 83
206 81
206 16
207 76
207 72
207 78
207 66
207 18
207 64
208 82
208 55
208 61
208 122
208 73
208 51
209 29
209 131
209 35
209 125
209 6
209 122
210 131
210 114
210 33
210 120
210 52
210 45
211 93
211 110
211 99
211 73
211 24
211 49
212 10
212 45
212 1
212 31
212 78
212 99
213 83
213 118
213 63
213 132
213 92
213 15
214 15
214 115
214 94
214 112
214 24
214 72
215 20
215 95
215 28
215 59
215 41
215 26
216 131
216 122
216 133
216 120
216 124
216 97
217 97
217 89
217 93
217 131
217 16
217 135
218 71
218 52
218 24
218 83
218 93
218 55
219 139
219 100
219 68
219 82
219 110
219 37
220 110
220 9
220 107
220 24
220 13
220 11
221 9
221 6
221 53
221 79
221 40
221 28
222 35
222 78
222 16
222 59
222 85
222 95
223 3
223 90
223 66
223 28
223 109
223 6
224 90
224 3
224 1
224 50
224 21
224 37
225 49
225 94
225 22
225 52
225 101
225 128
226 107
226 34
226 11
226 50
226 29
226 61
227 34
227 83
227 57
227 20
227 76
227 123
228 98
228 7
228 28
228 47
228 92
228 110
229 58
229 55
229 9
229 81
229 35
229 13
230 101
230 103
230 32
230 75
230 76
230 44
231 10
231 137
231 114
231 132
231 120
231 6
232 49
232 115
232 53
232 99
232 93
232 24
233 76
233 112
233 35
233 138
233 78
233 123
234 22
234 45
234 118
234 54
234 93
234 105
235 93
235 49
235 107
235 103
235 105
235 9
236 96
236 16
236 123
236 30
236 53
236 108
237 103
237 79
237 99
237 71
237 61
237 68
238 107
238 121
238 37
238 72
238 83
238 96
239 1
239 72
239 53
239 36
239 21
239 124
240 55
240 47
240 107
240 83
240 105
240 110
241 109
241 74
241 4
241 43
241 123
241 111
242 1
242 50
242 10
242 4
242 107
242 24
243 34
243 97
243 4
243 31
243 21
243 76
244 124
244 96
244 41
244 12
244 18
244 108
245 81
245 42
245 116
245 57
245 110
245 9
246 116
246 18
246 137
246 103
246 133
246 139
247 45
247 131
247 4
247 71
247 97
247 82
248 87
248 65
248 60
248 124
248 139
248 103
249 59
249 16
249 43
249 45
249 60
249 88
250 1
250 138
250 43
250 62
250 18
250 47
251 71
251 53
251 88
251 36
251 18
251 13
252 83
252 49
252 9
252 40
252 95
252 97
253 64
253 53
253 26
253 10
253 88
253 82
254 92
254 90
254 45
254 12
254 75
254 77
255 55
255 117
255 92
255 72
255 49
255 22
256 97
256 62
256 81
256 35
256 6
256 38
257 49
257 74
257 88
257 131
257 66
257 76
258 51
258 88
258 6
258 98
258 20
258 18
259 93
259 110
259 4
259 18
259 43
259 24
260 60
260 89
260 43
260 73
260 124
260 31
261 133
261 88
261 97
261 85
261 43
261 125
262 37
262 50
262 80
262 18
262 11
262 102
263 92
263 6
263 51
263 35
263 42
263 45
264 74
264 28
264 21
264 76
264 9
264 49
265 24
265 45
265 100
265 131
265 139
265 53
266 121
266 89
266 131
266 127
266 92
266 56
267 94
267 107
267 119
267 57
267 82
267 28
268 24
268 100
268 66
268 7
268 124
268 92
269 139
269 80
269 83
269 26
269 28
269 37
270 34
270 54
270 47
270 52
270 13
270 100
271 71
271 120
271 133
271 40
271 2
271 79
272 109
272 104
272 92
272 94
272 118
272 18
273 47
273 4
273 12
273 75
273 71
273 59
274 45
274 28
274 82
274 65
274 108
274 31
275 29
275 105
275 3
275 97
275 31
275 11
276 122
276 34
276 9
276 80
276 37
276 21
277 28
277 26
277 107
277 55
277 9
277 68
278 75
278 10
278 12
278 68
278 108
278 62
279 93
279 99
279 9
279 115
279 11
279 32
280 85
280 6
280 75
280 13
280 87
280 9
281 93
281 88
281 18
281 60
281 100
281 57
282 2
282 75
282 89
282 102
282 96
282 83
283 131
283 127
283 31
283 25
283 9
283 73
284 101
284 24
284 42
284 119
284 52
284 104
285 56
285 2
285 120
285 18
285 109
285 138
286 73
286 94
286 22
286 88
286 71
286 20
287 116
287 131
287 80
287 107
287 85
287 45
288 102
288 128
288 138
288 53
288 28
288 110
289 126
289 30
289 100
289 87
289 127
289 136
290 30
290 132
290 79
290 87
290 117
290 18
291 45
291 6
291 102
291 22
291 131
291 124
292 71
292 58
292 108
292 127
292 98
292 20
293 11
293 18
293 76
293 81
293 12
293 78
294 115
294 96
294 76
294 71
294 79
294 73
295 126
295 36
295 65
295 68
295 2
295 9
296 99
296 98
296 32
296 43
296 103
296 18
297 9
297 77
297 66
297 131
297 133
297 97
298 68
298 92
298 1
298 138
298 63
298 21
299 132
299 40
299 12
299 63
299 121
299 113
300 10
300 12
300 26
300 58
300 28
300 60
301 58
301 98
301 13
301 37
301 45
301 35
302 7
302 18
302 25
302 58
302 71
302 12
303 28
303 119
303 61
303 30
303 32
303 59
304 24
304 131
304 71
304 94
304 30
304 133
305 73
305 37
305 45
305 93
305 131
305 18
306 28
306 133
306 114
306 74
306 19
306 123
307 31
307 6
307 59
307 115
307 4
307 71
308 93
308 38
308 128
308 53
308 78
308 54
309 117
309 132
309 97
309 82
309 36
309 83
310 131
310 103
310 45
310 60
310 19
310 11
311 41
311 119
311 98
311 19
311 25
311 92
312 38
312 34
312 49
312 58
312 87
312 13
313 19
313 6
313 34
313 9
313 126
313 95
314 96
314 107
314 12
314 99
314 37
314 116
315 101
315 90
315 108
315 107
315 58
315 9
316 13
316 73
316 110
316 7
316 81
316 68
317 39
317 65
317 68
317 125
317 89
317 136
318 13
318 42
318 88
318 19
318 58
318 135
319 113
319 98
319 83
319 111
319 100
319 88
320 55
320 126
320 110
320 75
320 131
320 122
321 93
321 105
321 51
321 126
321 118
321 82
322 42
322 79
322 77
322 20
322 45
322 116
323 88
323 132
323 121
323 49
323 54
323 40
324 3
324 132
324 29
324 42
324 102
324 116
325 68
325 7
325 80
325 138
325 107
325 132
326 131
326 133
326 136
326 21
326 126
326 19
327 31
327 7
327 121
327 58
327 103
327 136
328 138
328 45
328 61
328 115
328 21
328 12
329 45
329 49
329 55
329 28
329 85
329 100
330 39
330 22
330 19
330 45
330 126
330 53
331 25
331 19
331 32
331 2
331 30
331 68
332 120
332 24
332 68
332 9
332 115
332 37
333 116
333 114
333 52
333 47
333 19
333 21
334 45
334 73
334 58
334 19
334 131
334 49
335 53
335 40
335 45
335 66
335 71
335 85
336 122
336 42
336 52
336 74
336 64
336 54
337 6
337 120
337 134
337 19
337 103
337 132
338 85
338 131
338 98
338 121
338 105
338 124
339 105
339 45
339 52
339 111
339 112
339 21
340 139
340 74
340 0
340 76
340 54
340 28
341 79
341 47
341 101
341 19
341 63
341 71
342 82
342 39
342 118
342 28
342 55
342 73
343 42
343 52
343 88
343 73
343 114
343 30
344 71
344 85
344 33
344 66
344 107
344 92
345 13
345 68
345 71
345 2
345 26
345 125
346 19
346 139
346 26
346 36
346 98
346 131
347 112
347 58
347 71
347 101
347 63
347 24
348 19
348 128
348 33
348 21
348 55
348 93
349 74
349 63
349 13
349 92
349 35
349 126
350 19
350 92
350 21
350 47
350 49
350 72
351 120
351 104
351 4
351 95
351 40
351 72
352 123
352 28
352 37
352 137
352 77
352 13
353 71
353 54
353 19
353 21
353 65
353 2
354 135
354 66
354 137
354 76
354 115
354 88
355 9
355 29
355 47
355 132
355 107
355 55
356 78
356 47
356 121
356 19
356 127
356 28
357 59
357 47
357 19
357 120
357 3
357 117
358 19
358 109
358 25
358 114
358 21
358 101
359 55
359 110
359 58
359 85
359 2
359 126
360 49
360 95
360 93
360 119
360 55
360 99
361 47
361 49
361 51
361 78
361 123
361 26
362 95
362 58
362 41
362 64
362 136
362 7
363 30
363 58
363 31
363 123
363 95
363 47
364 88
364 128
364 20
364 41
364 134
364 68
365 85
365 88
365 105
365 1
365 47
365 74
366 108
366 65
366 102
366 9
366 21
366 93
367 28
367 119
367 107
367 92
367 113
367 49
368 127
368 72
368 116
368 92
368 47
368 128
369 19
369 35
369 63
369 38
369 92
369 3
370 41
370 120
370 131
370 47
370 88
370 36
371 113
371 26
371 28
371 4
371 49
371 83
372 28
372 25
372 94
372 64
372 107
372 36
373 85
373 39
373 131
373 28
373 26
373 71
374 37
374 132
374 72
374 73
374 92
374 95
375 19
375 119
375 123
375 60
375 63
375 47
376 85
376 6
376 98
376 128
376 134
376 66
377 113
377 50
377 51
377 111
377 107
377 4
378 58
378 49
378 123
378 30
378 132
378 51
379 93
379 10
379 78
379 61
379 41
379 21
380 51
380 24
380 25
380 137
380 85
380 89
381 119
381 49
381 38
381 131
381 90
381 19
382 50
382 51
382 37
382 28
382 107
382 68
383 128
383 75
383 71
383 108
383 65
383 133
384 38
384 88
384 110
384 58
384 75
384 40
385 116
385 89
385 99
385 19
385 88
385 133
386 58
386 26
386 131
386 24
386 19
386 122
387 94
387 79
387 88
387 90
387 49
387 92
388 126
388 94
388 54
388 68
388 33
388 76
389 110
389 122
389 101
389 126
389 60
389 34
390 1
390 53
390 98
390 56
390 83
390 119
391 123
391 107
391 72
391 115
391 82
391 137
392 110
392 59
392 137
392 78
392 6
392 56
393 81
393 12
393 61
393 128
393 89
393 131
394 103
394 83
394 42
394 112
394 30
394 54
395 116
395 134
395 122
395 126
395 109
395 71
396 79
396 55
396 39
396 41
396 19
396 135
397 40
397 115
397 28
397 55
397 64
397 33
398 24
398 79
398 19
398 127
398 22
398 26
399 49
399 95
399 19
399 47
399 60
399 98
400 101
400 71
400 131
400 28
400 24
400 81
401 104
401 65
401 131
401 108
401 26
401 68
402 96
402 120
402 42
402 26
402 127
402 94
403 128
403 36
403 88
403 75
403 47
403 120
404 4
404 139
404 111
404 93
404 0
404 115
405 105
405 33
405 73
405 115
405 96
405 26
406 9
406 131
406 11
406 111
406 3
406 107
407 64
407 98
407 22
407 88
407 24
407 3
408 58
408 107
408 96
408 33
408 28
408 80
409 88
409 41
409 126
409 112
409 101
409 122
410 19
410 68
410 22
410 132
410 29
410 49
411 137
411 110
411 68
411 71
411 28
411 96
412 63
412 98
412 13
412 49
412 79
412 51
413 132
413 134
413 136
413 94
413 137
413 12
414 28
414 26
414 101
414 22
414 95
414 60
415 139
415 85
415 111
415 126
415 127
415 90
416 35
416 127
416 131
416 10
416 47
416 63
417 10
417 29
417 98
417 85
417 92
417 0
418 138
418 132
418 89
418 49
418 88
418 134
419 85
419 117
419 136
419 96
419 88
419 108
420 103
420 116
420 88
420 58
420 60
420 128
421 47
421 24
421 136
421 71
421 56
421 11
422 24
422 80
422 82
422 19
422 114
422 22
423 0
423 19
423 65
423 35
423 139
423 92
424 83
424 55
424 111
424 133
424 49
424 76
425 105
425 58
425 126
425 137
425 55
425 10
426 132
426 83
426 12
426 74
426 29
426 22
427 80
427 132
427 108
427 82
427 134
427 66
428 55
428 71
428 93
428 60
428 19
428 26
429 72
429 11
429 131
429 73
429 85
429 115
430 47
430 98
430 2
430 126
430 53
430 138
431 136
431 10
431 34
431 12
431 1
431 6
432 61
432 65
432 111
432 50
432 22
432 2
433 7
433 77
433 47
433 26
433 118
433 19
434 19
434 47
434 26
434 40
434 2
434 133
435 37
435 83
435 99
435 88
435 101
435 24
436 109
436 68
436 34
436 13
436 55
436 41
437 123
437 28
437 93
437 82
437 99
437 24
438 127
438 42
438 47
438 19
438 6
438 34
439 104
439 65
439 47
439 82
439 35
439 127
440 139
440 75
440 22
440 115
440 104
440 53
441 7
441 56
441 24
441 98
441 93
441 59
442 89
442 103
442 93
442 19
442 30
442 32
443 81
443 77
443 55
443 133
443 63
443 71
444 85
444 74
444 126
444 88
444 53
444 33
445 3
445 89
445 33
445 82
445 12
445 113
446 68
446 10
446 123
446 107
446 41
446 126
447 78
447 66
447 20
447 29
447 85
447 6
448 95
448 111
448 120
448 32
448 126
448 107
449 80
449 93
449 133
449 96
449 13
449 35
450 88
450 47
450 128
450 68
450 55
450 73
451 123
451 136
451 19
451 134
451 68
451 38
452 98
452 71
452 85
452 73
452 19
452 81
453 133
453 47
453 42
453 111
453 49
453 128
454 110
454 83
454 101
454 128
454 93
454 20
455 22
455 89
455 85
455 7
455 2
455 88
456 102
456 47
456 33
456 122
456 20
456 132
457 0
457 134
457 115
457 6
457 109
457 71
458 68
458 30
458 51
458 71
458 36
458 59
459 85
459 114
459 6
459 110
459 127
459 102
460 3
460 110
460 22
460 117
460 85
460 47
461 138
461 80
461 126
461 62
461 131
461 107
462 110
462 0
462 47
462 35
462 40
462 131
463 108
463 131
463 126
463 99
463 128
463 73
464 99
464 82
464 123
464 71
464 88
464 104
465 133
465 127
465 102
465 56
465 113
465 107
466 2
466 71
466 29
466 93
466 49
466 123
467 82
467 85
467 59
467 111
467 53
467 37
468 59
468 19
468 73
468 108
468 52
468 54
469 123
469 109
469 78
469 89
469 93
469 95
470 53
470 107
470 108
470 4
470 71
470 47
471 54
471 108
471 19
471 22
471 127
471 65
472 49
472 109
472 61
472 99
472 85
472 89
473 101
473 64
473 11
473 71
473 131
473 35
474 77
474 99
474 81
474 101
474 139
474 111
475 120
475 0
475 29
475 94
475 59
475 35
476 10
476 71
476 78
476 50
476 132
476 90
477 118
477 126
477 128
477 22
477 81
477 40
478 11
478 96
478 113
478 40
478 33
478 51
479 117
479 66
479 41
479 81
479 24
479 123
480 101
480 41
480 47
480 99
480 85
480 24
481 112
481 83
481 131
481 47
481 0
481 99
482 127
482 22
482 116
482 136
482 126
482 2
483 79
483 38
483 51
483 4
483 126
483 60
484 136
484 42
484 29
484 121
484 66
484 93
485 108
485 119
485 47
485 128
485 96
485 49
486 88
486 10
486 49
486 41
486 63
486 76
487 102
487 50
487 120
487 122
487 42
487 131
488 99
488 61
488 127
488 71
488 0
488 136
489 93
489 24
489 49
489 7
489 29
489 2
490 134
490 11
490 111
490 22
490 136
490 76
491 71
491 105
491 19
491 107
491 93
491 123
492 33
492 80
492 35
492 126
492 20
492 22
493 119
493 64
493 19
493 22
493 122
493 85
494 41
494 10
494 71
494 4
494 105
494 33
495 64
495 52
495 82
495 77
495 47
495 105
496 29
496 88
496 65
496 50
496 24
496 131
497 89
497 6
497 53
497 19
497 113
497 127
498 112
498 59
498 60
498 114
498 115
498 82
499 73
499 51
499 88
499 13
499 64
499 10
500 78
500 112
500 132
500 115
500 138
500 19
501 83
501 93
501 29
501 101
501 102
501 126
502 42
502 6
502 10
502 29
502 81
502 59
503 37
503 31
503 88
503 24
503 108
503 13
504 29
504 7
504 13
504 22
504 138
504 88
505 108
505 99
505 114
505 83
505 47
505 49
506 112
506 126
506 122
506 10
506 127
506 96
507 13
507 94
507 6
507 29
507 71
507 31
508 47
508 24
508 126
508 32
508 80
508 60
509 10
509 54
509 51
509 71
509 131
509 93
510 83
510 101
510 10
510 59
510 64
510 47
511 20
511 103
511 85
511 40
511 109
511 88
512 49
512 6
512 120
512 71
512 2
512 40
513 51
513 71
513 133
513 53
513 19
513 22
514 103
514 29
514 71
514 73
514 88
514 96
515 52
515 54
515 107
515 41
515 88
515 104
516 73
516 29
516 75
516 93
516 138
516 6
517 41
517 138
517 85
517 113
517 10
517 101
518 10
518 95
518 2
518 66
518 71
518 99
519 19
519 2
519 64
519 75
519 101
519 102
520 95
520 35
520 47
520 10
520 114
520 119
521 47
521 19
521 29
521 71
521 35
521 131
522 115
522 107
522 63
522 19
522 132
522 66
523 22
523 41
523 122
523 75
523 19
523 102
524 29
524 96
524 38
524 20
524 10
524 88
525 47
525 135
525 63
525 12
525 131
525 73
526 19
526 30
526 71
526 133
526 66
526 24
527 19
527 71
527 50
527 62
527 6
527 113
528 35
528 20
528 131
528 133
528 101
528 71
529 6
529 85
529 71
529 19
529 42
529 133
530 29
530 108
530 93
530 89
530 88
530 51
531 131
531 126
531 4
531 112
531 82
531 101
532 0
532 47
532 113
532 90
532 78
532 19
533 20
533 134
533 126
533 31
533 35
533 30
534 36
534 29
534 52
534 4
534 108
534 128
535 126
535 103
535 108
535 6
535 71
535 47
536 102
536 62
536 33
536 85
536 104
536 13
537 6
537 42
537 24
537 136
537 11
537 81
538 71
538 88
538 24
538 112
538 105
538 13
539 103
539 119
539 121
539 54
539 63
539 59
540 6
540 20
540 47
540 114
540 32
540 38
541 114
541 77
541 133
541 66
541 71
541 29
542 20
542 96
542 113
542 83
542 71
542 73
543 63
543 33
543 40
543 134
543 20
543 60
544 120
544 53
544 35
544 126
544 138
544 88
545 131
545 93
545 36
545 47
545 103
545 65
546 95
546 40
546 71
546 12
546 99
546 93
547 103
547 113
547 63
547 72
547 93
547 0
548 40
548 29
548 88
548 99
548 120
548 11
549 4
549 71
549 64
549 11
549 120
549 20
550 2
550 115
550 35
550 20
550 52
550 4
551 113
551 20
551 10
551 131
551 128
551 35
552 71
552 59
552 81
552 60
552 88
552 126
553 76
553 73
553 47
553 85
553 59
553 136
554 40
554 49
554 81
554 133
554 135
554 55
555 10
555 66
555 56
555 38
555 41
555 83
556 133
556 131
556 31
556 62
556 88
556 71
557 22
557 105
557 89
557 7
557 47
557 49
558 56
558 24
558 47
558 77
558 116
558 29
559 59
559 37
559 89
559 29
559 13
559 132
560 33
560 29
560 128
560 71
560 66
560 73
561 128
561 47
561 12
561 31
561 66
561 90
562 47
562 20
562 93
562 77
562 112
562 29
563 102
563 24
563 29
563 54
563 0
563 49
564 82
564 61
564 59
564 10
564 93
564 75
565 78
565 40
565 20
565 88
565 133
565 11
566 42
566 76
566 72
566 108
566 36
566 90
567 47
567 117
567 132
567 134
567 63
567 85
568 132
568 0
568 78
568 29
568 31
568 121
569 122
569 127
569 42
569 119
569 12
569 126
570 131
570 90
570 112
570 94
570 24
570 0
571 107
571 60
571 108
571 99
571 126
571 51
572 22
572 127
572 51
572 114
572 20
572 7
573 74
573 31
573 59
573 71
573 76
573 29
574 127
574 94
574 11
574 103
574 12
574 20
575 79
575 112
575 105
575 107
575 138
575 0
576 116
576 2
576 47
576 74
576 109
576 127
577 117
577 59
577 20
577 60
577 93
577 71
578 128
578 107
578 135
578 59
578 139
578 81
579 75
579 108
579 138
579 107
579 32
579 20
580 47
580 79
580 109
580 131
580 71
580 38
581 72
581 22
581 127
581 131
581 6
581 24
582 90
582 121
582 10
582 139
582 64
582 119
583 117
583 20
583 49
583 83
583 29
583 93
584 7
584 112
584 61
584 30
584 52
584 71
585 81
585 33
585 127
585 35
585 40
585 128
586 55
586 85
586 13
586 133
586 22
586 24
587 93
587 72
587 50
587 35
587 51
587 54
588 55
588 71
588 121
588 73
588 127
588 128
589 75
589 112
589 109
589 20
589 11
589 79
590 31
590 13
590 135
590 72
590 116
590 118
591 85
591 20
591 10
591 29
591 12
591 24
592 29
592 61
592 80
592 31
592 56
592 102
593 29
593 112
593 2
593 31
593 40
593 83
594 108
594 71
594 120
594 122
594 85
594 35
595 120
595 40
595 2
595 60
595 118
595 29
596 6
596 20
596 93
596 24
596 50
596 38
597 24
597 36
597 40
597 81
597 107
597 109
598 10
598 103
598 59
598 128
598 77
598 24
599 78
599 62
599 37
599 138
599 128
599 116
600 59
600 60
600 88
600 40
600 81
600 24
601 133
601 20
601 24
601 99
601 138
601 31
602 53
602 73
602 10
602 79
602 88
602 20
603 12
603 20
603 75
603 76
603 90
603 49
604 65
604 20
604 59
604 47
604 10
604 60
605 113
605 78
605 0
605 65
605 72
605 99
606 55
606 12
606 59
606 83
606 35
606 103
607 60
607 94
607 20
607 66
607 128
607 82
608 112
608 24
608 128
608 88
608 49
608 29
609 128
609 20
609 131
609 82
609 29
609 105
610 49
610 135
610 0
610 113
610 128
610 64
611 90
611 131
611 33
611 38
611 20
611 47
612 10
612 132
612 81
612 76
612 24
612 4
613 139
613 128
613 56
613 131
613 71
613 114
614 0
614 76
614 83
614 108
614 94
614 20
615 52
615 54
615 138
615 47
615 56
615 20
616 95
616 76
616 88
616 20
616 37
616 89
617 4
617 20
617 120
617 29
617 122
617 40
618 60
618 64
618 38
618 35
618 12
618 42
619 4
619 71
619 113
619 60
619 2
619 13
620 105
620 59
620 60
620 131
620 47
620 37
621 12
621 66
621 71
621 56
621 73
621 128
622 107
622 108
622 104
622 6
622 112
622 47
623 41
623 72
623 35
623 113
623 138
623 131
624 29
624 52
624 47
624 134
624 72
624 60
625 53
625 20
625 112
625 47
625 78
625 103
626 81
626 24
626 99
626 55
626 83
626 79
627 59
627 116
627 133
627 96
627 4
627 112
628 104
628 12
628 88
628 105
628 95
628 107
629 105
629 72
629 40
629 107
629 117
629 2
630 99
630 51
630 40
630 132
630 107
630 103
631 108
631 2
631 103
631 6
631 128
631 105
632 66
632 133
632 73
632 29
632 105
632 49
633 108
633 62
633 131
633 37
633 112
633 99
634 6
634 128
634 116
634 33
634 122
634 35
635 20
635 112
635 99
635 29
635 37
635 78
636 20
636 24
636 83
636 74
636 128
636 6
637 10
637 93
637 95
637 47
637 128
637 117
638 103
638 24
638 59
638 6
638 112
638 96
639 20
639 122
639 24
639 56
639 114
639 112
640 113
640 29
640 36
640 38
640 122
640 128
641 36
641 59
641 10
641 50
641 29
641 4
642 20
642 47
642 132
642 138
642 93
642 95
643 64
643 131
643 74
643 138
643 88
643 118
644 33
644 116
644 60
644 42
644 119
644 59
645 47
645 13
645 75
645 81
645 88
645 123
646 128
646 83
646 78
646 131
646 40
646 29
647 139
647 64
647 85
647 42
647 77
647 55
648 62
648 135
648 29
648 24
648 104
648 138
649 134
649 128
649 33
649 2
649 20
649 13
650 79
650 59
650 47
650 81
650 75
650 88
651 128
651 50
651 112
651 10
651 6
651 72
652 29
652 93
652 116
652 40
652 31
652 138
653 47
653 128
653 50
653 120
653 2
653 117
654 135
654 4
654 75
654 6
654 20
654 121
655 99
655 7
655 52
655 47
655 94
655 10
656 107
656 30
656 24
656 59
656 123
656 35
657 66
657 40
657 88
657 89
657 128
657 54
658 33
658 75
658 103
658 24
658 35
658 79
659 53
659 29
659 2
659 4
659 103
659 32
660 103
660 131
660 107
660 32
660 108
660 134
661 112
661 72
661 108
661 79
661 128
661 118
662 128
662 77
662 50
662 131
662 47
662 12
663 73
663 75
663 107
663 132
663 115
663 62
664 47
664 36
664 61
664 49
664 6
664 29
665 20
665 36
665 72
665 131
665 121
665 134
666 104
666 42
666 116
666 72
666 29
666 73
667 52
667 131
667 134
667 114
667 93
667 103
668 72
668 30
668 49
668 20
668 109
668 24
669 47
669 50
669 51
669 53
669 54
669 72
670 128
670 49
670 12
670 24
670 83
670 20
671 81
671 47
671 134
671 49
671 20
671 77
672 73
672 103
672 20
672 24
672 29
672 31
673 128
673 85
673 99
673 131
673 49
673 32
674 30
674 117
674 72
674 82
674 135
674 35
675 116
675 104
675 135
675 20
675 105
675 6
676 112
676 24
676 131
676 35
676 29
676 12
677 107
677 72
677 42
677 2
677 12
677 108
678 59
678 12
678 52
678 20
678 121
678 113
679 54
679 50
679 131
679 99
679 138
679 72
680 82
680 29
680 109
680 131
680 103
680 134
681 112
681 24
681 53
681 42
681 64
681 29
682 105
682 81
682 132
682 138
682 29
682 93
683 10
683 59
683 135
683 112
683 120
683 20
684 139
684 128
684 20
684 29
684 122
684 41
685 59
685 83
685 72
685 24
685 123
685 29
686 20
686 85
686 51
686 105
686 131
686 13
687 24
687 103
687 81
687 29
687 20
687 31
688 128
688 47
688 135
688 24
688 29
688 2
689 56
689 103
689 72
689 47
689 112
689 99
690 36
690 72
690 20
690 104
690 2
690 112
691 2
691 56
691 29
691 50
691 88
691 105
692 81
692 79
692 51
692 59
692 10
692 31
693 59
693 38
693 131
693 62
693 54
693 20
694 88
694 89
694 131
694 103
694 85
694 24
695 128
695 32
695 2
695 138
695 114
695 85
696 4
696 72
696 93
696 7
696 42
696 107
697 103
697 81
697 61
697 132
697 134
697 118
698 4
698 59
698 6
698 128
698 47
698 81
699 32
699 29
699 131
699 128
699 20
699 36
700 128
700 50
700 10
700 52
700 24
700 99
701 128
701 24
701 30
701 12
701 65
701 99
702 13
702 115
702 83
702 95
702 96
702 73
703 121
703 56
703 135
703 36
703 128
703 20
704 120
704 103
704 105
704 36
704 132
704 10
705 72
705 10
705 78
705 12
705 59
705 32
706 6
706 0
706 88
706 47
706 55
706 104
707 29
707 53
707 55
707 139
707 112
707 93
708 128
708 20
708 40
708 107
708 24
708 29
709 4
709 65
709 36
709 24
709 20
709 54
710 7
710 51
710 75
710 107
710 24
710 122
711 78
711 79
711 115
711 135
711 54
711 76
712 107
712 47
712 89
712 128
712 112
712 0
713 7
713 37
713 95
713 56
713 47
713 60
714 30
714 2
714 38
714 128
714 13
714 116
715 65
715 7
715 109
715 107
715 24
715 60
716 89
716 96
716 56
716 138
716 59
716 29
717 134
717 115
717 24
717 131
717 99
717 74
718 79
718 49
718 36
718 76
718 99
718 38
719 118
719 131
719 31
719 61
719 20
719 135
720 89
720 128
720 55
720 81
720 4
720 72
721 95
721 32
721 72
721 50
721 73
721 42
722 103
722 138
722 56
722 118
722 112
722 94
723 29
723 6
723 74
723 54
723 13
723 114
724 131
724 50
724 114
724 52
724 37
724 117
725 104
725 20
725 105
725 99
725 89
725 93
726 89
726 93
726 74
726 51
726 30
726 77
727 112
727 72
727 89
727 51
727 20
727 108
728 33
728 113
728 139
728 93
728 73
728 47
729 4
729 115
729 138
729 103
729 51
729 117
730 95
730 115
730 37
730 10
730 55
730 131
731 121
731 90
731 61
731 63
731 2
731 6
732 24
732 72
732 59
732 20
732 99
732 103
733 20
733 134
733 47
733 139
733 62
733 0
734 12
734 131
734 29
734 38
734 4
734 134
735 4
735 0
735 119
735 128
735 131
735 115
736 24
736 20
736 78
736 40
736 132
736 29
737 121
737 72
737 10
737 4
737 24
737 138
738 77
738 4
738 20
738 0
738 33
738 128
739 89
739 20
739 60
739 139
739 63
739 94
740 93
740 51
740 89
740 79
740 29
740 77
741 112
741 99
741 115
741 30
741 109
741 83
742 78
742 20
742 109
742 42
742 138
742 66
743 50
743 24
743 103
743 59
743 83
743 99
744 115
744 132
744 112
744 77
744 72
744 37
745 32
745 20
745 41
745 138
745 55
745 77
746 93
746 24
746 59
746 4
746 63
746 47
747 53
747 61
747 103
747 112
747 10
747 115
748 134
748 132
748 138
748 54
748 72
748 117
749 112
749 72
749 24
749 107
749 89
749 109
750 132
750 40
750 99
750 24
750 103
750 112
751 72
751 40
751 24
751 89
751 10
751 29
752 81
752 47
752 119
752 138
752 112
752 36
753 132
753 93
753 72
753 115
753 59
753 6
754 64
754 128
754 24
754 6
754 115
754 95
755 65
755 29
755 138
755 47
755 132
755 89
756 55
756 50
756 77
756 47
756 38
756 104
757 89
757 109
757 112
757 134
757 128
757 105
758 103
758 7
758 128
758 38
758 112
758 29
759 89
759 103
759 55
759 4
759 128
759 12
760 47
760 29
760 31
760 89
760 32
760 52
761 61
761 138
761 36
761 29
761 6
761 122
762 36
762 128
762 119
762 132
762 99
762 29
763 99
763 31
763 12
763 89
763 132
763 64
764 47
764 13
764 29
764 77
764 132
764 63
765 33
765 66
765 103
765 107
765 96
765 4
766 30
766 103
766 134
766 120
766 31
766 132
767 51
767 134
767 112
767 36
767 6
767 29
768 72
768 115
768 51
768 73
768 29
768 83
769 89
769 47
769 50
769 117
769 73
769 120
770 38
770 77
770 30
770 40
770 31
770 83
771 54
771 93
771 77
771 117
771 109
771 112
772 56
772 94
772 138
772 83
772 109
772 32
773 30
773 59
773 121
773 104
773 107
773 94
774 30
774 72
774 103
774 40
774 107
774 79
775 50
775 64
775 31
775 37
775 72
775 30
776 105
776 30
776 50
776 47
776 36
776 132
777 77
777 50
777 134
777 107
777 138
777 128
778 112
778 65
778 128
778 30
778 31
778 50
779 30
779 50
779 31
779 109
779 77
779 74
780 89
780 30
780 132
780 120
780 12
780 33
781 77
781 79
781 103
781 55
781 30
781 64
782 62
782 12
782 55
782 99
782 4
782 30
783 109
783 50
783 51
783 53
783 59
783 73
784 93
784 81
784 50
784 83
784 31
784 135
785 36
785 60
785 30
785 103
785 62
785 81
786 63
786 66
786 30
786 89
786 31
786 117
787 12
787 40
787 41
787 117
787 121
787 99
788 138
788 96
788 64
788 117
788 0
788 134
789 12
789 54
789 30
789 31
789 50
789 89
790 99
790 42
790 30
790 112
790 59
790 31
791 99
791 75
791 56
791 73
791 59
791 36
792 6
792 103
792 50
792 41
792 123
792 51
793 96
793 112
793 138
793 36
793 117
793 89
794 0
794 56
794 4
794 128
794 138
794 30
795 121
795 89
795 99
795 12
795 107
795 72
796 99
796 56
796 59
796 64
796 139
796 135
797 135
797 139
797 123
797 40
797 72
797 0
798 122
798 30
798 50
798 31
798 138
798 72
799 89
799 12
799 93
799 65
799 30
799 138
800 36
800 30
800 123
800 13
800 40
800 50
801 118
801 73
801 75
801 56
801 30
801 52
802 122
802 94
802 107
802 128
802 30
802 82
803 6
803 119
803 59
803 38
803 30
803 36
804 138
804 89
804 99
804 30
804 117
804 134
805 134
805 12
805 50
805 51
805 53
805 30
806 120
806 30
806 121
806 31
806 139
806 6
807 89
807 50
807 113
807 73
807 96
807 30
808 107
808 12
808 33
808 134
808 50
808 73
809 4
809 115
809 59
809 62
809 128
809 73
810 62
810 90
810 12
810 83
810 50
810 112
811 119
811 134
811 50
811 103
811 115
811 51
812 95
812 40
812 99
812 6
812 12
812 123
813 41
813 103
813 117
813 30
813 105
813 52
814 138
814 36
814 113
814 81
814 12
814 75
815 121
815 138
815 59
815 50
815 30
815 104
816 73
816 75
816 103
816 50
816 109
816 77
817 73
817 134
817 115
817 30
817 109
817 75
818 6
818 115
818 113
818 30
818 64
818 32
819 112
819 128
819 52
819 56
819 31
819 107
820 138
820 77
820 30
820 107
820 73
820 12
821 138
821 53
821 128
821 30
821 50
821 123
822 52
822 6
822 112
822 40
822 30
822 31
823 138
823 99
823 12
823 30
823 73
823 0
824 77
824 120
824 94
824 61
824 36
824 13
825 64
825 94
825 4
825 36
825 134
825 59
826 54
826 30
826 134
826 73
826 107
826 95
827 55
827 51
827 77
827 4
827 134
827 30
828 139
828 30
828 36
828 4
828 31
828 12
829 4
829 12
829 94
829 89
829 30
829 31
830 12
830 139
830 107
830 119
830 103
830 117
831 99
831 73
831 51
831 59
831 56
831 75
832 77
832 112
832 99
832 103
832 105
832 6
833 128
833 30
833 99
833 0
833 134
833 74
834 36
834 62
834 117
834 51
834 53
834 12
835 119
835 40
835 37
835 79
835 51
835 135
836 30
836 56
836 89
836 4
836 59
836 117
837 115
837 54
837 33
837 139
837 75
837 36
838 30
838 73
838 120
838 4
838 54
838 51
839 36
839 30
839 89
839 118
839 103
839 53
840 12
840 89
840 63
840 30
840 74
840 51
841 103
841 79
841 105
841 128
841 51
841 139
842 12
842 73
842 75
842 99
842 77
842 51
843 89
843 30
843 94
843 107
843 51
843 4
844 128
844 90
844 94
844 54
844 6
844 99
845 30
845 41
845 134
845 31
845 139
845 89
846 95
846 30
846 73
846 64
846 134
846 32
847 109
847 73
847 75
847 4
847 61
847 13
848 134
848 107
848 79
848 112
848 40
848 51
849 77
849 134
849 73
849 56
849 112
849 94
850 134
850 62
850 139
850 0
850 64
850 73
851 36
851 73
851 65
851 30
851 38
851 59
852 94
852 59
852 66
852 32
852 109
852 139
853 12
853 94
853 95
853 30
853 112
853 134
854 134
854 59
854 30
854 82
854 12
854 53
855 30
855 94
855 112
855 64
855 134
855 99
856 139
856 94
856 62
856 31
856 30
856 81
857 83
857 73
857 62
857 51
857 103
857 53
858 134
858 52
858 13
858 89
858 73
858 99
859 54
859 12
859 73
859 30
859 31
859 109
860 66
860 78
860 12
860 53
860 115
860 30
861 52
861 115
861 78
861 54
861 109
861 56
862 89
862 96
862 56
862 30
862 32
862 78
863 112
863 134
863 12
863 89
863 79
863 65
864 107
864 123
864 59
864 113
864 6
864 134
865 90
865 52
865 73
865 61
865 30
865 75
866 0
866 30
866 107
866 59
866 134
866 6
867 30
867 6
867 12
867 52
867 32
867 36
868 82
868 6
868 12
868 52
868 32
868 54
869 81
869 117
869 107
869 0
869 36
869 103
870 113
870 55
870 6
870 99
870 30
870 89
871 30
871 134
871 0
871 12
871 6
871 113
872 122
872 30
872 113
872 103
872 65
872 42
873 52
873 30
873 94
873 32
873 41
873 75
874 32
874 75
874 89
874 54
874 94
874 113
875 52
875 12
875 107
875 109
875 99
875 0
876 81
876 38
876 103
876 32
876 121
876 79
877 134
877 52
877 32
877 103
877 94
877 36
878 0
878 66
878 89
878 59
878 40
878 36
879 73
879 113
879 134
879 33
879 0
879 75
880 107
880 33
880 99
880 36
880 94
880 134
881 59
881 36
881 33
881 113
881 89
881 6
882 81
882 83
882 89
882 73
882 94
882 95
883 134
883 74
883 63
883 0
883 77
883 79
884 105
884 33
884 54
884 77
884 56
884 103
885 60
885 119
885 121
885 94
885 107
885 33
886 60
886 33
886 62
886 119
886 65
886 73
887 33
887 0
887 77
887 109
887 120
887 103
888 73
888 33
888 52
888 36
888 38
888 12
889 134
889 94
889 118
889 79
889 81
889 96
890 96
890 73
890 89
890 52
890 54
890 56
891 33
891 73
891 134
891 78
891 36
891 52
892 33
892 73
892 83
892 119
892 12
892 6
893 33
893 36
893 65
893 134
893 123
893 38
894 59
894 78
894 134
894 0
894 6
894 12
895 81
895 120
895 118
895 41
895 6
895 73
896 74
896 12
896 113
896 41
896 56
896 33
897 96
897 0
897 66
897 99
897 107
897 36
898 134
898 12
898 0
898 123
898 62
898 52
899 113
899 94
899 77
899 134
899 74
899 0
900 99
900 79
900 33
900 134
900 90
900 59
901 135
901 52
901 73
901 54
901 115
901 95
902 0
902 113
902 115
902 105
902 90
902 33
903 113
903 33
903 122
903 52
903 36
903 134
904 115
904 81
904 113
904 120
904 36
904 134
905 54
905 12
905 65
905 33
905 90
905 36
906 135
906 33
906 54
906 52
906 77
906 0
907 0
907 113
907 36
907 33
907 13
907 38
908 77
908 74
908 41
908 65
908 0
908 52
909 33
909 65
909 0
909 74
909 37
909 122
910 52
910 81
910 54
910 113
910 6
910 115
911 99
911 33
911 65
911 52
911 134
911 107
912 134
912 96
912 77
912 60
912 0
912 40
913 90
913 134
913 12
913 56
913 52
913 66
914 105
914 79
914 0
914 33
914 77
914 99
915 36
915 82
915 33
915 90
915 113
915 109
916 134
916 113
916 60
916 104
916 105
916 74
917 121
917 63
917 74
917 107
917 52
917 134
918 52
918 121
918 134
918 37
918 54
918 113
919 134
919 90
919 109
919 52
919 0
919 77
920 103
920 33
920 90
920 134
920 52
920 105
921 135
921 122
921 120
921 99
921 41
921 33
922 55
922 0
922 105
922 135
922 94
922 63
923 103
923 52
923 0
923 42
923 12
923 33
924 99
924 104
924 13
924 42
924 6
924 0
925 135
925 0
925 94
925 6
925 90
925 13
926 40
926 103
926 33
926 52
926 99
926 36
927 60
927 52
927 33
927 90
927 6
927 13
928 61
928 109
928 104
928 59
928 135
928 55
929 56
929 52
929 61
929 0
929 54
929 33
930 65
930 99
930 74
930 118
930 33
930 36
931 6
931 118
931 33
931 74
931 120
931 77
932 33
932 6
932 96
932 113
932 107
932 105
933 96
933 52
933 36
933 103
933 94
933 12
934 13
934 90
934 118
934 79
934 37
934 38
935 52
935 66
935 74
935 55
935 90
935 113
936 33
936 99
936 109
936 74
936 135
936 36
937 94
937 37
937 52
937 33
937 38
937 120
938 96
938 59
938 33
938 99
938 109
938 38
939 74
939 135
939 60
939 123
939 78
939 56
940 135
940 12
940 74
940 0
940 99
940 33
941 109
941 33
941 0
941 52
941 74
941 64
942 52
942 135
942 107
942 64
942 41
942 54
943 135
943 52
943 0
943 33
943 12
943 90
944 52
944 74
944 59
944 77
944 118
944 36
945 96
945 77
945 115
945 33
945 36
945 53
946 135
946 52
946 77
946 103
946 33
946 79
947 135
947 123
947 115
947 107
947 13
947 78
948 135
948 96
948 90
948 42
948 94
948 74
949 52
949 135
949 13
949 33
949 115
949 0
950 13
950 36
950 121
950 33
950 38
950 61
951 90
951 33
951 135
951 99
951 36
951 0
952 13
952 135
952 103
952 0
952 59
952 52
953 53
953 135
953 90
953 38
953 13
953 74
954 13
954 118
954 36
954 82
954 103
954 33
955 74
955 52
955 56
955 59
955 40
955 54
956 120
956 115
956 38
956 95
956 33
956 135
957 94
957 103
957 42
957 53
957 99
957 135
958 90
958 94
958 103
958 77
958 121
958 65
959 0
959 74
959 33
959 77
959 115
959 63
960 36
960 13
960 74
960 0
960 120
960 95
961 118
961 135
961 53
961 74
961 77
961 13
962 96
962 36
962 78
962 52
962 38
962 74
963 36
963 118
963 135
963 0
963 13
963 94
964 90
964 42
964 55
964 115
964 13
964 77
965 52
965 0
965 40
965 94
965 74
965 54
966 115
966 13
966 0
966 36
966 52
966 38
967 36
967 13
967 94
967 38
967 40
967 123
968 103
968 94
968 0
968 105
968 40
968 77
969 36
969 53
969 115
969 82
969 38
969 74
970 74
970 122
970 41
970 94
970 0
970 66
971 36
971 38
971 74
971 82
971 77
971 79
972 36
972 0
972 119
972 13
972 53
972 90
973 38
973 65
973 115
973 52
973 40
973 36
974 115
974 0
974 13
974 36
974 105
974 120
975 90
975 36
975 115
975 0
975 38
975 82
976 36
976 38
976 0
976 55
976 90
976 13
977 109
977 13
977 52
977 119
977 36
977 90
978 52
978 54
978 109
978 82
978 0
978 115
979 0
979 77
979 13
979 107
979 118
979 36
980 0
980 13
980 103
980 36
980 115
980 38
981 77
981 13
981 0
981 103
981 90
981 36
982 74
982 13
982 36
982 38
982 40
982 0
983 77
983 74
983 37
983 61
983 53
983 38
984 13
984 36
984 40
984 94
984 54
984 38
985 109
985 36
985 64
985 38
985 0
985 77
986 36
986 38
986 40
986 74
986 41
986 0
987 36
987 104
987 115
987 38
987 13
987 53
988 52
988 13
988 54
988 118
988 0
988 120
989 52
989 13
989 120
989 115
989 0
989 118
990 74
990 36
990 13
990 104
990 52
990 54
991 13
991 36
991 82
991 38
991 40
991 41
992 52
992 104
992 36
992 13
992 56
992 105
993 13
993 36
993 79
993 38
993 40
993 90
994 37
994 122
994 109
994 40
994 38
994 115
995 62
995 37
995 90
995 77
995 13
995 52
996 13
996 37
996 55
996 38
996 77
996 40
997 13
997 118
997 37
997 38
997 90
997 40
998 104
998 90
998 95
998 13
998 37
998 74
999 52
999 37
999 13
999 40
999 59
999 95
1000 109
1000 13
1000 74
1000 82
1000 90
1000 37
1001 122
1001 13
1001 90
1001 95
1001 104
1001 37
1002 60
1002 13
1002 52
1002 65
1002 37
1002 62
1003 115
1003 52
1003 65
1003 13
1003 118
1003 82
1004 13
1004 121
1004 104
1004 40
1004 52
1004 56
1005 115
1005 74
1005 95
1005 13
1005 52
1005 37
1006 13
1006 37
1006 52
1006 107
1006 40
1006 38
1007 90
1007 13
1007 37
1007 52
1007 38
1007 40
1008 60
1008 115
1008 79
1008 63
1008 37
1008 74
1009 64
1009 13
1009 54
1009 62
1009 90
1009 37
1010 52
1010 37
1010 54
1010 38
1010 40
1010 78
1011 52
1011 104
1011 37
1011 38
1011 40
1011 41
1012 37
1012 53
1012 38
1012 40
1012 104
1012 82
1013 37
1013 60
1013 115
1013 74
1013 38
1013 95
1014 90
1014 37
1014 82
1014 74
1014 118
1014 38
1015 37
1015 53
1015 77
1015 79
1015 74
1015 109
1016 37
1016 115
1016 63
1016 119
1016 38
1016 40
1017 37
1017 115
1017 121
1017 38
1017 40
1017 41
1018 82
1018 37
1018 40
1018 41
1018 53
1018 54
1019 37
1019 40
1019 104
1019 41
1019 53
1019 54
1020 37
1020 53
1020 66
1020 95
1020 40
1020 61
1021 74
1021 37
1021 77
1021 40
1021 41
1021 53
1022 59
1022 74
1022 53
1022 90
1022 95
1022 37
1023 59
1023 77
1023 104
1023 37
1023 109
1023 74
1024 115
1024 53
1024 90
1024 118
1024 104
1024 120
1025 90
1025 95
1025 37
1025 40
1025 74
1025 41
1026 60
1026 37
1026 40
1026 64
1026 41
1026 104
1027 105
1027 104
1027 54
1027 37
1027 53
1027 56
1028 115
1028 104
1028 63
1028 53
1028 54
1028 74
1029 104
1029 105
1029 90
1029 77
1029 115
1029 37
1030 104
1030 78
1030 53
1030 105
1030 37
1030 40
1031 53
1031 115
1031 37
1031 82
1031 54
1031 118
1032 53
1032 74
1032 115
1032 90
1032 54
1032 37
1033 37
1033 77
1033 40
1033 41
1033 115
1033 53
1034 37
1034 104
1034 40
1034 41
1034 53
1034 74
1035 82
1035 115
1035 104
1035 59
1035 37
1035 107
1036 37
1036 40
1036 53
1036 41
1036 56
1036 118
1037 79
1037 53
1037 104
1037 37
1037 95
1037 105
1038 59
1038 61
1038 121
1038 37
1038 40
1038 53
1039 74
1039 37
1039 121
1039 63
1039 90
1039 40
1040 104
1040 105
1040 109
1040 107
1040 115
1040 37
1041 37
1041 40
1041 41
1041 53
1041 56
1041 59
1042 37
1042 40
1042 41
1042 53
1042 56
1042 59
1043 37
1043 62
1043 53
1043 77
1043 40
1043 41
1044 37
1044 40
1044 56
1044 59
1044 82
1044 60
1045 74
1045 56
1045 59
1045 37
1045 95
1045 109
1046 109
1046 77
1046 40
1046 60
1046 104
1046 115
1047 74
1047 40
1047 77
1047 95
1047 60
1047 121
1048 40
1048 60
1048 62
1048 63
1048 104
1048 64
1049 40
1049 60
1049 62
1049 107
1049 63
1049 95
1050 118
1050 60
1050 62
1050 63
1050 64
1050 66
1051 60
1051 66
1051 62
1051 63
1051 64
1051 74
1052 74
1052 60
1052 77
1052 115
1052 62
1052 109
1053 60
1053 62
1053 63
1053 64
1053 104
1053 95
1054 90
1054 104
1054 60
1054 62
1054 74
1054 63
1055 82
1055 60
1055 90
1055 115
1055 78
1055 62
1056 60
1056 62
1056 82
1056 115
1056 63
1056 64
1057 90
1057 60
1057 77
1057 62
1057 63
1057 64
1058 61
1058 105
1058 63
1058 64
1058 90
1058 66
1059 78
1059 61
1059 63
1059 64
1059 66
1059 74
1060 61
1060 63
1060 64
1060 66
1060 104
1060 74
1061 104
1061 61
1061 105
1061 63
1061 64
1061 90
1062 61
1062 90
1062 64
1062 66
1062 95
1062 104
1063 104
1063 118
1063 90
1063 65
1063 115
1063 61
1064 122
1064 74
1064 61
1064 64
1064 77
1064 90
1065 61
1065 64
1065 66
1065 90
1065 74
1065 115
1066 61
1066 64
1066 118
1066 66
1066 115
1066 123
1067 115
1067 61
1067 64
1067 66
1067 77
1067 79
1068 61
1068 64
1068 66
1068 90
1068 77
1068 79
1069 61
1069 64
1069 66
1069 78
1069 79
1069 82
1070 64
1070 104
1070 62
1070 90
1070 66
1070 78
1071 95
1071 61
1071 64
1071 66
1071 78
1071 79
1072 61
1072 118
1072 64
1072 66
1072 78
1072 79
1073 61
1073 64
1073 78
1073 66
1073 79
1073 82
1074 79
1074 61
1074 122
1074 64
1074 66
1074 78
1075 105
1075 61
1075 107
1075 82
1075 64
1075 109
1076 61
1076 115
1076 64
1076 66
1076 78
1076 79
1077 61
1077 64
1077 79
1077 66
1077 78
1077 118
1078 105
1078 90
1078 78
1078 61
1078 64
1078 66
1079 109
1079 61
1079 90
1079 64
1079 95
1079 78
1080 61
1080 64
1080 78
1080 121
1080 90
1080 66
1081 61
1081 64
1081 66
1081 121
1081 95
1081 118
1082 61
1082 64
1082 66
1082 90
1082 78
1082 79
1083 61
1083 123
1083 90
1083 64
1083 66
1083 78
1084 61
1084 95
1084 105
1084 123
1084 64
1084 66
1085 65
1085 61
1085 78
1085 79
1085 82
1085 90
1086 61
1086 64
1086 66
1086 107
1086 105
1086 78
1087 105
1087 61
1087 107
1087 118
1087 109
1087 64
1088 61
1088 90
1088 64
1088 66
1088 78
1088 79
1089 64
1089 61
1089 105
1089 78
1089 66
1089 118
1090 61
1090 64
1090 66
1090 78
1090 118
1090 79
1091 61
1091 66
1091 78
1091 118
1091 121
1091 79
1092 61
1092 118
1092 65
1092 82
1092 78
1092 79
1093 61
1093 65
1093 118
1093 78
1093 90
1093 79
1094 61
1094 65
1094 78
1094 79
1094 82
1094 90
1095 78
1095 61
1095 79
1095 90
1095 65
1095 82
1096 95
1096 105
1096 61
1096 65
1096 78
1096 79
1097 61
1097 65
1097 105
1097 82
1097 78
1097 79
1098 61
1098 65
1098 78
1098 79
1098 107
1098 82
1099 61
1099 65
1099 78
1099 109
1099 79
1099 82
1100 109
1100 61
1100 82
1100 79
1100 95
1100 65
1101 61
1101 78
1101 109
1101 65
1101 79
1101 118
1102 65
1102 61
1102 78
1102 79
1102 109
1102 82
1103 61
1103 95
1103 109
1103 78
1103 65
1103 118
1104 61
1104 65
1104 78
1104 79
1104 82
1104 95
1105 66
1105 95
1105 118
1105 61
1105 78
1105 79
1106 61
1106 65
1106 90
1106 78
1106 122
1106 79
1107 61
1107 109
1107 65
1107 78
1107 79
1107 82
1108 61
1108 65
1108 109
1108 118
1108 78
1108 79
1109 61
1109 65
1109 121
1109 78
1109 79
1109 90
1110 109
1110 90
1110 118
1110 61
1110 65
1110 78
1111 118
1111 65
1111 61
1111 78
1111 79
1111 82
1112 109
1112 90
1112 62
1112 65
1112 118
1112 78
1113 62
1113 66
1113 78
1113 79
1113 123
1113 82
1114 62
1114 118
1114 65
1114 78
1114 121
1114 79
1115 62
1115 65
1115 78
1115 79
1115 82
1115 90
1116 62
1116 109
1116 121
1116 78
1116 95
1116 118
1117 62
1117 118
1117 78
1117 95
1117 65
1117 79
1118 62
1118 65
1118 118
1118 79
1118 82
1118 109
1119 62
1119 65
1119 79
1119 122
1119 82
1119 90
1120 82
1120 109
1120 118
1120 62
1120 65
1120 95
1121 109
1121 119
1121 62
1121 95
1121 121
1121 65
1122 62
1122 65
1122 109
1122 82
1122 95
1122 118
1123 82
1123 95
1123 62
1123 65
1123 109
1123 118
1124 65
1124 62
1124 95
1124 82
1124 109
1124 118
1125 82
1125 95
1125 62
1125 65
1125 109
1125 118
1126 118
1126 62
1126 65
1126 82
1126 95
1126 121
1127 62
1127 65
1127 82
1127 95
1127 118
1127 121
1128 95
1128 62
1128 65
1128 118
1128 82
1128 121
1129 62
1129 66
1129 118
1129 82
1129 95
1129 121
1130 65
1130 118
1130 121
1130 82
1130 95
1130 123
1131 65
1131 118
1131 95
1131 121
1131 123
1132 65
1132 95
1132 118
1132 121
1132 123
1133 65
1133 95
1133 118
1133 121
1133 123
1134 118
1134 121
1134 95
1134 65
1134 123
1135 118
1135 65
1135 95
1135 121
1135 123
1136 65
1136 118
1136 95
1136 121
1136 123
1137 95
1137 118
1137 121
1137 123
1138 95
1138 118
1138 121
1138 123
1139 95
1139 118
1139 121
1139 123
1140 95
1140 118
1140 121
1140 123
1141 95
1141 118
1141 121
1141 123
1142 95
1142 118
1142 121
1142 123
1143 95
1143 118
1143 121
1143 123
1144 95
1144 118
1144 121
1144 123
1145 118
1145 121
1145 95
1145 123
1146 95
1146 118
1146 121
1146 123
1147 118
1147 121
1147 123
1148 118
1148 121
1148 123
1149 118
1149 121
1149 123
1150 118
1150 121
1150 123
1151 118
1151 121
1151 123
1152 118
1152 121
1152 123
1153 118
1153 121
1153 123
1154 118
1154 121
1154 123
1155 118
1155 121
1155 123
1156 119
1156 121
1156 123
1157 119
1157 121
1157 123
1158 119
1158 121
1158 123
1159 119
1159 121
1159 123
1160 121
1161 121
1162 121
1163 121
1164 121
1165 121
1166 121
1167 121
1168 122
1169 122
1170 122
1171 122
1172 122
1173 122
