1 48
1 82
1 133
1 58
1 70
1 175
2 169
2 122
2 37
2 116
2 175
2 82
3 81
3 138
3 166
3 34
3 57
3 51
4 113
4 74
4 69
4 153
4 163
4 14
5 107
5 125
5 92
5 94
5 28
5 36
6 108
6 7
6 97
6 172
6 163
6 171
7 71
7 92
7 88
7 64
7 160
7 111
8 84
8 121
8 123
8 147
8 162
8 125
9 13
9 45
9 9
9 125
9 29
9 7
10 180
10 104
10 145
10 167
10 60
10 14
11 77
11 95
11 48
11 15
11 156
11 50
12 152
12 39
12 7
12 89
12 166
12 87
13 88
13 89
13 157
13 178
13 179
13 181
14 96
14 57
14 9
14 179
14 52
14 76
15 97
15 9
15 78
15 156
15 121
15 87
16 170
16 30
16 27
16 91
16 125
16 52
17 119
17 51
17 66
17 35
17 49
17 156
18 61
18 81
18 53
18 75
18 155
18 113
19 33
19 115
19 180
19 80
19 142
19 143
20 50
20 123
20 58
20 166
20 11
20 121
21 68
21 47
21 175
21 54
21 166
21 162
22 26
22 95
22 94
22 82
22 122
22 112
23 110
23 16
23 178
23 10
23 144
23 131
24 20
24 172
24 51
24 130
24 139
24 43
25 145
25 21
25 14
25 127
25 182
25 102
26 176
26 34
26 73
26 153
26 131
26 96
27 38
27 1
27 185
27 168
27 149
27 82
28 151
28 57
28 119
28 125
28 90
28 3
29 46
29 15
29 50
29 2
29 85
29 146
30 46
30 112
30 179
30 35
30 186
30 37
31 80
31 186
31 36
31 155
31 156
31 10
32 32
32 58
32 42
32 10
32 78
32 141
33 93
33 105
33 3
33 180
33 164
33 11
34 141
34 155
34 89
34 164
34 116
34 75
35 49
35 33
35 171
35 112
35 148
35 119
36 154
36 188
36 86
36 26
36 128
36 65
37 165
37 59
37 111
37 31
37 161
37 163
38 177
38 89
38 149
38 64
38 66
38 40
39 6
39 50
39 8
39 4
39 20
39 125
40 134
40 75
40 51
40 16
40 158
40 45
41 23
41 116
41 78
41 61
41 173
41 79
42 134
42 63
42 102
42 33
42 20
42 95
43 100
43 22
43 169
43 110
43 108
43 96
44 1
44 44
44 48
44 26
44 28
44 160
45 86
45 1
45 8
45 75
45 12
45 83
46 135
46 174
46 79
46 175
46 53
46 176
47 100
47 78
47 88
47 18
47 47
47 68
48 96
48 13
48 148
48 154
48 88
48 90
49 101
49 63
49 138
49 62
49 141
49 185
50 110
50 35
50 71
50 73
50 5
50 9
51 91
51 151
51 58
51 155
51 32
51 22
52 86
52 85
52 81
52 22
52 88
52 83
53 46
53 25
53 78
53 144
53 181
53 0
54 170
54 65
54 172
54 2
54 126
54 7
55 82
55 56
55 147
55 42
55 108
55 29
56 91
56 173
56 18
56 83
56 132
56 110
57 4
57 18
57 67
57 86
57 41
57 6
58 84
58 109
58 103
58 45
58 115
58 168
59 100
59 95
59 3
59 118
59 80
59 178
60 127
60 14
60 22
60 185
60 178
60 36
61 156
61 105
61 67
61 123
61 174
61 139
62 87
62 132
62 108
62 25
62 172
62 13
63 142
63 137
63 59
63 60
63 105
63 63
64 108
64 46
64 149
64 5
64 162
64 172
65 86
65 181
65 36
65 103
65 68
65 21
66 47
66 153
66 64
66 144
66 3
66 138
67 174
67 183
67 20
67 56
67 108
67 49
68 157
68 115
68 43
68 138
68 23
68 89
69 114
69 76
69 46
69 96
69 145
69 23
70 140
70 12
70 120
70 157
70 138
70 60
71 188
71 53
71 74
71 171
71 78
71 137
72 16
72 101
72 32
72 95
72 34
72 24
73 11
73 144
73 149
73 40
73 127
73 60
74 176
74 10
74 30
74 91
74 159
74 117
75 31
75 86
75 105
75 138
75 2
75 50
76 22
76 152
76 70
76 116
76 121
76 146
77 98
77 67
77 89
77 116
77 107
77 19
78 180
78 136
78 110
78 5
78 32
78 142
79 98
79 70
79 127
79 2
79 23
79 8
80 25
80 51
80 123
80 53
80 117
80 188
81 52
81 95
81 180
81 110
81 9
81 101
82 149
82 24
82 41
82 17
82 45
82 3
83 162
83 178
83 21
83 128
83 99
83 2
84 61
84 131
84 49
84 174
84 51
84 25
85 117
85 81
85 176
85 89
85 95
85 136
86 44
86 3
86 57
86 85
86 121
86 48
87 16
87 168
87 132
87 139
87 35
87 141
88 70
88 19
88 183
88 167
88 169
88 171
89 36
89 7
89 89
89 17
89 2
89 84
90 84
90 123
90 86
90 42
90 89
90 104
91 89
91 155
91 164
91 66
91 14
91 128
92 23
92 179
92 150
92 13
92 133
92 165
93 67
93 7
93 37
93 167
93 136
93 99
94 166
94 81
94 160
94 59
94 122
94 13
95 76
95 133
95 145
95 41
95 154
95 70
96 150
96 183
96 85
96 74
96 91
96 145
97 15
97 155
97 16
97 30
97 57
97 158
98 159
98 16
98 188
98 146
98 119
98 2
99 98
99 6
99 61
99 125
99 106
99 86
100 2
100 166
100 50
100 56
100 133
100 159
101 187
101 14
101 125
101 183
101 106
101 58
102 151
102 183
102 118
102 102
102 170
102 88
103 107
103 34
103 97
103 125
103 128
103 48
104 167
104 80
104 126
104 87
104 158
104 101
105 158
105 66
105 27
105 178
105 61
105 2
106 78
106 18
106 136
106 151
106 173
106 169
107 27
107 109
107 98
107 141
107 185
107 119
108 75
108 164
108 3
108 65
108 83
108 78
109 146
109 59
109 66
109 53
109 155
109 45
110 11
110 147
110 122
110 15
110 36
110 169
111 87
111 38
111 52
111 56
111 54
111 111
112 73
112 104
112 151
112 59
112 169
112 178
113 137
113 149
113 131
113 183
113 120
113 63
114 120
114 183
114 84
114 176
114 56
114 134
115 60
115 12
115 180
115 149
115 183
115 9
116 143
116 186
116 40
116 171
116 58
116 116
117 68
117 10
117 14
117 149
117 2
117 71
118 92
118 48
118 35
118 158
118 25
118 127
119 90
119 60
119 62
119 111
119 158
119 82
120 25
120 186
120 77
120 103
120 58
120 149
121 166
121 78
121 142
121 14
121 173
121 5
122 183
122 105
122 34
122 12
122 5
122 159
123 141
123 75
123 128
123 11
123 28
123 30
124 95
124 68
124 80
124 34
124 17
124 49
125 186
125 75
125 4
125 125
125 54
125 76
126 46
126 122
126 98
126 147
126 119
126 84
127 15
127 58
127 33
127 9
127 90
127 162
128 175
128 67
128 3
128 145
128 167
128 86
129 180
129 57
129 171
129 166
129 70
129 18
130 96
130 168
130 114
130 185
130 71
130 53
131 107
131 58
131 47
131 114
131 124
131 128
132 62
132 93
132 149
132 72
132 73
132 176
133 55
133 29
133 101
133 91
133 20
133 128
134 53
134 5
134 167
134 73
134 85
134 144
135 31
135 82
135 151
135 103
135 180
135 70
136 154
136 95
136 82
136 160
136 179
136 127
137 15
137 130
137 70
137 74
137 89
137 141
138 26
138 142
138 112
138 63
138 100
138 14
139 25
139 5
139 155
139 17
139 114
139 48
140 96
140 33
140 176
140 27
140 2
140 79
141 142
141 45
141 47
141 109
141 122
141 152
142 167
142 186
142 122
142 175
142 91
142 4
143 106
143 50
143 91
143 25
143 74
143 100
144 21
144 143
144 31
144 25
144 16
144 32
145 36
145 2
145 17
145 166
145 144
145 101
146 37
146 102
146 120
146 35
146 153
146 163
147 9
147 11
147 121
147 81
147 158
147 123
148 166
148 87
148 2
148 48
148 117
148 3
149 79
149 153
149 59
149 91
149 164
149 95
150 155
150 122
150 25
150 136
150 112
150 132
151 162
151 49
151 75
151 132
151 91
151 136
152 97
152 165
152 26
152 4
152 80
152 35
153 154
153 110
153 82
153 24
153 39
153 31
154 79
154 9
154 40
154 60
154 127
154 89
155 2
155 151
155 108
155 172
155 65
155 124
156 30
156 121
156 135
156 31
156 59
156 127
157 41
157 81
157 130
157 46
157 112
157 142
158 129
158 43
158 153
158 103
158 163
158 7
159 7
159 162
159 76
159 21
159 62
159 176
160 15
160 107
160 108
160 110
160 95
160 135
161 187
161 62
161 183
161 128
161 60
161 63
162 98
162 35
162 91
162 95
162 85
162 157
163 164
163 178
163 167
163 65
163 159
163 144
164 49
164 172
164 52
164 171
164 67
164 13
165 77
165 74
165 183
165 153
165 90
165 25
166 127
166 19
166 149
166 21
166 88
166 155
167 81
167 83
167 149
167 24
167 118
167 69
168 188
168 180
168 98
168 87
168 2
168 136
169 179
169 79
169 26
169 42
169 178
169 20
170 59
170 68
170 138
170 13
170 51
170 110
171 49
171 46
171 107
171 167
171 178
171 129
172 49
172 155
172 63
172 59
172 180
172 145
173 161
173 133
173 65
173 98
173 75
173 129
174 104
174 9
174 65
174 130
174 180
174 147
175 100
175 47
175 155
175 85
175 61
175 175
176 136
176 32
176 57
176 42
176 98
176 29
177 123
177 48
177 75
177 149
177 97
177 107
178 153
178 129
178 178
178 3
178 66
178 165
179 21
179 44
179 81
179 183
179 73
179 101
180 70
180 184
180 180
180 37
180 142
180 129
181 21
181 141
181 38
181 74
181 65
181 11
182 113
182 58
182 127
182 91
182 72
182 28
183 104
183 102
183 83
183 26
183 65
183 142
184 142
184 164
184 15
184 74
184 151
184 143
185 144
185 87
185 79
185 2
185 152
185 3
186 169
186 54
186 118
186 153
186 65
186 95
187 114
187 35
187 19
187 91
187 66
187 8
188 152
188 136
188 92
188 133
188 150
188 35
189 149
189 122
189 89
189 37
189 86
189 28
190 185
190 47
190 104
190 116
190 45
190 135
191 64
191 2
191 122
191 161
191 141
191 115
192 112
192 175
192 132
192 99
192 69
192 79
193 133
193 58
193 171
193 183
193 97
193 122
194 37
194 30
194 121
194 81
194 152
194 39
195 62
195 65
195 67
195 116
195 127
195 162
196 37
196 110
196 42
196 152
196 63
196 31
197 153
197 178
197 117
197 168
197 80
197 95
198 58
198 124
198 36
198 5
198 6
198 80
199 122
199 83
199 2
199 54
199 141
199 91
200 53
200 62
200 110
200 79
200 22
200 87
201 85
201 162
201 36
201 163
201 89
201 38
202 105
202 46
202 124
202 142
202 138
202 50
203 11
203 62
203 152
203 91
203 23
203 53
204 134
204 13
204 136
204 52
204 149
204 7
205 125
205 131
205 79
205 32
205 95
205 88
206 167
206 71
206 69
206 92
206 137
206 178
207 100
207 102
207 2
207 20
207 22
207 62
208 17
208 168
208 3
208 71
208 129
208 76
209 167
209 76
209 75
209 58
209 79
209 165
210 102
210 143
210 66
210 145
210 118
210 40
211 98
211 2
211 106
211 72
211 5
211 187
212 108
212 27
212 134
212 118
212 69
212 47
213 158
213 84
213 185
213 109
213 104
213 149
214 123
214 50
214 95
214 171
214 84
214 178
215 187
215 142
215 85
215 12
215 181
215 178
216 85
216 117
216 20
216 118
216 159
216 146
217 65
217 68
217 75
217 181
217 70
217 79
218 178
218 157
218 62
218 130
218 120
218 170
219 150
219 107
219 50
219 188
219 114
219 76
220 123
220 160
220 6
220 36
220 179
220 130
221 159
221 50
221 151
221 185
221 76
221 187
222 76
222 34
222 109
222 122
222 5
222 79
223 176
223 79
223 163
223 19
223 37
223 66
224 95
224 9
224 21
224 146
224 43
224 164
225 2
225 96
225 75
225 152
225 103
225 27
226 163
226 65
226 110
226 145
226 183
226 154
227 84
227 79
227 40
227 186
227 145
227 25
228 163
228 47
228 52
228 184
228 68
228 138
229 7
229 117
229 74
229 11
229 32
229 156
230 143
230 79
230 188
230 31
230 19
230 104
231 95
231 123
231 14
231 115
231 97
231 54
232 66
232 31
232 175
232 181
232 26
232 12
233 149
233 141
233 20
233 47
233 187
233 173
234 33
234 16
234 2
234 27
234 56
234 169
235 176
235 10
235 52
235 4
235 27
235 144
236 69
236 130
236 166
236 163
236 116
236 118
237 149
237 16
237 70
237 169
237 19
237 82
238 167
238 112
238 121
238 123
238 10
238 5
239 105
239 7
239 151
239 139
239 142
239 130
240 86
240 85
240 16
240 27
240 183
240 106
241 2
241 123
241 88
241 139
241 89
241 6
242 39
242 112
242 57
242 147
242 165
242 98
243 92
243 141
243 133
243 88
243 136
243 111
244 169
244 80
244 38
244 149
244 77
244 84
245 112
245 26
245 69
245 127
245 100
245 50
246 14
246 71
246 40
246 50
246 120
246 41
247 107
247 169
247 171
247 16
247 165
247 119
248 26
248 50
248 63
248 158
248 92
248 28
249 20
249 8
249 183
249 93
249 35
249 95
250 14
250 82
250 166
250 113
250 92
250 33
251 146
251 129
251 168
251 155
251 133
251 47
252 35
252 11
252 157
252 162
252 89
252 179
253 80
253 104
253 15
253 25
253 50
253 157
254 61
254 144
254 16
254 100
254 49
254 24
255 45
255 49
255 115
255 124
255 37
255 17
256 129
256 97
256 99
256 114
256 12
256 115
257 86
257 84
257 57
257 138
257 106
257 121
258 186
258 17
258 181
258 31
258 147
258 143
259 76
259 158
259 56
259 151
259 93
259 156
260 15
260 4
260 41
260 142
260 69
260 162
261 96
261 178
261 26
261 183
261 120
261 31
262 58
262 75
262 125
262 111
262 151
262 36
263 114
263 132
263 64
263 112
263 28
263 88
264 114
264 105
264 37
264 152
264 154
264 79
265 75
265 55
265 48
265 109
265 59
265 116
266 167
266 31
266 172
266 8
266 17
266 155
267 103
267 42
267 73
267 92
267 170
267 175
268 92
268 21
268 133
268 66
268 158
268 128
269 61
269 175
269 128
269 111
269 21
269 149
270 159
270 62
270 81
270 43
270 46
270 113
271 41
271 74
271 103
271 57
271 154
271 122
272 158
272 67
272 12
272 35
272 165
272 43
273 112
273 67
273 3
273 19
273 66
273 153
274 97
274 141
274 44
274 27
274 84
274 86
275 158
275 27
275 40
275 132
275 110
275 74
276 169
276 23
276 2
276 156
276 9
276 184
277 16
277 28
277 130
277 47
277 161
277 185
278 188
278 178
278 88
278 128
278 57
278 179
279 24
279 33
279 35
279 79
279 176
279 117
280 63
280 95
280 46
280 82
280 33
280 27
281 130
281 108
281 107
281 59
281 56
281 110
282 85
282 131
282 154
282 124
282 104
282 128
283 170
283 156
283 135
283 137
283 85
283 115
284 72
284 96
284 54
284 117
284 185
284 98
285 159
285 21
285 147
285 101
285 87
285 9
286 46
286 107
286 79
286 144
286 146
286 96
287 115
287 179
287 184
287 171
287 66
287 119
288 181
288 153
288 83
288 151
288 149
288 97
289 124
289 63
289 37
289 162
289 152
289 2
290 79
290 16
290 172
290 141
290 31
290 163
291 20
291 136
291 141
291 172
291 89
291 42
292 149
292 7
292 98
292 133
292 45
292 19
293 129
293 11
293 175
293 118
293 179
293 102
294 149
294 81
294 37
294 143
294 164
294 49
295 158
295 40
295 57
295 138
295 153
295 117
296 38
296 152
296 70
296 176
296 173
296 11
297 28
297 95
297 42
297 44
297 108
297 169
298 138
298 33
298 7
298 175
298 35
298 178
299 83
299 157
299 159
299 87
299 43
299 164
300 66
300 183
300 83
300 85
300 39
300 124
301 183
301 79
301 164
301 72
301 166
301 120
302 34
302 19
302 103
302 89
302 82
302 122
303 154
303 80
303 83
303 24
303 33
303 25
304 96
304 141
304 119
304 145
304 61
304 46
305 109
305 47
305 51
305 23
305 164
305 93
306 122
306 2
306 115
306 141
306 144
306 50
307 50
307 151
307 184
307 25
307 112
307 51
308 90
308 112
308 105
308 25
308 23
308 27
309 27
309 163
309 95
309 23
309 170
309 145
310 46
310 33
310 150
310 146
310 87
310 160
311 42
311 120
311 12
311 60
311 69
311 50
312 141
312 43
312 150
312 56
312 163
312 67
313 79
313 183
313 82
313 23
313 33
313 134
314 165
314 92
314 41
314 154
314 12
314 136
315 71
315 51
315 164
315 145
315 74
315 110
316 20
316 132
316 7
316 54
316 96
316 74
317 185
317 120
317 163
317 115
317 46
317 101
318 141
318 99
318 21
318 76
318 103
318 90
319 155
319 169
319 50
319 76
319 171
319 102
320 132
320 85
320 97
320 153
320 128
320 134
321 82
321 175
321 144
321 56
321 127
321 99
322 88
322 79
322 134
322 107
322 49
322 149
323 33
323 70
323 154
323 92
323 96
323 2
324 95
324 180
324 150
324 153
324 112
324 42
325 84
325 23
325 159
325 62
325 104
325 2
326 95
326 5
326 66
326 58
326 131
326 110
327 125
327 90
327 27
327 55
327 114
327 135
328 172
328 175
328 46
328 118
328 176
328 138
329 20
329 170
329 14
329 37
329 45
329 9
330 50
330 30
330 59
330 145
330 147
330 51
331 185
331 113
331 89
331 3
331 49
331 134
332 29
332 37
332 157
332 19
332 38
332 45
333 133
333 175
333 58
333 12
333 23
333 36
334 23
334 59
334 33
334 96
334 88
334 106
335 167
335 129
335 16
335 127
335 62
335 75
336 133
336 5
336 164
336 63
336 166
336 153
337 168
337 46
337 23
337 37
337 135
337 106
338 19
338 50
338 188
338 133
338 44
338 66
339 15
339 131
339 43
339 129
339 14
339 79
340 115
340 135
340 74
340 132
340 101
340 137
341 153
341 127
341 2
341 152
341 132
341 162
342 131
342 49
342 150
342 145
342 118
342 113
343 143
343 120
343 104
343 155
343 38
343 70
344 132
344 6
344 41
344 146
344 66
344 43
345 66
345 132
345 72
345 76
345 110
345 21
346 154
346 130
346 57
346 176
346 33
346 49
347 147
347 167
347 130
347 71
347 135
347 47
348 179
348 43
348 20
348 51
348 49
348 62
349 142
349 96
349 117
349 87
349 89
349 12
350 139
350 75
350 147
350 107
350 144
350 71
351 12
351 160
351 176
351 111
351 178
351 62
352 33
352 113
352 27
352 9
352 175
352 176
353 112
353 102
353 104
353 161
353 99
353 137
354 129
354 35
354 137
354 89
354 170
354 100
355 128
355 105
355 20
355 17
355 175
355 58
356 27
356 12
356 141
356 14
356 47
356 48
357 72
357 79
357 34
357 154
357 86
357 83
358 33
358 166
358 102
358 106
358 185
358 117
359 149
359 75
359 96
359 141
359 85
359 116
360 91
360 66
360 80
360 4
360 178
360 97
361 99
361 129
361 155
361 159
361 12
361 41
362 158
362 36
362 147
362 179
362 115
362 154
363 178
363 42
363 168
363 36
363 142
363 81
364 100
364 183
364 156
364 55
364 29
364 85
365 164
365 92
365 136
365 52
365 29
365 128
366 91
366 2
366 108
366 157
366 3
366 127
367 30
367 48
367 45
367 62
367 127
367 60
368 61
368 104
368 3
368 27
368 113
368 158
369 185
369 59
369 28
369 15
369 7
369 63
370 135
370 184
370 35
370 16
370 60
370 39
371 125
371 66
371 76
371 24
371 91
371 136
372 128
372 67
372 95
372 137
372 158
372 54
373 105
373 164
373 107
373 92
373 118
373 161
374 168
374 145
374 163
374 79
374 106
374 12
375 69
375 144
375 84
375 38
375 24
375 25
376 39
376 175
376 170
376 64
376 3
376 95
377 74
377 85
377 28
377 159
377 21
377 76
378 141
378 4
378 152
378 127
378 160
378 33
379 74
379 118
379 104
379 111
379 63
379 16
380 95
380 16
380 9
380 33
380 141
380 27
381 127
381 14
381 102
381 108
381 136
381 53
382 64
382 12
382 57
382 29
382 21
382 159
383 88
383 12
383 150
383 75
383 16
383 169
384 145
384 24
384 188
384 176
384 96
384 40
385 127
385 108
385 121
385 12
385 166
385 37
386 176
386 16
386 138
386 41
386 149
386 157
387 170
387 163
387 59
387 21
387 99
387 66
388 134
388 27
388 14
388 58
388 4
388 62
389 89
389 156
389 49
389 175
389 159
389 43
390 138
390 37
390 55
390 77
390 127
390 83
391 28
391 37
391 63
391 8
391 118
391 131
392 69
392 40
392 137
392 88
392 12
392 7
393 168
393 45
393 99
393 127
393 144
393 12
394 34
394 21
394 146
394 90
394 180
394 171
395 48
395 7
395 43
395 45
395 150
395 59
396 87
396 139
396 162
396 93
396 163
396 19
397 178
397 33
397 89
397 152
397 35
397 29
398 158
398 112
398 37
398 143
398 102
398 21
399 12
399 14
399 29
399 5
399 142
399 36
400 130
400 4
400 128
400 2
400 87
400 39
401 122
401 146
401 112
401 7
401 125
401 36
402 48
402 130
402 120
402 54
402 106
402 22
403 93
403 151
403 24
403 104
403 180
403 100
404 183
404 112
404 43
404 56
404 63
404 45
405 51
405 41
405 153
405 117
405 44
405 185
406 127
406 23
406 118
406 21
406 43
406 25
407 44
407 187
407 183
407 170
407 106
407 27
408 2
408 171
408 63
408 79
408 93
408 100
409 112
409 176
409 76
409 101
409 96
409 141
410 176
410 170
410 33
410 152
410 27
410 2
411 150
411 114
411 146
411 39
411 12
411 15
412 95
412 33
412 12
412 147
412 62
412 183
413 91
413 54
413 135
413 2
413 171
413 42
414 149
414 185
414 127
414 134
414 141
414 147
415 138
415 69
415 8
415 135
415 16
415 144
416 67
416 130
416 98
416 19
416 69
416 25
417 12
417 87
417 52
417 80
417 85
417 15
418 119
418 149
418 153
418 63
418 93
418 48
419 37
419 45
419 15
419 143
419 69
419 145
420 89
420 116
420 166
420 186
420 188
420 181
421 128
421 113
421 183
421 175
421 66
421 134
422 58
422 183
422 138
422 185
422 141
422 113
423 48
423 71
423 128
423 41
423 52
423 99
424 180
424 88
424 25
424 144
424 187
424 97
425 66
425 45
425 23
425 55
425 175
425 138
426 38
426 171
426 50
426 109
426 19
426 76
427 135
427 171
427 33
427 175
427 112
427 51
428 100
428 122
428 80
428 82
428 155
428 33
429 82
429 83
429 29
429 149
429 37
429 114
430 130
430 7
430 27
430 68
430 152
430 28
431 68
431 135
431 58
431 108
431 37
431 40
432 121
432 145
432 186
432 136
432 36
432 74
433 165
433 155
433 80
433 61
433 70
433 179
434 187
434 156
434 17
434 98
434 2
434 15
435 106
435 109
435 25
435 111
435 55
435 169
436 27
436 2
436 28
436 8
436 108
436 188
437 156
437 104
437 12
437 92
437 44
437 186
438 16
438 136
438 66
438 25
438 19
438 125
439 85
439 50
439 143
439 16
439 175
439 51
440 21
440 37
440 22
440 169
440 58
440 47
441 74
441 33
441 92
441 54
441 76
441 46
442 175
442 139
442 167
442 4
442 55
442 156
443 76
443 164
443 45
443 24
443 33
443 134
444 175
444 4
444 167
444 118
444 91
444 139
445 2
445 43
445 95
445 96
445 116
445 106
446 101
446 7
446 91
446 48
446 160
446 139
447 104
447 146
447 162
447 85
447 160
447 135
448 60
448 145
448 166
448 149
448 188
448 139
449 188
449 21
449 121
449 160
449 7
449 119
450 146
450 88
450 165
450 23
450 166
450 170
451 106
451 151
451 127
451 89
451 166
451 162
452 82
452 2
452 95
452 120
452 83
452 138
453 47
453 77
453 80
453 109
453 29
453 23
454 80
454 72
454 5
454 98
454 7
454 141
455 109
455 36
455 38
455 67
455 142
455 135
456 63
456 29
456 21
456 106
456 76
456 82
457 122
457 25
457 146
457 143
457 76
457 116
458 56
458 178
458 69
458 23
458 139
458 72
459 5
459 175
459 184
459 167
459 62
459 185
460 100
460 175
460 151
460 42
460 111
460 122
461 57
461 50
461 74
461 91
461 99
461 29
462 135
462 21
462 64
462 133
462 43
462 30
463 159
463 7
463 56
463 51
463 27
463 162
464 146
464 4
464 33
464 80
464 186
464 95
465 95
465 68
465 59
465 2
465 16
465 93
466 100
466 7
466 86
466 112
466 77
466 156
467 165
467 82
467 116
467 25
467 37
467 163
468 149
468 98
468 103
468 160
468 7
468 15
469 7
469 2
469 111
469 106
469 39
469 117
470 2
470 106
470 142
470 171
470 7
470 183
471 131
471 22
471 15
471 55
471 96
471 21
472 17
472 55
472 45
472 4
472 88
472 2
473 103
473 60
473 84
473 95
473 122
473 77
474 90
474 83
474 53
474 127
474 119
474 37
475 74
475 133
475 147
475 41
475 70
475 139
476 51
476 133
476 92
476 58
476 63
476 25
477 17
477 69
477 15
477 30
477 127
477 47
478 169
478 117
478 33
478 52
478 36
478 127
479 71
479 117
479 85
479 21
479 60
479 87
480 175
480 156
480 159
480 88
480 22
480 72
481 52
481 103
481 172
481 184
481 36
481 114
482 17
482 172
482 29
482 113
482 120
482 82
483 43
483 5
483 136
483 3
483 97
483 159
484 100
484 49
484 33
484 104
484 164
484 102
485 119
485 184
485 15
485 21
485 106
485 159
486 99
486 169
486 102
486 80
486 188
486 27
487 143
487 51
487 109
487 91
487 7
487 15
488 133
488 142
488 61
488 96
488 178
488 12
489 86
489 33
489 63
489 12
489 104
489 41
490 127
490 178
490 69
490 119
490 107
490 183
491 106
491 2
491 33
491 108
491 121
491 180
492 90
492 109
492 21
492 106
492 124
492 112
493 15
493 80
493 70
493 90
493 108
493 134
494 150
494 134
494 176
494 157
494 44
494 77
495 110
495 156
495 96
495 171
495 115
495 125
496 39
496 84
496 33
496 48
496 17
496 56
497 48
497 50
497 84
497 21
497 80
497 170
498 71
498 84
498 138
498 185
498 90
498 128
499 159
499 7
499 71
499 81
499 137
499 74
500 113
500 33
500 186
500 147
500 183
500 106
501 128
501 156
501 178
501 41
501 110
501 67
502 56
502 119
502 98
502 163
502 89
502 183
503 142
503 16
503 27
503 144
503 3
503 33
504 46
504 122
504 179
504 23
504 124
504 95
505 12
505 170
505 8
505 42
505 55
505 120
506 118
506 3
506 62
506 179
506 133
506 16
507 183
507 110
507 188
507 145
507 169
507 162
508 46
508 124
508 21
508 164
508 133
508 187
509 80
509 137
509 75
509 109
509 114
509 159
510 130
510 101
510 160
510 89
510 139
510 156
511 188
511 156
511 130
511 46
511 142
511 151
512 145
512 41
512 142
512 92
512 34
512 12
513 2
513 15
513 113
513 51
513 162
513 29
514 172
514 33
514 81
514 36
514 69
514 83
515 106
515 95
515 57
515 30
515 21
515 87
516 131
516 93
516 187
516 183
516 122
516 112
517 153
517 132
517 25
517 135
517 36
517 81
518 34
518 30
518 107
518 156
518 108
518 38
519 2
519 80
519 39
519 162
519 107
519 98
520 25
520 143
520 95
520 15
520 80
520 118
521 127
521 179
521 68
521 43
521 52
521 110
522 89
522 188
522 156
522 15
522 86
522 55
523 47
523 2
523 7
523 157
523 29
523 127
524 153
524 3
524 85
524 98
524 149
524 183
525 119
525 85
525 146
525 70
525 184
525 82
526 118
526 46
526 59
526 185
526 84
526 142
527 30
527 144
527 66
527 67
527 12
527 165
528 152
528 47
528 12
528 149
528 69
528 100
529 95
529 185
529 107
529 116
529 12
529 8
530 48
530 186
530 175
530 38
530 95
530 112
531 110
531 186
531 24
531 25
531 15
531 21
532 66
532 117
532 70
532 172
532 30
532 165
533 166
533 104
533 53
533 113
533 30
533 51
534 7
534 142
534 183
534 112
534 114
534 143
535 183
535 76
535 179
535 75
535 27
535 121
536 128
536 130
536 29
536 46
536 82
536 162
537 72
537 132
537 43
537 66
537 188
537 80
538 85
538 146
538 15
538 164
538 23
538 93
539 42
539 12
539 114
539 38
539 102
539 96
540 95
540 80
540 157
540 112
540 27
540 144
541 127
541 21
541 142
541 172
541 53
541 117
542 2
542 134
542 62
542 66
542 114
542 99
543 118
543 15
543 181
543 77
543 183
543 106
544 150
544 15
544 57
544 179
544 110
544 117
545 15
545 147
545 117
545 34
545 36
545 134
546 37
546 87
546 46
546 122
546 150
546 100
547 127
547 36
547 186
547 47
547 27
547 122
548 47
548 87
548 95
548 4
548 166
548 169
549 180
549 112
549 41
549 51
549 5
549 157
550 103
550 156
550 181
550 158
550 131
550 95
551 2
551 95
551 7
551 187
551 45
551 135
552 80
552 118
552 3
552 59
552 30
552 76
553 149
553 165
553 25
553 109
553 27
553 15
554 113
554 55
554 121
554 17
554 81
554 3
555 15
555 143
555 17
555 90
555 133
555 39
556 67
556 45
556 180
556 61
556 76
556 2
557 158
557 21
557 117
557 130
557 69
557 120
558 168
558 179
558 149
558 115
558 103
558 87
559 179
559 151
559 175
559 36
559 159
559 144
560 74
560 41
560 44
560 43
560 51
560 151
561 83
561 111
561 95
561 147
561 136
561 184
562 21
562 33
562 181
562 91
562 132
562 120
563 5
563 184
563 152
563 72
563 124
563 168
564 21
564 156
564 34
564 163
564 2
564 85
565 188
565 110
565 50
565 111
565 107
565 80
566 50
566 7
566 180
566 60
566 4
566 90
567 187
567 152
567 131
567 113
567 95
567 21
568 106
568 110
568 69
568 12
568 100
568 128
569 12
569 169
569 39
569 132
569 172
569 62
570 170
570 75
570 22
570 159
570 150
570 7
571 12
571 152
571 135
571 156
571 95
571 15
572 60
572 34
572 81
572 172
572 15
572 151
573 184
573 185
573 28
573 175
573 47
573 90
574 37
574 142
574 183
574 76
574 143
574 80
575 186
575 56
575 122
575 89
575 97
575 5
576 179
576 175
576 84
576 29
576 142
576 12
577 139
577 175
577 142
577 156
577 110
577 5
578 12
578 138
578 76
578 87
578 104
578 38
579 184
579 92
579 149
579 57
579 44
579 137
580 168
580 7
580 2
580 115
580 89
580 164
581 142
581 162
581 144
581 138
581 87
581 71
582 184
582 176
582 102
582 83
582 63
582 45
583 64
583 117
583 39
583 50
583 102
583 114
584 37
584 97
584 55
584 58
584 183
584 176
585 33
585 61
585 156
585 76
585 125
585 170
586 51
586 111
586 21
586 84
586 33
586 137
587 66
587 49
587 89
587 56
587 156
587 125
588 81
588 89
588 109
588 25
588 15
588 83
589 157
589 121
589 63
589 80
589 160
589 135
590 72
590 5
590 90
590 74
590 58
590 157
591 37
591 108
591 21
591 76
591 151
591 165
592 142
592 130
592 137
592 70
592 118
592 81
593 151
593 183
593 23
593 29
593 146
593 7
594 17
594 150
594 161
594 87
594 92
594 36
595 136
595 74
595 116
595 134
595 34
595 183
596 34
596 44
596 36
596 188
596 12
596 55
597 74
597 127
597 139
597 12
597 156
597 61
598 157
598 39
598 16
598 81
598 33
598 21
599 12
599 112
599 89
599 76
599 22
599 127
600 48
600 114
600 131
600 149
600 92
600 46
601 45
601 39
601 103
601 2
601 100
601 41
602 157
602 159
602 110
602 96
602 44
602 57
603 111
603 150
603 16
603 56
603 160
603 157
604 45
604 83
604 183
604 136
604 2
604 157
605 4
605 42
605 156
605 100
605 180
605 127
606 163
606 89
606 120
606 152
606 68
606 81
607 15
607 184
607 59
607 16
607 185
607 146
608 2
608 116
608 186
608 161
608 92
608 98
609 16
609 158
609 110
609 51
609 30
609 108
610 118
610 74
610 16
610 66
610 156
610 112
611 28
611 53
611 187
611 55
611 83
611 24
612 142
612 46
612 121
612 47
612 67
612 36
613 58
613 49
613 43
613 164
613 122
613 22
614 2
614 166
614 33
614 131
614 48
614 80
615 2
615 98
615 167
615 116
615 66
615 146
616 169
616 27
616 63
616 72
616 112
616 15
617 106
617 143
617 76
617 124
617 153
617 108
618 80
618 161
618 82
618 71
618 157
618 30
619 156
619 30
619 120
619 152
619 176
619 100
620 161
620 142
620 90
620 15
620 100
620 102
621 179
621 183
621 7
621 160
621 162
621 165
622 144
622 160
622 106
622 83
622 164
622 170
623 44
623 61
623 98
623 159
623 172
623 5
624 108
624 7
624 5
624 167
624 110
624 40
625 59
625 121
625 15
625 124
625 33
625 100
626 146
626 147
626 124
626 33
626 168
626 180
627 106
627 95
627 180
627 156
627 91
627 142
628 172
628 109
628 112
628 41
628 3
628 60
629 62
629 156
629 169
629 21
629 127
629 55
630 162
630 146
630 163
630 33
630 83
630 85
631 144
631 59
631 98
631 84
631 147
631 33
632 102
632 112
632 183
632 128
632 142
632 33
633 2
633 90
633 66
633 162
633 134
633 77
634 17
634 145
634 163
634 53
634 184
634 159
635 136
635 187
635 179
635 15
635 169
635 102
636 7
636 64
636 15
636 55
636 81
636 42
637 71
637 76
637 3
637 21
637 16
637 58
638 139
638 120
638 56
638 77
638 137
638 59
639 122
639 170
639 33
639 138
639 82
639 16
640 21
640 48
640 62
640 142
640 151
640 104
641 21
641 25
641 63
641 122
641 113
641 50
642 120
642 2
642 121
642 110
642 124
642 27
643 127
643 63
643 55
643 115
643 5
643 16
644 169
644 142
644 138
644 66
644 127
644 109
645 16
645 53
645 87
645 74
645 2
645 70
646 151
646 146
646 87
646 57
646 158
646 7
647 44
647 16
647 30
647 21
647 62
647 181
648 16
648 166
648 183
648 125
648 121
648 74
649 149
649 77
649 152
649 161
649 170
649 121
650 142
650 136
650 145
650 30
650 134
650 102
651 187
651 99
651 16
651 188
651 81
651 22
652 85
652 58
652 91
652 16
652 46
652 50
653 172
653 22
653 55
653 66
653 188
653 175
654 165
654 2
654 7
654 62
654 16
654 175
655 87
655 24
655 168
655 109
655 8
655 80
656 23
656 5
656 98
656 92
656 66
656 46
657 16
657 113
657 80
657 124
657 71
657 5
658 127
658 142
658 121
658 89
658 158
658 143
659 147
659 149
659 2
659 8
659 77
659 41
660 93
660 52
660 187
660 122
660 119
660 2
661 74
661 113
661 52
661 80
661 22
661 121
662 55
662 37
662 90
662 159
662 156
662 16
663 62
663 29
663 87
663 91
663 135
663 172
664 87
664 132
664 5
664 95
664 130
664 93
665 34
665 44
665 70
665 186
665 149
665 8
666 145
666 135
666 46
666 43
666 127
666 23
667 149
667 142
667 125
667 33
667 113
667 38
668 124
668 81
668 145
668 22
668 87
668 111
669 74
669 93
669 44
669 187
669 179
669 36
670 3
670 159
670 2
670 156
670 89
670 127
671 16
671 106
671 8
671 169
671 111
671 122
672 74
672 33
672 46
672 162
672 24
672 175
673 30
673 47
673 121
673 50
673 119
673 93
674 89
674 33
674 124
674 188
674 92
674 137
675 36
675 80
675 62
675 2
675 43
675 172
676 169
676 143
676 75
676 51
676 119
676 69
677 52
677 42
677 91
677 132
677 48
677 74
678 77
678 175
678 103
678 24
678 142
678 53
679 121
679 83
679 60
679 71
679 48
679 108
680 93
680 125
680 180
680 95
680 76
680 64
681 23
681 77
681 153
681 186
681 2
681 62
682 108
682 97
682 16
682 22
682 33
682 130
683 16
683 172
683 72
683 135
683 95
683 24
684 175
684 22
684 95
684 2
684 80
684 115
685 74
685 69
685 111
685 41
685 100
685 184
686 142
686 28
686 180
686 71
686 95
686 135
687 33
687 80
687 134
687 55
687 152
687 57
688 142
688 90
688 38
688 17
688 58
688 80
689 29
689 72
689 180
689 22
689 119
689 116
690 33
690 36
690 59
690 160
690 38
690 167
691 160
691 119
691 145
691 16
691 33
691 150
692 71
692 124
692 168
692 160
692 44
692 46
693 147
693 16
693 146
693 138
693 41
693 45
694 161
694 62
694 46
694 122
694 83
694 24
695 40
695 42
695 132
695 122
695 153
695 95
696 153
696 16
696 56
696 112
696 115
696 2
697 139
697 127
697 164
697 104
697 3
697 121
698 58
698 95
698 72
698 119
698 22
698 134
699 62
699 149
699 60
699 76
699 122
699 89
700 147
700 63
700 16
700 27
700 107
700 81
701 108
701 127
701 161
701 3
701 180
701 138
702 163
702 167
702 87
702 176
702 97
702 180
703 176
703 149
703 22
703 181
703 143
703 170
704 96
704 153
704 36
704 42
704 130
704 30
705 17
705 22
705 80
705 127
705 28
705 82
706 170
706 130
706 62
706 142
706 22
706 121
707 95
707 135
707 180
707 153
707 85
707 146
708 51
708 56
708 16
708 71
708 108
708 169
709 112
709 188
709 22
709 46
709 30
709 158
710 116
710 90
710 63
710 133
710 61
710 67
711 55
711 106
711 139
711 124
711 22
711 127
712 175
712 58
712 153
712 16
712 69
712 113
713 122
713 58
713 175
713 5
713 172
713 17
714 81
714 63
714 107
714 72
714 64
714 130
715 101
715 64
715 117
715 5
715 29
715 90
716 49
716 100
716 84
716 16
716 170
716 181
717 183
717 144
717 100
717 115
717 134
717 43
718 34
718 175
718 22
718 25
718 61
718 107
719 33
719 16
719 72
719 139
719 93
719 119
720 99
720 122
720 163
720 71
720 16
720 117
721 139
721 43
721 137
721 39
721 121
721 16
722 98
722 112
722 62
722 110
722 106
722 95
723 87
723 16
723 80
723 96
723 33
723 127
724 62
724 63
724 16
724 68
724 106
724 156
725 124
725 22
725 185
725 101
725 16
725 127
726 37
726 67
726 113
726 156
726 160
726 186
727 17
727 97
727 111
727 53
727 134
727 156
728 156
728 127
728 111
728 163
728 28
728 71
729 51
729 117
729 76
729 71
729 93
729 172
730 45
730 36
730 136
730 181
730 168
730 55
731 25
731 133
731 44
731 66
731 175
731 117
732 63
732 80
732 42
732 109
732 17
732 48
733 180
733 106
733 100
733 48
733 87
733 77
734 44
734 83
734 131
734 69
734 99
734 136
735 142
735 127
735 184
735 130
735 24
735 68
736 180
736 110
736 49
736 2
736 167
736 60
737 17
737 180
737 131
737 111
737 48
737 50
738 2
738 17
738 69
738 57
738 104
738 29
739 108
739 121
739 104
739 38
739 97
739 175
740 106
740 156
740 175
740 29
740 25
740 183
741 71
741 175
741 23
741 62
741 74
741 184
742 22
742 180
742 71
742 115
742 175
742 138
743 130
743 183
743 125
743 131
743 127
743 29
744 122
744 104
744 156
744 133
744 124
744 136
745 116
745 5
745 17
745 156
745 163
745 167
746 25
746 48
746 33
746 145
746 36
746 85
747 3
747 103
747 17
747 66
747 84
747 22
748 186
748 137
748 47
748 89
748 149
748 25
749 22
749 48
749 85
749 56
749 142
749 38
750 17
750 149
750 169
750 95
750 183
750 22
751 136
751 138
751 25
751 175
751 33
751 22
752 101
752 149
752 125
752 115
752 44
752 117
753 165
753 134
753 180
753 2
753 27
753 111
754 175
754 185
754 95
754 90
754 157
754 52
755 69
755 36
755 47
755 99
755 48
755 4
756 183
756 22
756 135
756 124
756 80
756 187
757 143
757 133
757 87
757 122
757 176
757 17
758 5
758 91
758 147
758 180
758 39
758 172
759 36
759 112
759 180
759 80
759 61
759 186
760 138
760 36
760 124
760 17
760 127
760 56
761 34
761 53
761 22
761 121
761 2
761 124
762 127
762 166
762 185
762 22
762 24
762 168
763 138
763 166
763 131
763 127
763 17
763 52
764 2
764 101
764 17
764 156
764 68
764 53
765 17
765 117
765 169
765 80
765 2
765 167
766 130
766 149
766 63
766 106
766 115
766 143
767 162
767 55
767 74
767 2
767 109
767 97
768 90
768 98
768 28
768 137
768 22
768 81
769 55
769 17
769 29
769 175
769 42
769 149
770 55
770 99
770 166
770 96
770 69
770 17
771 75
771 172
771 17
771 89
771 55
771 64
772 17
772 186
772 80
772 30
772 22
772 24
773 127
773 151
773 22
773 17
773 67
773 74
774 2
774 17
774 72
774 22
774 55
774 127
775 166
775 180
775 46
775 57
775 47
775 84
776 180
776 69
776 27
776 2
776 166
776 66
777 156
777 67
777 158
777 89
777 62
777 34
778 63
778 46
778 64
778 34
778 41
778 186
779 100
779 113
779 28
779 56
779 96
779 4
780 43
780 34
780 38
780 95
780 36
780 91
781 36
781 176
781 92
781 17
781 169
781 38
782 161
782 127
782 134
782 163
782 75
782 119
783 23
783 130
783 185
783 81
783 135
783 116
784 76
784 156
784 17
784 168
784 119
784 176
785 183
785 115
785 55
785 176
785 22
785 81
786 22
786 24
786 44
786 180
786 124
786 41
787 138
787 81
787 17
787 104
787 125
787 83
788 77
788 17
788 93
788 64
788 41
788 43
789 168
789 99
789 172
789 71
789 175
789 121
790 39
790 66
790 82
790 72
790 180
790 170
791 22
791 34
791 183
791 62
791 163
791 36
792 180
792 131
792 27
792 175
792 76
792 150
793 58
793 68
793 22
793 188
793 5
793 24
794 61
794 146
794 102
794 50
794 27
794 97
795 95
795 176
795 24
795 180
795 106
795 80
796 72
796 116
796 149
796 83
796 55
796 95
797 2
797 175
797 95
797 87
797 17
797 115
798 39
798 159
798 81
798 103
798 188
798 51
799 80
799 87
799 112
799 180
799 17
799 2
800 27
800 34
800 64
800 89
800 80
800 17
801 76
801 184
801 87
801 181
801 168
801 122
802 124
802 96
802 82
802 127
802 42
802 90
803 95
803 56
803 98
803 167
803 17
803 38
804 150
804 110
804 42
804 149
804 89
804 142
805 80
805 96
805 156
805 180
805 100
805 87
806 127
806 143
806 34
806 36
806 185
806 175
807 17
807 153
807 149
807 131
807 157
807 188
808 22
808 137
808 158
808 163
808 150
808 58
809 151
809 46
809 17
809 115
809 127
809 180
810 161
810 167
810 183
810 96
810 17
810 185
811 67
811 132
811 97
811 71
811 58
811 27
812 22
812 101
812 172
812 160
812 107
812 109
813 24
813 4
813 61
813 28
813 145
813 92
814 102
814 22
814 106
814 160
814 17
814 127
815 117
815 132
815 183
815 17
815 134
815 37
816 77
816 175
816 132
816 168
816 156
816 134
817 151
817 100
817 175
817 130
817 24
817 45
818 186
818 22
818 2
818 183
818 24
818 135
819 61
819 139
819 115
819 167
819 17
819 169
820 23
820 109
820 69
820 47
820 165
820 82
821 22
821 183
821 40
821 166
821 157
821 24
822 138
822 17
822 68
822 42
822 36
822 51
823 165
823 161
823 38
823 17
823 55
823 40
824 59
824 60
824 55
824 149
824 107
824 159
825 38
825 2
825 175
825 117
825 130
825 22
826 101
826 149
826 87
826 55
826 77
826 161
827 57
827 38
827 119
827 89
827 55
827 22
828 164
828 132
828 22
828 34
828 144
828 146
829 158
829 138
829 61
829 25
829 55
829 51
830 168
830 130
830 71
830 169
830 183
830 89
831 124
831 147
831 145
831 107
831 181
831 74
832 22
832 27
832 46
832 50
832 124
832 47
833 71
833 22
833 80
833 145
833 137
833 184
834 130
834 158
834 110
834 22
834 175
834 72
835 166
835 56
835 52
835 58
835 62
835 22
836 2
836 50
836 167
836 28
836 4
836 72
837 150
837 36
837 51
837 60
837 42
837 146
838 27
838 159
838 74
838 142
838 183
838 23
839 23
839 142
839 25
839 99
839 111
839 117
840 163
840 90
840 109
840 130
840 138
840 23
841 169
841 34
841 113
841 175
841 76
841 142
842 82
842 133
842 180
842 34
842 112
842 23
843 23
843 25
843 90
843 72
843 40
843 77
844 23
844 67
844 156
844 47
844 56
844 36
845 130
845 175
845 83
845 158
845 146
845 40
846 112
846 2
846 95
846 23
846 25
846 122
847 175
847 132
847 47
847 113
847 99
847 66
848 34
848 102
848 24
848 135
848 43
848 121
849 142
849 90
849 23
849 56
849 25
849 104
850 41
850 186
850 23
850 153
850 95
850 2
851 80
851 58
851 183
851 133
851 23
851 156
852 23
852 74
852 132
852 25
852 146
852 34
853 142
853 95
853 143
853 71
853 99
853 23
854 156
854 124
854 170
854 51
854 40
854 183
855 107
855 81
855 143
855 124
855 156
855 100
856 112
856 47
856 45
856 135
856 23
856 181
857 56
857 96
857 163
857 175
857 63
857 183
858 130
858 23
858 187
858 117
858 166
858 135
859 149
859 172
859 67
859 130
859 165
859 23
860 23
860 139
860 99
860 25
860 121
860 56
861 97
861 39
861 157
861 130
861 51
861 43
862 156
862 183
862 185
862 23
862 25
862 87
863 30
863 166
863 185
863 180
863 64
863 168
864 23
864 162
864 25
864 168
864 175
864 49
865 157
865 23
865 135
865 60
865 3
865 113
866 23
866 69
866 146
866 100
866 159
866 25
867 180
867 122
867 87
867 40
867 64
867 183
868 107
868 34
868 132
868 60
868 80
868 145
869 130
869 164
869 72
869 23
869 115
869 92
870 157
870 132
870 23
870 67
870 149
870 25
871 157
871 23
871 77
871 181
871 25
871 119
872 23
872 124
872 71
872 183
872 132
872 130
873 45
873 142
873 61
873 23
873 175
873 83
874 90
874 50
874 92
874 23
874 132
874 169
875 142
875 112
875 89
875 166
875 23
875 80
876 69
876 62
876 149
876 130
876 23
876 132
877 161
877 184
877 95
877 185
877 145
877 166
878 175
878 138
878 101
878 124
878 60
878 36
879 186
879 138
879 34
879 80
879 91
879 188
880 91
880 66
880 28
880 95
880 46
880 175
881 186
881 23
881 130
881 38
881 121
881 44
882 158
882 149
882 95
882 165
882 91
882 135
883 61
883 142
883 157
883 187
883 39
883 36
884 183
884 23
884 143
884 130
884 157
884 5
885 103
885 30
885 2
885 119
885 23
885 112
886 143
886 157
886 138
886 115
886 132
886 71
887 56
887 23
887 80
887 175
887 163
887 30
888 125
888 23
888 91
888 187
888 56
888 81
889 130
889 56
889 95
889 2
889 23
889 180
890 180
890 59
890 168
890 23
890 143
890 151
891 56
891 130
891 151
891 23
891 116
891 5
892 23
892 25
892 67
892 27
892 56
892 166
893 43
893 180
893 24
893 66
893 132
893 77
894 23
894 27
894 111
894 104
894 2
894 25
895 36
895 49
895 135
895 38
895 139
895 161
896 108
896 51
896 170
896 164
896 175
896 180
897 136
897 74
897 100
897 66
897 25
897 186
898 104
898 69
898 64
898 87
898 74
898 59
899 183
899 97
899 172
899 157
899 121
899 30
900 23
900 109
900 75
900 161
900 181
900 172
901 23
901 46
901 184
901 47
901 96
901 36
902 46
902 172
902 49
902 99
902 117
902 139
903 101
903 52
903 175
903 92
903 80
903 2
904 24
904 82
904 30
904 27
904 165
904 71
905 42
905 77
905 149
905 52
905 23
905 4
906 161
906 66
906 167
906 180
906 103
906 45
907 142
907 23
907 44
907 160
907 82
907 107
908 121
908 175
908 2
908 23
908 80
908 71
909 166
909 92
909 77
909 117
909 23
909 139
910 71
910 149
910 180
910 23
910 183
910 102
911 142
911 159
911 107
911 3
911 74
911 185
912 186
912 110
912 115
912 117
912 23
912 157
913 76
913 142
913 119
913 75
913 121
913 81
914 161
914 180
914 59
914 96
914 67
914 23
915 111
915 149
915 168
915 145
915 115
915 110
916 158
916 96
916 130
916 145
916 161
916 116
917 175
917 36
917 119
917 130
917 124
917 23
918 2
918 36
918 107
918 124
918 48
918 146
919 158
919 166
919 97
919 56
919 80
919 122
920 47
920 42
920 157
920 99
920 180
920 63
921 108
921 23
921 69
921 121
921 119
921 124
922 157
922 83
922 183
922 36
922 41
922 116
923 42
923 46
923 69
923 130
923 57
923 81
924 58
924 166
924 100
924 138
924 74
924 104
925 49
925 89
925 34
925 108
925 180
925 161
926 143
926 23
926 164
926 180
926 90
926 98
927 77
927 142
927 23
927 149
927 25
927 80
928 40
928 56
928 23
928 63
928 71
928 57
929 119
929 28
929 74
929 135
929 48
929 149
930 97
930 99
930 112
930 45
930 145
930 104
931 57
931 149
931 119
931 147
931 81
931 45
932 183
932 39
932 92
932 159
932 135
932 133
933 4
933 69
933 151
933 2
933 107
933 23
934 175
934 23
934 89
934 30
934 130
934 107
935 44
935 132
935 77
935 89
935 181
935 172
936 28
936 59
936 74
936 161
936 142
936 72
937 160
937 119
937 175
937 96
937 59
937 113
938 41
938 183
938 38
938 24
938 81
938 47
939 157
939 24
939 135
939 34
939 38
939 159
940 150
940 30
940 24
940 28
940 136
940 5
941 36
941 90
941 50
941 124
941 92
941 43
942 2
942 149
942 67
942 103
942 185
942 24
943 76
943 149
943 80
943 137
943 119
943 24
944 4
944 180
944 172
944 24
944 49
944 96
945 34
945 121
945 176
945 109
945 24
945 101
946 130
946 30
946 102
946 24
946 80
946 41
947 80
947 60
947 30
947 165
947 69
947 166
948 151
948 130
948 2
948 24
948 97
948 90
949 24
949 172
949 115
949 56
949 67
949 69
950 183
950 72
950 188
950 46
950 34
950 24
951 2
951 170
951 142
951 4
951 115
951 175
952 121
952 109
952 175
952 181
952 24
952 113
953 121
953 135
953 130
953 115
953 180
953 110
954 24
954 167
954 180
954 25
954 145
954 30
955 144
955 165
955 64
955 100
955 81
955 67
956 142
956 175
956 47
956 172
956 41
956 24
957 159
957 24
957 93
957 142
957 44
957 43
958 175
958 24
958 57
958 180
958 187
958 75
959 139
959 144
959 142
959 175
959 130
959 46
960 167
960 4
960 87
960 180
960 130
960 24
961 115
961 87
961 41
961 24
961 96
961 36
962 51
962 116
962 57
962 42
962 56
962 72
963 24
963 113
963 36
963 147
963 98
963 110
964 151
964 43
964 130
964 119
964 91
964 85
965 4
965 122
965 82
965 172
965 24
965 135
966 24
966 75
966 34
966 110
966 30
966 89
967 170
967 41
967 121
967 184
967 80
967 100
968 151
968 133
968 34
968 87
968 135
968 56
969 24
969 113
969 183
969 157
969 165
969 25
970 24
970 107
970 77
970 46
970 25
970 5
971 28
971 67
971 37
971 41
971 5
971 145
972 24
972 49
972 132
972 151
972 36
972 92
973 30
973 125
973 180
973 24
973 2
973 175
974 56
974 37
974 137
974 149
974 119
974 112
975 34
975 143
975 119
975 164
975 24
975 102
976 36
976 170
976 124
976 157
976 61
976 45
977 56
977 130
977 157
977 136
977 143
977 67
978 183
978 107
978 30
978 122
978 24
978 92
979 24
979 162
979 67
979 69
979 25
979 43
980 27
980 121
980 157
980 115
980 75
980 72
981 30
981 62
981 186
981 130
981 36
981 27
982 67
982 167
982 144
982 24
982 82
982 52
983 4
983 60
983 98
983 100
983 143
983 145
984 135
984 85
984 24
984 76
984 56
984 67
985 157
985 74
985 72
985 76
985 69
985 49
986 24
986 30
986 124
986 25
986 160
986 51
987 162
987 100
987 108
987 143
987 119
987 138
988 168
988 84
988 24
988 157
988 67
988 98
989 159
989 56
989 157
989 168
989 60
989 90
990 24
990 161
990 130
990 25
990 92
990 27
991 157
991 180
991 82
991 34
991 168
991 165
992 143
992 107
992 132
992 36
992 110
992 87
993 181
993 165
993 24
993 132
993 104
993 25
994 93
994 175
994 157
994 3
994 67
994 149
995 92
995 90
995 36
995 24
995 25
995 135
996 82
996 147
996 146
996 121
996 143
996 125
997 74
997 109
997 111
997 3
997 50
997 101
998 150
998 3
998 100
998 51
998 117
998 121
999 117
999 149
999 3
999 121
999 24
999 158
1000 149
1000 60
1000 84
1000 24
1000 25
1000 138
1001 121
1001 107
1001 57
1001 50
1001 24
1001 164
1002 80
1002 69
1002 41
1002 5
1002 108
1002 24
1003 24
1003 181
1003 3
1003 37
1003 56
1003 183
1004 24
1004 181
1004 170
1004 64
1004 96
1004 27
1005 116
1005 76
1005 56
1005 98
1005 121
1005 149
1006 37
1006 24
1006 25
1006 27
1006 67
1006 115
1007 185
1007 165
1007 107
1007 130
1007 67
1007 132
1008 64
1008 87
1008 24
1008 188
1008 45
1008 130
1009 137
1009 76
1009 130
1009 89
1009 24
1009 181
1010 158
1010 96
1010 30
1010 111
1010 67
1010 132
1011 165
1011 122
1011 34
1011 188
1011 111
1011 130
1012 108
1012 172
1012 83
1012 80
1012 56
1012 34
1013 24
1013 25
1013 107
1013 27
1013 158
1013 74
1014 67
1014 42
1014 3
1014 107
1014 59
1014 74
1015 81
1015 84
1015 158
1015 165
1015 99
1015 103
1016 121
1016 24
1016 111
1016 130
1016 151
1016 57
1017 132
1017 101
1017 151
1017 24
1017 28
1017 96
1018 24
1018 133
1018 25
1018 27
1018 89
1018 172
1019 24
1019 25
1019 125
1019 72
1019 170
1019 96
1020 67
1020 3
1020 75
1020 76
1020 24
1020 172
1021 170
1021 181
1021 149
1021 24
1021 28
1021 116
1022 130
1022 80
1022 187
1022 158
1022 112
1022 24
1023 159
1023 50
1023 37
1023 96
1023 92
1023 144
1024 24
1024 72
1024 3
1024 5
1024 44
1024 159
1025 175
1025 100
1025 135
1025 146
1025 58
1025 130
1026 24
1026 162
1026 132
1026 41
1026 43
1026 187
1027 44
1027 77
1027 46
1027 37
1027 59
1027 112
1028 24
1028 25
1028 158
1028 135
1028 115
1028 172
1029 48
1029 87
1029 27
1029 58
1029 51
1029 165
1030 137
1030 130
1030 144
1030 24
1030 172
1030 25
1031 34
1031 74
1031 101
1031 41
1031 76
1031 24
1032 64
1032 96
1032 181
1032 183
1032 111
1032 185
1033 107
1033 139
1033 47
1033 51
1033 46
1033 158
1034 63
1034 42
1034 125
1034 90
1034 109
1034 37
1035 69
1035 125
1035 80
1035 161
1035 42
1035 109
1036 130
1036 30
1036 104
1036 80
1036 108
1036 170
1037 72
1037 37
1037 143
1037 81
1037 130
1037 24
1038 24
1038 158
1038 89
1038 37
1038 99
1038 96
1039 67
1039 137
1039 62
1039 60
1039 69
1039 158
1040 107
1040 57
1040 24
1040 181
1040 80
1040 69
1041 87
1041 81
1041 58
1041 24
1041 158
1041 181
1042 42
1042 44
1042 83
1042 27
1042 125
1042 85
1043 115
1043 69
1043 93
1043 125
1043 158
1043 130
1044 104
1044 130
1044 67
1044 165
1044 59
1044 107
1045 92
1045 149
1045 183
1045 146
1045 50
1045 130
1046 107
1046 130
1046 122
1046 76
1046 125
1046 132
1047 24
1047 138
1047 143
1047 87
1047 130
1047 135
1048 3
1048 38
1048 110
1048 63
1048 74
1048 149
1049 62
1049 83
1049 168
1049 181
1049 159
1049 188
1050 146
1050 110
1050 48
1050 139
1050 130
1050 115
1051 71
1051 167
1051 143
1051 162
1051 181
1051 3
1052 139
1052 132
1052 125
1052 34
1052 27
1052 89
1053 111
1053 59
1053 30
1053 24
1053 121
1053 144
1054 132
1054 108
1054 24
1054 67
1054 57
1054 59
1055 80
1055 69
1055 60
1055 71
1055 125
1055 107
1056 37
1056 24
1056 125
1056 165
1056 25
1056 27
1057 43
1057 111
1057 67
1057 125
1057 69
1057 57
1058 34
1058 74
1058 25
1058 58
1058 122
1058 63
1059 25
1059 135
1059 42
1059 101
1059 176
1059 83
1060 135
1060 90
1060 28
1060 143
1060 96
1060 85
1061 3
1061 158
1061 132
1061 89
1061 5
1061 85
1062 158
1062 67
1062 28
1062 58
1062 25
1062 181
1063 62
1063 34
1063 87
1063 27
1063 116
1063 3
1064 135
1064 25
1064 160
1064 121
1064 75
1064 96
1065 130
1065 181
1065 113
1065 143
1065 165
1065 184
1066 43
1066 67
1066 107
1066 181
1066 130
1066 34
1067 61
1067 80
1067 58
1067 63
1067 25
1067 183
1068 175
1068 25
1068 143
1068 168
1068 151
1068 144
1069 91
1069 110
1069 25
1069 183
1069 87
1069 125
1070 132
1070 98
1070 160
1070 172
1070 42
1070 3
1071 89
1071 38
1071 82
1071 58
1071 25
1071 69
1072 75
1072 116
1072 188
1072 137
1072 67
1072 160
1073 160
1073 67
1073 107
1073 59
1073 25
1073 162
1074 109
1074 181
1074 165
1074 87
1074 188
1074 25
1075 37
1075 181
1075 138
1075 61
1075 34
1075 96
1076 58
1076 39
1076 149
1076 110
1076 150
1076 121
1077 100
1077 112
1077 30
1077 175
1077 76
1077 115
1078 99
1078 181
1078 50
1078 60
1078 75
1078 121
1079 42
1079 151
1079 37
1079 3
1079 158
1079 25
1080 34
1080 138
1080 3
1080 172
1080 143
1080 84
1081 37
1081 89
1081 27
1081 28
1081 125
1081 30
1082 130
1082 58
1082 63
1082 38
1082 112
1082 92
1083 159
1083 167
1083 117
1083 108
1083 27
1083 170
1084 30
1084 160
1084 34
1084 71
1084 27
1084 115
1085 149
1085 89
1085 81
1085 138
1085 165
1085 97
1086 27
1086 172
1086 138
1086 58
1086 80
1086 63
1087 27
1087 51
1087 145
1087 121
1087 76
1087 130
1088 67
1088 80
1088 27
1088 58
1088 130
1088 167
1089 42
1089 37
1089 83
1089 145
1089 47
1089 71
1090 165
1090 34
1090 27
1090 185
1090 28
1090 30
1091 71
1091 83
1091 181
1091 144
1091 76
1091 117
1092 96
1092 121
1092 139
1092 158
1092 80
1092 47
1093 139
1093 175
1093 158
1093 89
1093 27
1093 146
1094 187
1094 165
1094 49
1094 87
1094 113
1094 3
1095 158
1095 84
1095 107
1095 185
1095 92
1095 97
1096 47
1096 170
1096 168
1096 165
1096 45
1096 145
1097 125
1097 104
1097 107
1097 121
1097 160
1097 108
1098 27
1098 30
1098 161
1098 181
1098 58
1098 136
1099 161
1099 188
1099 74
1099 165
1099 39
1099 42
1100 132
1100 135
1100 27
1100 108
1100 30
1100 34
1101 103
1101 27
1101 80
1101 30
1101 143
1101 107
1102 46
1102 27
1102 30
1102 77
1102 135
1102 91
1103 158
1103 175
1103 130
1103 48
1103 125
1103 27
1104 34
1104 48
1104 37
1104 100
1104 27
1104 116
1105 136
1105 27
1105 158
1105 165
1105 125
1105 42
1106 150
1106 60
1106 101
1106 96
1106 130
1106 158
1107 175
1107 67
1107 181
1107 99
1107 158
1107 59
1108 83
1108 30
1108 80
1108 34
1108 103
1108 160
1109 43
1109 122
1109 109
1109 27
1109 72
1109 143
1110 115
1110 4
1110 83
1110 143
1110 110
1110 51
1111 27
1111 144
1111 172
1111 158
1111 159
1111 122
1112 75
1112 158
1112 3
1112 107
1112 136
1112 27
1113 3
1113 167
1113 161
1113 74
1113 158
1113 5
1114 81
1114 85
1114 42
1114 44
1114 46
1114 138
1115 132
1115 3
1115 87
1115 144
1115 75
1115 52
1116 149
1116 107
1116 130
1116 175
1116 42
1116 147
1117 181
1117 121
1117 96
1117 34
1117 98
1117 3
1118 58
1118 89
1118 167
1118 181
1118 183
1118 38
1119 161
1119 27
1119 144
1119 30
1119 43
1119 69
1120 139
1120 91
1120 27
1120 69
1120 96
1120 30
1121 97
1121 186
1121 130
1121 82
1121 47
1121 91
1122 34
1122 121
1122 96
1122 144
1122 137
1122 183
1123 101
1123 58
1123 112
1123 37
1123 165
1123 170
1124 158
1124 109
1124 116
1124 74
1124 3
1124 42
1125 38
1125 80
1125 158
1125 159
1125 93
1125 181
1126 137
1126 145
1126 27
1126 121
1126 107
1126 139
1127 58
1127 80
1127 61
1127 82
1127 42
1127 5
1128 135
1128 96
1128 115
1128 146
1128 125
1128 84
1129 158
1129 42
1129 130
1129 27
1129 90
1129 159
1130 42
1130 170
1130 90
1130 186
1130 27
1130 44
1131 183
1131 159
1131 175
1131 27
1131 158
1131 34
1132 27
1132 101
1132 137
1132 172
1132 132
1132 183
1133 51
1133 67
1133 27
1133 80
1133 30
1133 50
1134 158
1134 27
1134 30
1134 175
1134 34
1134 5
1135 172
1135 3
1135 46
1135 61
1135 92
1135 175
1136 27
1136 67
1136 115
1136 150
1136 147
1136 158
1137 93
1137 147
1137 181
1137 113
1137 47
1137 27
1138 167
1138 34
1138 108
1138 48
1138 121
1138 58
1139 81
1139 130
1139 158
1139 121
1139 85
1139 111
1140 3
1140 115
1140 48
1140 149
1140 121
1140 84
1141 145
1141 27
1141 85
1141 181
1141 96
1141 149
1142 117
1142 167
1142 27
1142 4
1142 165
1142 74
1143 30
1143 116
1143 161
1143 27
1143 44
1143 108
1144 130
1144 145
1144 58
1144 89
1144 147
1144 52
1145 37
1145 175
1145 71
1145 130
1145 60
1145 63
1146 91
1146 74
1146 27
1146 43
1146 98
1146 76
1147 158
1147 71
1147 109
1147 74
1147 159
1147 37
1148 109
1148 34
1148 132
1148 75
1148 117
1148 150
1149 150
1149 168
1149 58
1149 115
1149 60
1149 96
1150 82
1150 184
1150 175
1150 3
1150 27
1150 132
1151 30
1151 62
1151 3
1151 87
1151 146
1151 64
1152 132
1152 121
1152 125
1152 172
1152 181
1152 167
1153 27
1153 185
1153 132
1153 30
1153 135
1153 172
1154 158
1154 85
1154 27
1154 181
1154 80
1154 30
1155 101
1155 167
1155 62
1155 135
1155 67
1155 92
1156 91
1156 132
1156 112
1156 138
1156 183
1156 170
1157 181
1157 27
1157 172
1157 5
1157 187
1157 30
1158 172
1158 158
1158 98
1158 27
1158 81
1158 60
1159 42
1159 111
1159 139
1159 3
1159 39
1159 77
1160 168
1160 80
1160 74
1160 34
1160 181
1160 37
1161 187
1161 58
1161 63
1161 67
1161 3
1161 27
1162 30
1162 90
1162 46
1162 96
1162 42
1162 34
1163 87
1163 58
1163 30
1163 107
1163 43
1163 151
1164 67
1164 132
1164 61
1164 4
1164 30
1164 89
1165 89
1165 3
1165 112
1165 107
1165 132
1165 82
1166 34
1166 160
1166 188
1166 121
1166 146
1166 30
1167 146
1167 58
1167 90
1167 162
1167 30
1167 34
1168 158
1168 160
1168 109
1168 30
1168 62
1168 63
1169 132
1169 37
1169 146
1169 58
1169 112
1169 30
1170 38
1170 30
1170 181
1170 34
1170 37
1170 42
1171 91
1171 80
1171 184
1171 58
1171 132
1171 158
1172 146
1172 147
1172 113
1172 89
1172 48
1172 58
1173 30
1173 63
1173 58
1173 87
1173 42
1173 115
1174 42
1174 49
1174 146
1174 150
1174 30
1174 87
1175 37
1175 146
1175 30
1175 115
1175 43
1175 58
1176 30
1176 72
1176 181
1176 183
1176 109
1176 185
1177 30
1177 158
1177 34
1177 137
1177 183
1177 38
1178 30
1178 46
1178 81
1178 89
1178 51
1178 98
1179 42
1179 181
1179 44
1179 149
1179 67
1179 30
1180 146
1180 47
1180 165
1180 132
1180 183
1180 158
1181 81
1181 184
1181 135
1181 137
1181 132
1181 150
1182 3
1182 77
1182 52
1182 187
1182 87
1182 62
1183 135
1183 181
1183 58
1183 30
1183 34
1183 107
1184 58
1184 116
1184 75
1184 76
1184 170
1184 121
1185 30
1185 135
1185 38
1185 87
1185 146
1185 34
1186 83
1186 175
1186 34
1186 187
1186 30
1186 58
1187 116
1187 181
1187 58
1187 132
1187 5
1187 96
1188 87
1188 172
1188 3
1188 43
1188 34
1188 115
1189 50
1189 82
1189 69
1189 175
1189 101
1189 102
1190 85
1190 172
1190 107
1190 110
1190 135
1190 162
1191 103
1191 71
1191 185
1191 137
1191 34
1191 80
1192 72
1192 93
1192 34
1192 135
1192 96
1192 46
1193 34
1193 167
1193 139
1193 38
1193 158
1193 42
1194 146
1194 90
1194 46
1194 137
1194 69
1194 98
1195 168
1195 42
1195 172
1195 104
1195 34
1195 96
1196 183
1196 146
1196 138
1196 34
1196 58
1196 38
1197 115
1197 63
1197 186
1197 64
1197 96
1197 184
1198 52
1198 158
1198 34
1198 82
1198 74
1198 80
1199 101
1199 3
1199 62
1199 34
1199 52
1199 38
1200 38
1200 137
1200 34
1200 62
1200 83
1200 139
1201 96
1201 136
1201 80
1201 67
1201 137
1201 146
1202 62
1202 175
1202 34
1202 135
1202 50
1202 167
1203 38
1203 146
1203 181
1203 71
1203 147
1203 183
1204 149
1204 63
1204 181
1204 62
1204 188
1204 158
1205 71
1205 146
1205 135
1205 69
1205 186
1205 64
1206 96
1206 69
1206 146
1206 51
1206 72
1206 115
1207 34
1207 135
1207 167
1207 158
1207 99
1207 146
1208 158
1208 136
1208 34
1208 91
1208 38
1208 160
1209 77
1209 39
1209 165
1209 175
1209 161
1209 137
1210 49
1210 146
1210 137
1210 69
1210 186
1210 82
1211 34
1211 137
1211 122
1211 96
1211 147
1211 42
1212 34
1212 183
1212 111
1212 165
1212 38
1212 137
1213 76
1213 71
1213 89
1213 149
1213 84
1213 34
1214 3
1214 34
1214 38
1214 58
1214 87
1214 146
1215 34
1215 38
1215 158
1215 146
1215 42
1215 44
1216 101
1216 58
1216 42
1216 44
1216 172
1216 158
1217 82
1217 158
1217 58
1217 34
1217 162
1217 96
1218 71
1218 158
1218 3
1218 93
1218 146
1218 165
1219 34
1219 107
1219 75
1219 42
1219 38
1219 44
1220 186
1220 42
1220 146
1220 137
1220 183
1220 167
1221 137
1221 67
1221 80
1221 82
1221 45
1221 34
1222 42
1222 149
1222 44
1222 38
1222 46
1222 34
1223 5
1223 3
1223 44
1223 38
1223 63
1223 89
1224 38
1224 122
1224 186
1224 165
1224 111
1224 44
1225 97
1225 93
1225 77
1225 69
1225 71
1225 74
1226 107
1226 122
1226 150
1226 108
1226 116
1226 43
1227 39
1227 101
1227 51
1227 137
1227 102
1227 181
1228 63
1228 137
1228 46
1228 139
1228 170
1228 146
1229 107
1229 62
1229 39
1229 165
1229 172
1229 101
1230 58
1230 107
1230 137
1230 48
1230 139
1230 46
1231 39
1231 93
1231 96
1231 43
1231 158
1231 44
1232 146
1232 71
1232 82
1232 39
1232 67
1232 85
1233 96
1233 122
1233 137
1233 139
1233 168
1233 146
1234 42
1234 67
1234 146
1234 58
1234 102
1234 137
1235 91
1235 96
1235 39
1235 42
1235 186
1235 44
1236 90
1236 39
1236 42
1236 96
1236 103
1236 67
1237 149
1237 58
1237 45
1237 77
1237 122
1237 74
1238 184
1238 137
1238 139
1238 108
1238 49
1238 158
1239 137
1239 96
1239 117
1239 98
1239 108
1239 122
1240 146
1240 137
1240 39
1240 87
1240 139
1240 75
1241 72
1241 75
1241 149
1241 137
1241 150
1241 110
1242 93
1242 87
1242 150
1242 146
1242 96
1242 82
1243 122
1243 59
1243 175
1243 167
1243 69
1243 39
1244 39
1244 175
1244 167
1244 137
1244 181
1244 44
1245 181
1245 82
1245 183
1245 113
1245 42
1245 44
1246 3
1246 67
1246 116
1246 172
1246 186
1246 42
1247 75
1247 181
1247 42
1247 76
1247 71
1247 44
1248 42
1248 137
1248 60
1248 44
1248 48
1248 146
1249 92
1249 137
1249 122
1249 71
1249 139
1249 42
1250 137
1250 185
1250 122
1250 42
1250 44
1250 139
1251 49
1251 43
1251 52
1251 122
1251 76
1251 90
1252 181
1252 113
1252 165
1252 107
1252 99
1252 42
1253 58
1253 42
1253 44
1253 146
1253 170
1253 107
1254 181
1254 48
1254 137
1254 82
1254 42
1254 139
1255 109
1255 42
1255 137
1255 113
1255 139
1255 146
1256 139
1256 42
1256 175
1256 89
1256 158
1256 101
1257 58
1257 162
1257 97
1257 60
1257 42
1257 185
1258 107
1258 181
1258 90
1258 97
1258 42
1258 87
1259 137
1259 122
1259 62
1259 58
1259 43
1259 69
1260 67
1260 188
1260 98
1260 181
1260 167
1260 43
1261 115
1261 138
1261 108
1261 89
1261 181
1261 146
1262 115
1262 67
1262 52
1262 158
1262 43
1262 137
1263 47
1263 104
1263 82
1263 83
1263 188
1263 181
1264 43
1264 44
1264 122
1264 150
1264 137
1264 89
1265 96
1265 43
1265 44
1265 46
1265 111
1265 116
1266 137
1266 150
1266 43
1266 49
1266 44
1266 46
1267 167
1267 122
1267 43
1267 82
1267 71
1267 46
1268 183
1268 48
1268 113
1268 75
1268 50
1268 43
1269 72
1269 172
1269 188
1269 139
1269 187
1269 150
1270 43
1270 137
1270 77
1270 82
1270 90
1270 67
1271 51
1271 165
1271 43
1271 183
1271 3
1271 58
1272 43
1272 87
1272 69
1272 93
1272 158
1272 159
1273 75
1273 43
1273 122
1273 44
1273 185
1273 147
1274 48
1274 117
1274 137
1274 85
1274 82
1274 43
1275 146
1275 84
1275 43
1275 50
1275 147
1275 184
1276 43
1276 102
1276 150
1276 183
1276 137
1276 44
1277 69
1277 71
1277 117
1277 137
1277 43
1277 188
1278 183
1278 43
1278 160
1278 44
1278 187
1278 71
1279 137
1279 43
1279 44
1279 139
1279 146
1279 82
1280 158
1280 72
1280 137
1280 58
1280 185
1280 183
1281 90
1281 158
1281 96
1281 165
1281 110
1281 102
1282 102
1282 96
1282 93
1282 115
1282 98
1282 69
1283 89
1283 183
1283 84
1283 43
1283 44
1283 46
1284 115
1284 69
1284 43
1284 183
1284 44
1284 109
1285 183
1285 89
1285 43
1285 107
1285 170
1285 158
1286 43
1286 137
1286 44
1286 58
1286 46
1286 77
1287 69
1287 89
1287 150
1287 158
1287 183
1287 137
1288 82
1288 43
1288 96
1288 76
1288 116
1288 160
1289 138
1289 43
1289 158
1289 44
1289 167
1289 82
1290 138
1290 90
1290 43
1290 167
1290 44
1290 101
1291 90
1291 69
1291 96
1291 49
1291 43
1291 59
1292 43
1292 101
1292 160
1292 96
1292 107
1292 108
1293 96
1293 43
1293 168
1293 184
1293 44
1293 3
1294 162
1294 43
1294 113
1294 158
1294 102
1294 138
1295 161
1295 109
1295 43
1295 138
1295 45
1295 47
1296 71
1296 75
1296 99
1296 167
1296 3
1296 146
1297 43
1297 69
1297 184
1297 147
1297 186
1297 172
1298 138
1298 170
1298 117
1298 49
1298 82
1298 186
1299 43
1299 3
1299 45
1299 113
1299 150
1299 162
1300 43
1300 138
1300 82
1300 45
1300 184
1300 113
1301 69
1301 72
1301 43
1301 45
1301 47
1301 49
1302 43
1302 45
1302 59
1302 75
1302 184
1302 71
1303 184
1303 97
1303 43
1303 45
1303 3
1303 167
1304 43
1304 113
1304 45
1304 161
1304 58
1304 158
1305 43
1305 109
1305 71
1305 116
1305 138
1305 146
1306 103
1306 43
1306 82
1306 161
1306 83
1306 184
1307 158
1307 151
1307 138
1307 85
1307 97
1307 43
1308 43
1308 75
1308 97
1308 184
1308 45
1308 71
1309 43
1309 45
1309 47
1309 138
1309 49
1309 184
1310 146
1310 43
1310 138
1310 76
1310 46
1310 49
1311 45
1311 97
1311 89
1311 138
1311 146
1311 49
1312 170
1312 3
1312 46
1312 59
1312 97
1312 138
1313 76
1313 46
1313 167
1313 90
1313 147
1313 49
1314 138
1314 46
1314 147
1314 115
1314 49
1314 108
1315 84
1315 165
1315 3
1315 184
1315 186
1315 77
1316 46
1316 49
1316 97
1316 184
1316 147
1316 115
1317 158
1317 63
1317 151
1317 97
1317 160
1317 62
1318 3
1318 46
1318 49
1318 82
1318 184
1318 51
1319 92
1319 97
1319 147
1319 184
1319 62
1319 89
1320 46
1320 160
1320 147
1320 162
1320 103
1320 82
1321 160
1321 82
1321 83
1321 3
1321 147
1321 138
1322 116
1322 89
1322 184
1322 186
1322 147
1322 82
1323 46
1323 71
1323 49
1323 138
1323 75
1323 3
1324 160
1324 46
1324 71
1324 186
1324 63
1324 49
1325 71
1325 46
1325 102
1325 49
1325 138
1325 160
1326 49
1326 51
1326 138
1326 84
1326 3
1326 147
1327 5
1327 113
1327 49
1327 3
1327 109
1327 147
1328 115
1328 89
1328 150
1328 62
1328 75
1328 184
1329 138
1329 49
1329 147
1329 72
1329 113
1329 82
1330 49
1330 97
1330 51
1330 58
1330 113
1330 60
1331 49
1331 138
1331 51
1331 93
1331 76
1331 188
1332 107
1332 49
1332 59
1332 109
1332 62
1332 51
1333 49
1333 58
1333 51
1333 167
1333 5
1333 60
1334 184
1334 49
1334 89
1334 51
1334 91
1334 82
1335 138
1335 184
1335 77
1335 115
1335 117
1335 62
1336 98
1336 59
1336 147
1336 60
1336 82
1336 167
1337 184
1337 49
1337 150
1337 138
1337 147
1337 186
1338 167
1338 49
1338 160
1338 165
1338 51
1338 184
1339 113
1339 71
1339 49
1339 167
1339 3
1339 75
1340 170
1340 90
1340 138
1340 147
1340 49
1340 92
1341 49
1341 75
1341 147
1341 187
1341 110
1341 71
1342 59
1342 62
1342 90
1342 184
1342 71
1342 186
1343 49
1343 77
1343 59
1343 101
1343 150
1343 51
1344 184
1344 49
1344 186
1344 160
1344 162
1344 76
1345 49
1345 147
1345 51
1345 3
1345 168
1345 89
1346 71
1346 138
1346 59
1346 3
1346 49
1346 82
1347 97
1347 63
1347 138
1347 49
1347 184
1347 51
1348 138
1348 147
1348 49
1348 82
1348 170
1348 150
1349 147
1349 167
1349 3
1349 49
1349 60
1349 160
1350 49
1350 99
1350 184
1350 138
1350 89
1350 51
1351 49
1351 51
1351 3
1351 172
1351 75
1351 138
1352 138
1352 167
1352 50
1352 51
1352 172
1352 90
1353 113
1353 50
1353 97
1353 115
1353 147
1353 60
1354 138
1354 50
1354 147
1354 184
1354 160
1354 150
1355 168
1355 4
1355 138
1355 92
1355 147
1355 160
1356 99
1356 71
1356 89
1356 50
1356 160
1356 51
1357 50
1357 147
1357 138
1357 76
1357 51
1357 82
1358 147
1358 150
1358 138
1358 50
1358 89
1358 160
1359 138
1359 4
1359 113
1359 147
1359 50
1359 98
1360 186
1360 138
1360 50
1360 147
1360 150
1360 160
1361 62
1361 50
1361 97
1361 138
1361 51
1361 59
1362 4
1362 51
1362 102
1362 113
1362 138
1362 147
1363 50
1363 51
1363 107
1363 76
1363 101
1363 83
1364 50
1364 139
1364 51
1364 167
1364 59
1364 115
1365 160
1365 168
1365 50
1365 115
1365 92
1365 51
1366 161
1366 50
1366 51
1366 147
1366 150
1366 115
1367 150
1367 97
1367 50
1367 184
1367 71
1367 186
1368 138
1368 109
1368 147
1368 50
1368 184
1368 186
1369 184
1369 50
1369 101
1369 51
1369 138
1369 115
1370 98
1370 107
1370 71
1370 184
1370 76
1370 50
1371 172
1371 99
1371 104
1371 97
1371 82
1371 50
1372 139
1372 147
1372 50
1372 51
1372 59
1372 60
1373 51
1373 98
1373 59
1373 89
1373 184
1373 167
1374 89
1374 51
1374 59
1374 62
1374 60
1374 63
1375 170
1375 150
1375 76
1375 161
1375 82
1375 172
1376 139
1376 147
1376 93
1376 113
1376 115
1376 150
1377 51
1377 82
1377 147
1377 59
1377 150
1377 139
1378 139
1378 59
1378 71
1378 82
1378 147
1378 51
1379 168
1379 184
1379 186
1379 51
1379 76
1379 62
1380 4
1380 184
1380 186
1380 139
1380 160
1380 162
1381 5
1381 72
1381 147
1381 139
1381 51
1381 93
1382 150
1382 139
1382 51
1382 184
1382 147
1382 101
1383 62
1383 113
1383 147
1383 115
1383 63
1383 5
1384 147
1384 51
1384 71
1384 59
1384 97
1384 83
1385 98
1385 139
1385 147
1385 76
1385 82
1385 92
1386 167
1386 82
1386 109
1386 76
1386 139
1386 51
1387 51
1387 59
1387 83
1387 60
1387 147
1387 109
1388 160
1388 107
1388 162
1388 89
1388 62
1388 103
1389 51
1389 59
1389 60
1389 113
1389 167
1389 107
1390 52
1390 59
1390 139
1390 101
1390 170
1390 60
1391 90
1391 139
1391 107
1391 5
1391 147
1391 52
1392 184
1392 52
1392 59
1392 147
1392 188
1392 160
1393 52
1393 4
1393 59
1393 60
1393 71
1393 139
1394 115
1394 4
1394 184
1394 83
1394 139
1394 60
1395 60
1395 83
1395 62
1395 139
1395 170
1395 147
1396 52
1396 92
1396 60
1396 62
1396 139
1396 116
1397 52
1397 139
1397 147
1397 83
1397 85
1397 161
1398 72
1398 83
1398 52
1398 76
1398 85
1398 60
1399 83
1399 91
1399 160
1399 52
1399 60
1399 76
1400 160
1400 170
1400 99
1400 139
1400 108
1400 92
1401 91
1401 52
1401 4
1401 60
1401 147
1401 62
1402 52
1402 139
1402 147
1402 170
1402 108
1402 184
1403 147
1403 108
1403 83
1403 52
1403 115
1403 60
1404 52
1404 184
1404 83
1404 160
1404 162
1404 167
1405 52
1405 60
1405 170
1405 160
1405 167
1405 139
1406 139
1406 4
1406 97
1406 108
1406 167
1406 110
1407 184
1407 109
1407 160
1407 52
1407 60
1407 62
1408 52
1408 187
1408 139
1408 60
1408 62
1408 113
1409 83
1409 184
1409 150
1409 72
1409 113
1409 139
1410 139
1410 76
1410 188
1410 147
1410 52
1410 108
1411 83
1411 139
1411 91
1411 72
1411 52
1411 60
1412 187
1412 83
1412 139
1412 60
1412 52
1412 72
1413 52
1413 60
1413 62
1413 97
1413 63
1413 72
1414 52
1414 139
1414 76
1414 151
1414 97
1414 99
1415 83
1415 85
1415 91
1415 52
1415 147
1415 184
1416 60
1416 184
1416 52
1416 62
1416 63
1416 187
1417 139
1417 147
1417 91
1417 150
1417 160
1417 52
1418 72
1418 52
1418 76
1418 160
1418 60
1418 62
1419 60
1419 83
1419 52
1419 139
1419 62
1419 63
1420 4
1420 52
1420 150
1420 60
1420 63
1420 108
1421 103
1421 63
1421 60
1421 160
1421 52
1421 72
1422 151
1422 83
1422 188
1422 85
1422 52
1422 72
1423 184
1423 139
1423 60
1423 83
1423 4
1423 187
1424 97
1424 170
1424 162
1424 83
1424 167
1424 77
1425 77
1425 52
1425 139
1425 147
1425 4
1425 98
1426 139
1426 5
1426 172
1426 187
1426 104
1426 160
1427 147
1427 116
1427 72
1427 184
1427 91
1427 150
1428 52
1428 77
1428 170
1428 102
1428 139
1428 83
1429 52
1429 147
1429 184
1429 60
1429 139
1429 187
1430 160
1430 4
1430 168
1430 139
1430 147
1430 162
1431 139
1431 52
1431 60
1431 161
1431 77
1431 83
1432 113
1432 52
1432 139
1432 85
1432 60
1432 184
1433 4
1433 52
1433 77
1433 150
1433 60
1433 83
1434 98
1434 184
1434 83
1434 167
1434 139
1434 170
1435 162
1435 83
1435 139
1435 115
1435 147
1435 52
1436 160
1436 77
1436 52
1436 139
1436 104
1436 150
1437 160
1437 184
1437 162
1437 139
1437 4
1437 83
1438 52
1438 60
1438 184
1438 104
1438 150
1438 160
1439 139
1439 184
1439 151
1439 52
1439 60
1439 160
1440 167
1440 52
1440 60
1440 77
1440 150
1440 162
1441 52
1441 108
1441 184
1441 139
1441 160
1441 150
1442 52
1442 139
1442 98
1442 160
1442 83
1442 117
1443 52
1443 117
1443 60
1443 139
1443 77
1443 150
1444 160
1444 139
1444 52
1444 99
1444 60
1444 184
1445 139
1445 52
1445 60
1445 77
1445 115
1445 151
1446 60
1446 167
1446 184
1446 98
1446 115
1446 52
1447 139
1447 84
1447 52
1447 60
1447 150
1447 91
1448 4
1448 60
1448 52
1448 77
1448 108
1448 83
1449 150
1449 184
1449 52
1449 139
1449 108
1449 160
1450 83
1450 160
1450 52
1450 77
1450 60
1450 85
1451 52
1451 162
1451 60
1451 4
1451 77
1451 150
1452 139
1452 150
1452 160
1452 4
1452 52
1452 60
1453 52
1453 184
1453 60
1453 139
1453 84
1453 150
1454 160
1454 150
1454 162
1454 101
1454 108
1454 52
1455 117
1455 52
1455 150
1455 160
1455 4
1455 60
1456 77
1456 160
1456 187
1456 167
1456 52
1456 91
1457 77
1457 85
1457 150
1457 52
1457 160
1457 162
1458 184
1458 150
1458 172
1458 187
1458 160
1458 60
1459 184
1459 167
1459 52
1459 83
1459 60
1459 187
1460 52
1460 60
1460 168
1460 150
1460 77
1460 83
1461 150
1461 160
1461 162
1461 91
1461 187
1461 60
1462 4
1462 52
1462 117
1462 60
1462 77
1462 83
1463 184
1463 52
1463 60
1463 150
1463 77
1463 160
1464 115
1464 184
1464 187
1464 60
1464 77
1464 117
1465 160
1465 150
1465 52
1465 108
1465 85
1465 91
1466 168
1466 4
1466 172
1466 60
1466 115
1466 77
1467 188
1467 184
1467 187
1467 110
1467 160
1467 52
1468 160
1468 117
1468 5
1468 101
1468 104
1468 77
1469 77
1469 60
1469 101
1469 167
1469 150
1469 52
1470 52
1470 150
1470 60
1470 160
1470 162
1470 77
1471 101
1471 150
1471 167
1471 160
1471 162
1471 77
1472 98
1472 4
1472 109
1472 160
1472 187
1472 99
1473 150
1473 52
1473 60
1473 77
1473 160
1473 167
1474 52
1474 172
1474 150
1474 60
1474 184
1474 77
1475 160
1475 184
1475 52
1475 91
1475 60
1475 83
1476 172
1476 187
1476 83
1476 52
1476 167
1476 150
1477 150
1477 52
1477 108
1477 160
1477 77
1477 184
1478 92
1478 184
1478 150
1478 4
1478 187
1478 98
1479 150
1479 91
1479 77
1479 167
1479 172
1479 83
1480 184
1480 117
1480 150
1480 77
1480 103
1480 187
1481 4
1481 184
1481 91
1481 161
1481 77
1481 98
1482 83
1482 109
1482 91
1482 85
1482 184
1482 161
1483 150
1483 184
1483 99
1483 187
1483 161
1483 188
1484 150
1484 161
1484 117
1484 187
1484 188
1484 77
1485 5
1485 101
1485 77
1485 150
1485 83
1485 85
1486 77
1486 150
1486 83
1486 85
1486 91
1486 92
1487 83
1487 150
1487 172
1487 161
1487 93
1487 91
1488 77
1488 150
1488 161
1488 188
1488 5
1488 83
1489 150
1489 108
1489 77
1489 83
1489 85
1489 91
1490 101
1490 150
1490 103
1490 83
1490 85
1490 91
1491 83
1491 85
1491 91
1491 92
1491 98
1491 150
1492 83
1492 85
1492 98
1492 167
1492 91
1492 92
1493 84
1493 150
1493 161
1493 91
1493 92
1493 5
1494 187
1494 84
1494 92
1494 151
1494 5
1494 161
1495 84
1495 92
1495 187
1495 188
1495 151
1495 108
1496 84
1496 187
1496 92
1496 98
1496 99
1496 172
1497 84
1497 167
1497 92
1497 187
1497 98
1497 109
1498 167
1498 115
1498 98
1498 151
1498 187
1498 161
1499 103
1499 84
1499 161
1499 92
1499 151
1499 167
1500 151
1500 84
1500 92
1500 98
1500 161
1500 99
1501 84
1501 92
1501 187
1501 151
1501 161
1501 98
1502 84
1502 187
1502 92
1502 98
1502 99
1502 101
1503 187
1503 161
1503 84
1503 151
1503 5
1503 167
1504 151
1504 110
1504 84
1504 92
1504 99
1504 115
1505 84
1505 92
1505 98
1505 99
1505 101
1505 102
1506 84
1506 92
1506 98
1506 99
1506 101
1506 161
1507 187
1507 84
1507 92
1507 98
1507 167
1507 99
1508 108
1508 84
1508 151
1508 5
1508 92
1508 161
1509 84
1509 92
1509 99
1509 151
1509 161
1509 98
1510 99
1510 187
1510 98
1510 84
1510 151
1510 161
1511 151
1511 161
1511 84
1511 167
1511 92
1511 187
1512 84
1512 92
1512 98
1512 99
1512 151
1512 161
1513 84
1513 92
1513 98
1513 115
1513 99
1513 187
1514 102
1514 99
1514 151
1514 187
1514 104
1514 188
1515 151
1515 98
1515 92
1515 84
1515 99
1515 5
1516 151
1516 161
1516 84
1516 167
1516 92
1516 98
1517 161
1517 84
1517 92
1517 187
1517 98
1517 188
1518 84
1518 161
1518 92
1518 98
1518 99
1518 167
1519 161
1519 84
1519 92
1519 98
1519 99
1519 187
1520 161
1520 98
1520 85
1520 187
1520 92
1520 99
1521 161
1521 167
1521 187
1521 188
1521 5
1521 84
1522 187
1522 188
1522 102
1522 161
1522 5
1522 84
1523 84
1523 92
1523 161
1523 187
1523 98
1523 99
1524 161
1524 167
1524 103
1524 187
1524 188
1524 5
1525 98
1525 161
1525 167
1525 187
1525 84
1525 188
1526 84
1526 187
1526 188
1526 92
1526 98
1526 117
1527 84
1527 92
1527 98
1527 109
1527 99
1527 101
1528 161
1528 167
1528 98
1528 187
1528 84
1528 188
1529 84
1529 93
1529 102
1529 98
1529 99
1529 167
1530 84
1530 93
1530 98
1530 99
1530 161
1530 115
1531 161
1531 187
1531 188
1531 93
1531 84
1531 110
1532 84
1532 93
1532 98
1532 99
1532 101
1532 187
1533 84
1533 93
1533 161
1533 167
1533 98
1533 99
1534 5
1534 161
1534 93
1534 84
1534 98
1534 187
1535 84
1535 93
1535 98
1535 187
1535 99
1535 101
1536 93
1536 161
1536 167
1536 84
1536 115
1536 98
1537 84
1537 93
1537 98
1537 103
1537 161
1537 99
1538 84
1538 93
1538 98
1538 99
1538 167
1538 187
1539 84
1539 93
1539 98
1539 99
1539 101
1539 102
1540 84
1540 188
1540 93
1540 98
1540 99
1540 5
1541 167
1541 187
1541 84
1541 5
1541 93
1541 98
1542 187
1542 84
1542 93
1542 115
1542 98
1542 188
1543 84
1543 187
1543 167
1543 93
1543 110
1543 98
1544 167
1544 84
1544 108
1544 187
1544 93
1544 188
1545 168
1545 187
1545 84
1545 188
1545 93
1545 98
1546 108
1546 85
1546 168
1546 188
1546 5
1546 93
1547 168
1547 115
1547 188
1547 84
1547 93
1547 5
1548 188
1548 84
1548 93
1548 168
1548 98
1548 99
1549 168
1549 85
1549 93
1549 188
1549 5
1549 98
1550 5
1550 168
1550 84
1550 108
1550 188
1550 93
1551 168
1551 188
1551 5
1551 84
1551 93
1551 98
1552 84
1552 188
1552 109
1552 93
1552 5
1552 98
1553 84
1553 168
1553 93
1553 98
1553 99
1553 188
1554 5
1554 188
1554 99
1554 93
1554 84
1554 101
1555 115
1555 188
1555 5
1555 99
1555 84
1555 93
1556 84
1556 188
1556 99
1556 5
1556 101
1556 102
1557 188
1557 5
1557 99
1557 85
1557 109
1557 102
1558 85
1558 5
1558 188
1558 99
1558 102
1558 104
1559 188
1559 5
1559 85
1559 115
1559 99
1559 102
1560 188
1560 85
1560 99
1560 5
1560 102
1560 104
1561 85
1561 99
1561 102
1561 188
1561 104
1561 5
1562 85
1562 99
1562 188
1562 102
1562 104
1562 5
1563 85
1563 99
1563 188
1563 5
1563 102
1563 104
1564 188
1564 85
1564 99
1564 102
1564 104
1564 109
1565 188
1565 85
1565 99
1565 102
1565 104
1565 109
1566 188
1566 85
1566 99
1566 102
1566 104
1566 109
1567 188
1567 99
1567 103
1567 85
1567 109
1567 115
1568 85
1568 99
1568 102
1568 104
1568 109
1568 115
1569 109
1569 85
1569 99
1569 102
1569 104
1569 115
1570 85
1570 102
1570 99
1570 104
1570 109
1570 115
1571 85
1571 99
1571 102
1571 104
1571 109
1571 115
1572 85
1572 99
1572 102
1572 104
1572 109
1572 115
1573 85
1573 99
1573 102
1573 104
1573 109
1573 115
1574 99
1574 85
1574 102
1574 104
1574 109
1574 117
1575 85
1575 99
1575 102
1575 104
1575 109
1575 115
1576 85
1576 99
1576 103
1576 109
1576 117
1577 85
1577 117
1577 99
1577 103
1577 109
1578 85
1578 99
1578 103
1578 109
1578 117
1579 85
1579 99
1579 103
1579 109
1579 117
1580 85
1580 99
1580 103
1580 109
1580 117
1581 85
1581 99
1581 103
1581 117
1582 85
1582 103
1582 117
1583 85
1583 103
1583 117
1584 85
1584 103
1584 117
1585 85
1585 103
1585 117
1586 85
1586 103
1586 117
1587 85
1587 103
1587 117
1588 85
1588 103
1588 117
1589 85
1589 103
1589 117
1590 85
1590 103
1590 117
1591 103
1591 117
1592 103
1592 117
1593 103
1593 117
1594 103
1594 117
1595 103
1595 117
1596 103
1596 117
1597 103
1597 117
1598 103
1598 117
1599 103
1599 117
1600 103
1600 117
1601 103
1601 117
1602 103
1602 117
1603 103
1603 117
1604 103
1604 117
1605 117
1605 103
1606 103
1606 117
1607 103
1607 117
1608 103
1608 117
1609 103
1609 117
1610 103
1610 117
1611 103
1611 117
1612 103
1612 117
1613 103
1613 117
1614 103
1614 117
1615 104
1615 117
1616 104
1616 117
1617 104
1618 104
1619 104
1620 104
1621 104
1622 104
1623 104
1624 104
1625 104
1626 104
1627 104
1628 104
1629 104
1630 104
1631 104
1632 104
1633 104
1634 104
1635 104
1636 104
1637 104
1638 104
1639 104
1640 104
1641 104
1642 104
1643 104
1644 104
1645 104
1646 104
1647 104
