0 87
1 124
2 26
3 133
4 7
5 25
6 93
7 170
8 121
9 48
10 172
11 106
12 106
13 18
14 87
15 161
16 18
17 127
18 133
19 27
20 176
21 71
22 12
23 137
24 174
25 116
26 117
27 66
28 47
29 69
30 13
31 113
32 24
33 100
34 27
35 120
36 98
37 61
38 122
39 147
40 122
41 33
42 30
43 95
44 102
45 115
46 34
47 106
48 48
49 125
50 88
51 163
52 39
53 90
54 113
55 90
56 58
57 35
58 105
59 104
60 32
61 99
62 102
63 145
64 131
65 131
66 53
67 3
68 27
69 105
70 40
71 33
72 18
73 128
74 17
75 157
76 168
77 134
78 130
79 2
80 143
81 176
82 118
83 86
84 12
85 88
86 15
87 28
88 88
89 165
90 66
91 38
92 84
93 136
94 140
95 8
96 151
97 89
98 105
99 118
100 84
101 27
102 119
103 49
104 132
105 54
106 166
107 103
108 158
109 7
110 124
111 115
112 107
113 119
114 17
115 134
116 79
117 144
118 153
119 36
120 11
121 125
122 104
123 130
124 86
125 159
126 119
127 39
128 17
129 144
130 108
131 9
132 68
133 74
134 75
135 91
136 174
137 157
138 162
139 141
140 28
141 8
142 29
143 34
144 61
145 66
146 91
147 3
148 172
149 33
150 130
151 168
152 74
153 91
154 153
155 150
156 117
157 55
158 66
159 31
160 144
161 103
162 159
163 161
164 127
165 165
166 120
167 105
168 141
169 46
170 34
171 124
172 109
173 150
174 135
175 157
176 167
177 28
178 41
179 116
180 11
181 115
182 97
183 149
184 5
185 38
186 178
187 43
188 151
189 112
190 66
191 67
192 78
193 64
194 9
195 56
196 150
197 112
198 108
199 177
200 35
201 64
202 169
203 58
204 169
205 44
206 135
207 105
208 178
209 30
210 95
211 37
212 24
213 52
214 53
215 2
216 22
217 170
218 9
219 159
220 169
221 53
222 38
223 173
224 129
225 157
226 50
227 48
228 103
229 169
230 39
231 130
232 141
233 38
234 179
235 77
236 79
237 132
238 130
239 9
240 43
241 47
242 89
243 54
244 59
245 75
246 62
247 41
248 123
249 55
250 45
251 14
252 80
253 136
254 63
255 64
256 78
257 108
258 91
259 41
260 14
261 109
262 136
263 143
264 149
265 145
266 179
267 92
268 105
269 90
270 165
271 16
272 171
273 161
