0 4
1 66
2 60
3 53
4 42
5 112
6 3
7 101
8 18
9 23
10 31
11 38
12 18
13 57
14 39
15 46
16 136
17 83
18 73
19 92
20 122
21 82
22 16
23 62
24 86
25 124
26 86
27 17
28 110
29 7
30 3
31 121
32 143
33 14
34 19
35 116
36 77
37 72
38 35
39 76
40 13
41 72
42 63
43 53
44 75
45 65
46 54
47 157
48 4
49 100
50 31
51 99
52 65
53 40
54 109
55 35
56 56
57 101
58 38
59 116
60 119
61 73
62 120
63 108
64 126
65 136
66 150
67 78
68 6
69 9
70 105
71 142
72 155
73 76
74 100
75 15
76 113
77 129
78 62
79 31
80 78
81 149
82 72
83 132
84 116
85 93
86 80
87 134
88 153
89 22
90 97
91 110
92 137
93 146
94 110
95 115
96 111
97 151
98 148
99 29
100 68
101 148
102 119
103 129
104 3
105 89
106 75
107 43
108 140
109 87
110 52
111 141
112 134
113 20
114 8
115 115
116 91
117 89
118 148
119 124
120 104
121 18
122 48
123 129
124 32
125 144
126 125
127 113
128 63
129 151
130 50
131 31
132 103
133 143
134 115
135 18
136 159
137 49
138 53
139 27
140 133
141 83
142 60
143 23
144 125
145 95
146 4
147 101
148 34
149 127
150 119
151 150
152 56
153 134
154 17
155 53
156 70
157 68
158 141
159 86
160 25
161 87
162 114
163 71
164 54
165 53
166 66
167 136
168 142
169 19
170 36
171 55
172 144
173 114
174 29
175 110
176 102
177 30
178 31
179 90
180 39
181 72
182 71
183 100
184 21
185 16
186 2
187 16
188 32
189 26
190 132
191 81
192 96
193 29
194 144
195 81
196 160
197 17
198 36
199 105
200 98
201 52
202 19
203 126
204 151
205 4
206 120
207 102
208 21
209 23
210 124
211 15
212 91
213 15
214 153
215 139
216 147
217 52
218 94
219 105
220 123
221 86
222 155
223 128
224 49
225 24
226 150
227 145
228 6
229 118
230 127
231 108
232 91
233 105
234 152
235 35
236 4
237 1
238 54
239 31
240 47
241 44
242 75
243 97
244 127
245 75
246 64
247 90
248 78
249 144
250 70
251 85
252 99
253 67
254 27
255 109
256 159
257 144
258 32
259 29
260 58
261 129
262 11
263 45
264 5
265 5
266 125
267 30
268 88
269 130
270 96
271 72
272 118
273 96
274 151
275 75
276 69
277 94
278 65
279 42
280 65
281 79
282 73
283 55
