0 57
1 34
2 2
3 91
4 33
5 98
6 25
7 41
8 99
9 37
10 22
11 11
12 51
13 99
14 29
15 11
16 67
17 96
18 18
19 74
20 62
21 61
22 64
23 32
24 77
25 95
26 71
27 64
28 56
29 45
30 6
31 85
32 36
33 81
34 15
35 88
36 73
37 3
38 83
39 77
40 100
41 90
42 99
43 32
44 6
45 11
46 33
47 1
48 70
49 61
50 33
51 74
52 66
53 69
54 75
55 70
56 88
57 91
58 2
59 50
60 56
61 60
62 2
63 68
64 27
65 83
66 29
67 76
68 77
69 28
70 28
71 78
72 42
73 54
74 11
75 38
76 9
77 65
78 19
79 88
80 71
81 88
82 22
83 64
84 63
85 54
86 48
87 87
88 6
89 15
90 2
91 83
92 38
93 65
94 88
95 97
96 96
97 80
98 40
99 52
100 64
101 35
102 77
103 86
104 15
105 61
106 1
107 96
108 50
109 80
110 2
111 14
112 45
113 56
114 21
115 49
116 45
117 88
118 25
119 76
120 63
121 18
122 23
123 24
124 94
125 27
126 72
127 59
128 19
129 86
130 97
131 16
132 96
133 72
134 8
135 24
136 87
137 72
138 40
139 67
140 48
141 77
142 46
143 22
144 41
145 76
146 14
147 15
148 2
149 62
150 63
151 26
152 36
153 100
154 78
155 6
156 84
157 1
158 46
159 47
160 77
161 88
162 77
163 93
164 13
165 60
166 80
167 82
168 42
169 72
170 82
171 48
172 2
173 59
174 13
175 47
176 52
177 68
178 33
179 73
180 4
181 48
182 81
183 75
184 50
185 56
186 73
187 90
188 61
189 32
190 28
191 56
192 94
193 85
194 49
195 57
196 54
197 10
198 86
199 50
200 57
201 31
202 44
203 86
204 53
205 74
206 23
207 70
208 69
209 61
210 94
211 85
212 1
213 63
214 85
