0 96
1 18
2 39
3 17
4 62
5 4
6 90
7 24
8 5
9 32
10 58
11 30
12 84
13 89
14 14
15 11
16 13
17 1
18 34
19 58
20 88
21 22
22 37
23 5
24 91
25 18
26 27
27 10
28 43
29 84
30 94
31 54
32 39
33 79
34 24
35 46
36 96
37 90
38 70
39 11
40 92
41 54
42 39
43 16
44 5
45 31
46 8
47 100
48 9
49 55
50 51
51 59
52 94
53 74
54 69
55 51
56 57
57 14
58 34
59 87
60 67
61 94
62 65
63 54
64 80
65 88
66 72
67 5
68 31
69 2
70 2
71 83
72 58
73 78
74 82
75 48
76 35
77 80
78 97
79 87
80 17
81 52
82 83
83 53
84 6
85 52
86 8
87 12
88 68
89 70
90 89
91 6
92 30
93 66
94 61
95 90
96 49
97 16
98 24
99 85
100 15
101 27
102 23
103 84
104 64
105 72
106 7
107 91
108 44
109 77
110 34
111 19
112 67
113 49
114 29
115 92
116 30
117 44
118 95
119 43
120 54
121 98
122 52
123 74
124 15
125 14
126 47
127 36
128 86
129 1
130 11
131 85
132 53
133 33
134 81
135 52
136 24
137 21
138 67
139 42
