0 85
1 1
2 60
3 92
4 82
5 1
6 70
7 11
8 30
9 56
10 47
11 32
12 14
13 37
14 85
15 47
16 35
17 20
18 45
19 93
20 46
21 4
22 42
23 1
24 83
25 44
26 41
27 15
28 49
29 66
30 23
31 30
32 52
33 4
34 42
35 27
36 98
37 97
38 47
39 12
40 75
41 96
42 95
43 81
44 63
45 57
46 12
47 52
48 58
49 59
50 72
51 82
52 58
53 46
54 69
55 5
56 98
57 26
58 45
59 65
60 78
61 50
62 21
63 85
64 73
65 27
66 37
67 84
68 71
69 17
70 34
71 45
72 41
73 98
74 1
75 59
76 30
77 45
78 1
79 33
80 69
81 26
82 14
83 33
84 11
85 33
86 38
87 51
88 55
89 76
90 5
91 33
92 1
93 94
94 91
95 1
96 1
97 37
98 39
99 98
100 30
101 77
102 97
103 29
104 73
105 41
106 41
107 56
108 39
109 93
110 26
111 95
112 50
113 8
114 99
115 23
116 33
117 43
118 1
119 85
120 22
121 51
122 45
123 43
124 66
125 93
126 63
127 33
128 74
129 18
130 44
131 16
132 8
133 56
134 64
135 73
136 32
137 13
138 48
139 10
140 97
141 16
142 62
143 45
144 97
145 81
146 39
147 61
148 89
149 45
150 12
151 86
152 72
153 46
154 61
155 77
156 6
157 54
158 23
159 74
160 36
161 13
162 95
163 54
164 18
165 91
166 90
167 94
168 74
169 22
170 59
171 61
172 23
173 50
174 29
175 31
176 78
177 97
178 84
179 9
180 83
181 82
182 50
183 56
184 68
185 73
186 44
187 22
188 20
189 63
190 23
191 62
192 65
193 87
194 41
195 99
196 38
197 97
198 35
199 25
200 47
201 42
202 46
203 60
204 3
205 83
206 65
207 9
208 50
209 43
210 28
211 10
212 6
213 35
214 97
215 8
216 88
217 60
218 99
219 55
220 71
221 50
222 65
223 96
224 46
225 51
226 12
227 50
228 82
229 34
230 67
231 92
232 56
233 54
234 82
235 1
236 97
237 42
238 84
239 43
240 35
241 82
242 41
243 3
244 91
245 81
246 75
247 5
248 5
249 84
250 47
251 23
252 64
253 95
254 27
255 71
256 34
257 3
258 34
259 38
260 85
261 59
262 60
263 9
264 64
265 81
266 98
267 86
268 11
269 38
270 4
271 87
272 33
273 72
274 95
275 15
276 20
277 65
278 34
279 69
280 13
281 31
282 67
283 60
284 10
285 67
286 20
287 37
288 8
289 53
290 31
291 79
292 47
293 46
294 22
295 16
296 90
297 72
298 43
299 5
300 33
301 85
302 74
303 93
304 19
305 56
306 80
307 98
308 6
309 98
310 80
311 28
312 18
313 13
314 64
315 14
316 22
317 73
318 29
319 89
320 34
321 35
322 94
323 12
324 94
325 40
326 72
