0 22
1 18
2 4
3 2
4 14
5 29
6 23
7 25
8 6
9 20
10 3
11 8
12 27
13 38
14 40
15 10
16 9
17 32
18 14
19 25
20 34
21 10
22 35
23 26
24 1
25 9
26 11
27 18
28 20
29 40
30 10
31 17
32 7
33 14
34 27
35 5
36 25
37 2
38 33
39 3
40 36
41 35
42 24
43 17
44 25
45 34
46 36
47 10
48 2
49 15
50 25
51 29
52 5
53 20
54 27
55 15
56 32
57 40
58 17
59 14
60 7
61 20
62 2
63 38
64 5
65 5
66 2
67 31
68 40
69 3
70 12
71 4
72 14
73 30
74 18
75 23
76 3
77 4
78 26
79 21
80 16
81 8
82 35
83 31
84 31
85 25
86 1
87 25
88 4
89 7
90 18
91 26
92 24
93 23
94 1
95 39
96 7
97 26
98 6
99 14
100 38
101 31
102 23
103 37
104 27
105 2
106 37
107 8
108 21
109 22
110 24
111 34
112 40
113 18
114 23
115 23
116 21
117 22
118 40
119 25
120 2
121 6
122 36
123 40
124 3
125 28
126 36
127 20
128 29
129 40
130 18
131 7
132 18
133 32
134 20
135 12
136 28
137 11
138 28
139 34
140 24
141 25
142 10
143 5
144 40
145 17
146 30
147 32
148 34
149 29
150 10
151 20
152 27
153 29
154 6
155 16
156 30
157 10
158 13
159 23
160 33
161 36
162 40
163 8
164 7
165 5
166 40
167 34
168 12
169 31
170 7
171 20
172 11
173 4
174 8
175 29
176 29
177 13
178 32
179 35
180 3
181 12
182 22
183 6
184 25
185 23
186 21
187 20
188 32
189 6
190 27
191 30
192 7
193 25
194 14
195 3
196 26
197 3
198 13
199 16
200 34
201 10
202 9
203 23
204 39
205 5
206 20
207 12
208 27
209 24
210 29
211 6
212 38
213 31
214 36
215 29
216 19
217 32
218 15
219 13
220 14
221 38
222 30
223 12
224 14
225 12
226 2
227 5
228 21
229 2
230 28
231 37
232 4
233 31
234 12
235 34
236 8
237 27
238 5
239 11
240 19
241 8
242 39
243 7
244 1
245 11
246 17
247 7
248 11
249 15
250 10
251 20
252 1
253 14
254 23
255 17
256 5
257 29
258 11
259 17
260 8
261 11
262 14
263 14
264 9
265 15
266 11
267 4
268 24
269 8
270 11
271 39
272 33
273 4
274 7
275 2
276 19
277 36
278 35
279 8
280 25
281 40
282 5
283 20
284 9
285 11
286 33
287 24
288 32
