0 40
1 46
2 89
3 65
4 86
5 63
6 83
7 28
8 29
9 32
10 32
11 48
12 62
13 38
14 40
15 15
16 36
17 96
18 31
19 90
20 58
21 76
22 7
23 32
24 19
25 79
26 27
27 71
28 6
29 63
30 6
31 32
32 23
33 33
34 18
35 1
36 21
37 65
38 88
39 60
40 6
41 73
42 1
43 49
44 2
45 81
46 35
47 5
48 51
49 6
50 44
51 85
52 33
53 19
54 96
55 76
56 16
57 31
58 9
59 50
60 82
61 52
62 26
63 63
64 46
65 50
66 73
67 44
68 12
69 52
70 83
71 37
72 1
73 60
74 19
75 8
76 24
77 20
78 84
79 3
80 88
81 95
82 50
83 43
84 9
85 95
86 86
87 26
88 35
89 7
90 36
91 91
92 60
93 69
94 53
95 68
96 16
97 55
98 39
99 44
100 19
101 60
102 25
103 57
104 69
105 91
106 58
107 72
108 37
109 47
110 8
111 76
112 77
113 93
114 28
115 62
116 48
117 27
118 9
119 3
120 55
121 96
122 31
123 30
124 16
125 73
126 54
127 5
128 89
129 39
130 93
131 26
132 40
133 88
134 14
135 67
136 12
137 2
138 52
139 94
140 98
141 9
142 2
143 61
144 97
145 10
146 14
147 35
148 35
149 37
150 45
151 89
152 48
153 75
154 93
155 53
156 4
157 59
158 80
159 58
160 37
161 81
162 70
163 86
164 43
165 45
166 56
167 53
168 55
169 64
170 9
171 81
172 18
173 54
174 55
175 76
176 30
177 81
178 56
179 22
180 90
181 2
182 90
183 18
184 57
185 12
186 40
187 79
188 68
189 57
190 28
191 6
192 21
193 8
194 73
195 99
196 54
197 64
198 54
199 55
200 40
201 66
202 75
203 100
204 54
205 82
206 86
207 92
208 19
209 80
210 50
211 90
212 72
213 42
214 47
215 14
216 45
217 10
218 85
219 52
220 15
221 11
222 32
223 25
224 31
225 80
226 75
227 33
228 62
229 5
230 97
231 84
232 63
233 3
234 21
235 25
236 34
237 47
238 79
239 43
240 98
241 28
242 55
243 49
244 89
245 41
246 26
247 6
248 69
249 41
250 17
251 100
252 2
253 14
254 95
255 52
256 84
257 49
258 42
259 84
260 51
261 21
262 51
263 88
264 85
265 41
266 93
267 20
268 30
269 7
270 88
271 51
272 37
273 45
274 87
275 87
276 69
277 11
278 35
279 20
280 30
281 94
282 6
