0 3
1 55
2 44
3 49
4 8
5 1
6 26
7 26
8 45
9 23
10 15
11 36
12 13
13 50
14 13
15 19
16 24
17 3
18 23
19 25
20 27
21 58
22 6
23 7
24 53
25 51
26 15
27 43
28 8
29 35
30 37
31 54
32 2
33 15
34 56
35 9
36 2
37 27
38 55
39 24
40 8
41 54
42 46
43 53
44 60
45 49
46 11
47 37
48 20
49 20
50 16
51 33
52 48
53 20
54 32
55 47
56 17
57 7
58 38
59 32
60 30
61 20
62 38
63 44
64 49
65 38
66 41
67 60
68 33
69 8
70 36
71 44
72 13
73 5
74 22
75 37
76 22
77 10
78 9
79 58
80 27
81 59
82 23
83 4
84 7
85 57
86 38
87 48
88 32
89 13
90 42
91 24
92 10
93 51
94 1
95 52
96 50
97 55
98 3
99 5
100 55
101 47
102 26
103 36
104 45
105 22
106 50
107 57
108 58
109 10
110 20
111 59
112 5
113 47
114 37
115 50
116 45
117 60
118 3
119 7
120 4
121 38
122 22
123 16
124 36
125 51
126 42
127 9
128 29
129 41
130 51
131 14
132 6
133 52
134 7
135 39
136 19
137 10
138 44
139 59
140 49
141 44
142 48
143 25
144 52
145 29
146 20
147 59
148 45
149 27
150 59
151 49
152 46
153 32
154 40
155 16
156 42
157 47
158 19
159 47
160 33
161 21
162 10
163 33
164 29
165 16
166 37
167 20
168 38
169 7
170 25
171 27
172 55
173 58
174 10
175 5
176 34
177 25
178 26
179 47
180 51
181 4
182 8
183 49
184 27
185 40
186 36
187 19
188 40
189 26
190 17
191 39
192 22
193 20
194 49
195 18
196 58
197 17
198 6
199 12
200 34
201 10
202 43
203 18
204 39
205 23
206 44
207 60
208 60
209 26
210 14
211 3
212 15
213 26
214 49
215 38
216 35
217 28
218 17
219 58
220 28
221 37
222 57
223 14
224 44
225 17
226 20
227 12
228 34
229 40
230 4
231 24
232 57
233 54
234 41
235 8
236 8
237 56
238 51
239 20
240 59
241 3
242 32
243 60
244 28
245 9
246 48
247 56
248 3
249 15
250 42
251 53
252 14
253 59
254 49
255 40
256 12
257 31
258 57
259 36
260 59
261 40
262 22
263 33
