0 34
1 19
2 72
3 112
4 58
5 21
6 86
7 76
8 28
9 98
10 36
11 4
12 38
13 9
14 100
15 62
16 24
17 97
18 80
19 43
20 24
21 120
22 92
23 103
24 75
25 6
26 32
27 101
28 33
29 119
30 50
31 81
32 114
33 28
34 25
35 90
36 116
37 80
38 18
39 26
40 13
41 77
42 12
43 20
44 76
45 84
46 99
47 21
48 118
49 64
50 14
51 34
52 50
53 54
54 28
55 24
56 66
57 120
58 80
59 46
60 72
61 76
62 29
63 49
64 103
65 2
66 105
67 99
68 42
69 95
70 1
71 50
72 89
73 94
74 23
75 77
76 24
77 82
78 62
79 4
80 22
81 21
82 1
83 107
84 115
85 60
86 79
87 48
88 45
89 6
90 84
91 101
92 71
93 50
94 51
95 85
96 65
97 1
98 19
99 87
100 100
101 105
102 2
103 16
104 99
105 85
106 120
107 117
108 70
109 75
110 65
111 6
112 4
113 15
114 21
115 3
116 27
117 97
118 117
119 84
120 98
121 108
122 57
123 18
124 16
125 39
126 75
127 59
128 80
129 50
130 1
131 109
132 1
133 111
134 77
135 64
136 66
137 83
138 39
139 91
140 108
141 101
142 76
143 120
144 73
145 56
146 81
147 60
148 67
149 6
150 52
151 12
152 79
153 71
154 67
155 1
156 73
157 115
158 16
159 50
160 84
161 106
162 93
163 55
164 2
165 100
166 71
167 43
168 8
169 2
170 79
171 9
172 69
173 100
174 84
175 89
176 50
177 23
178 63
179 111
180 30
181 116
182 35
183 101
184 67
185 24
186 87
187 102
188 97
189 89
190 4
191 120
192 73
193 6
194 65
195 83
196 98
197 68
198 61
199 11
200 97
201 42
202 95
203 85
204 105
205 25
206 12
207 68
208 17
209 19
210 104
211 35
212 5
213 5
214 38
215 6
216 64
217 28
218 62
219 32
220 22
221 8
222 22
223 111
224 103
225 1
226 111
227 77
228 71
229 43
230 93
231 8
232 24
233 54
234 60
235 8
236 38
237 5
238 1
239 77
240 27
241 44
242 86
243 49
244 43
245 99
246 113
247 99
248 15
249 60
250 22
251 36
252 55
253 94
254 88
255 111
256 83
257 84
258 46
259 66
260 23
261 2
262 86
263 80
264 107
265 44
266 96
267 61
268 97
269 68
270 65
271 109
272 52
273 34
274 98
275 15
276 65
277 114
278 19
279 86
280 54
281 60
